-0.045973458549182666
-0.048005576472007205
-0.034616117803804025
-0.036557721685711586
-0.05560506253945641
-0.07898464641936509
-0.05380504885902215
-0.03281529939824335
-0.045182431347447816
-0.04469692131598113
-0.09079974878793295
-0.11014616846721215
-0.1157413925201114
-0.10037267648604653
-0.035072816836354104
-0.024432908085323946
-0.08318062873177479
-0.07708229674397948
-0.11392278967035396
-0.13507252872365128
-0.1218919412233529
-0.10602520842223362
-0.042165857133310225
-0.07130606637024028
-0.03967808996401767
0.019328497824292912
0.004609559483132797
-0.002472421922436685
-0.013705209869743773
-0.02201519976452726
-0.0565729839564596
-0.028276888011933066
0.03390894198282979
0.07563596502263858
0.06888565751435216
0.07558549836402251
0.10121432847513456
0.1327448768623145
0.17850814350079625
0.2040819880960314
0.19215198207013295
0.2585659930315083
0.26080257702331267
0.196174716969856
0.2445608623700053
0.2585868997269831
0.23602835187487914
0.2347791972091744
0.23960262494963636
0.21630743767670602
0.2290172662592549
0.21777162020920482
0.22236412892005797
0.25430864674777265
0.2590287637704849
0.29483311089545583
0.28158158403946576
0.2576519979723939
0.23957155583173106
0.24424949198969537
0.2576282768068541
0.23967812128094224
0.2851797281817203
0.29906692003902813
0.2805607808267987
0.3593427175720316
0.38123007805990605
0.3847300824194413
0.37809933990224276
0.3275140630299369
0.35802007619962906
0.37076607356499025
0.42845939158874935
0.473919015474473
0.43067925248573324
0.4078202264636146
0.4125518752061452
0.40909352201496385
0.38736952760140175
0.3795759940154628
0.3976326191492281
0.38948755509597666
0.4410411554252178
0.43542105446654533
0.41637579329191254
0.42113952944116173
0.42382039650762104
0.41616312748057993
0.43305455891046796
0.39167209088667976
0.3660097371780391
0.4020747979218482
0.3820716834848812
0.3489000237335662
0.3610702793854672
0.33895516552948957
0.3105614596145314
0.26909002885518296
0.23661908036217127
0.23441430232063531
0.24216568388642878
0.1977553972817907
0.2073921662434426
0.23042102839414325
0.21060460866293096
0.2139941623641548
0.23398255527419165
0.28112850142417356
0.24877045610053217
0.23144526172603763
0.2392604841425403
0.2486329378862624
0.20153442204335348
0.17497558791095713
0.1766121634282629
0.215192913146931
0.24736320672895218
0.2914317578926884
0.3052216821958249
0.32075547294565676
0.32898889493961336
0.2995830713547296
0.3029443997727128
0.2602623930454213
0.2692509490506261
0.25186717383679924
0.23586396579698676
0.27299185942812176
0.25244970088432095
0.25730939877393477
0.24430061111945856
0.27033610782078044
0.27801741711420336
0.2559017196867168
0.23666564476267649
0.23344601231328999
0.18908047552779528
0.18713663536847602
0.20136421555256456
0.18707931496430286
0.18547659587154164
0.16787567497483113
0.19672065176576403
0.1945546618435623
0.22627628834042413
0.2422960442670372
0.26163777240513375
0.28306964417288594
0.3000890446353268
0.2957742813973605
0.27471913711541496
0.2659396860145058
0.26643857687373473
0.30287917269015807
0.3366868571381123
0.3137155372692213
0.3269028433365184
0.38207733261300647
0.37732776044578586
0.3736432903561864
0.39792052655013843
0.42112887042726665
0.4526925993618296
0.4021047977392851
0.3974289971985985
0.4302365601923064
0.4549489320934659
0.48499638895233543
0.45429323680319644
0.44917126359326476
0.38546864620009424
0.3608885091085021
0.40253839355627496
0.39435961347034154
0.40746545837858883
0.46352512366164733
0.512375623392068
0.5034210219483293
0.5449113806774293
0.5647487372434654
0.5935918341772013
0.5901028048322712
0.5839177491262724
0.5366066032827403
0.551405116162796
0.5946000576794821
0.5736434160135095
0.5886890893940393
0.5571679658266508
0.5583330216936673
0.5567590142062733
0.584459911642226
0.5833371750124321
0.5908042705261045
0.6199591997925009
0.6396026936004002
0.6397588212539915
0.6337680165362234
0.6418868576254049
0.6166918506713257
0.5926480194771495
0.5581307608358448
0.5085189907949232
0.5339547041274451
0.5266786940508383
0.49625116649592393
0.474325939434616
0.480117520750176
0.5286489560242242
0.5541824353052807
0.5836812656146526
0.5978694810934735
0.6111583873063546
0.6435761934565418
0.6091817701766409
0.6009421283795398
0.5300404060349762
0.5022783448336892
0.510950301136049
0.493712288759635
0.47917533809504187
0.48372255424505695
0.49471829709194726
0.46717838898265085
0.4739554480185091
0.493070149922632
0.4715156980189996
0.5228128533212302
0.5197176467587885
0.4919733470025347
0.4572093255058418
0.48673052089023594
0.4587727658926293
0.4667300053254413
0.3940855072593259
0.3744886940026473
0.4235738213089131
0.4169717039874037
0.4218668773539547
0.3934205354416034
0.3838661969066821
0.41281261570804273
0.43494107241596347
0.4163748305059103
0.3635048000503158
0.33139012700839054
0.3350242184831165
0.37788174122890394
0.42090123332339857
0.435208008873299
0.426614132310291
0.453177640107284
0.4617607508634205
0.44553812896497025
0.45498230466086254
0.4371790608302124
0.3926735011585534
0.3707105157134565
0.36592857441425086
0.3644517391495128
0.35685281125961255
0.34767510204180985
0.30480865666261114
0.29936895908796113
0.28262431128585863
0.2736537774289425
0.2403633123862139
0.21150664149064502
0.2197037868734213
0.19198255085688176
0.21909659666321257
0.19285103169133966
0.1923237648501681
0.22217898243644796
0.15433903733450705
0.13373479086322582
0.14784763245927723
0.14738049776167195
0.18879987298005152
0.23223546612955004
0.22781212178466825
0.20686458306372835
0.252170402877562
0.2221466297688961
0.18077826741047254
0.17730811949676717
0.11908802412576791
0.1280805561817202
0.1392725405520605
0.16068767591288324
0.1352115919976773
0.11937791131547026
0.10309731172669889
0.11291161356735757
0.08850464678200054
0.1247380059246026
0.14177971824165692
0.15624264466943583
0.13420175146580937
0.1199600210588243
0.10091124883453473
0.10521546885508459
0.10051215714765216
0.10478981574229618
0.14130562191827423
0.15026609068736207
0.1793907140001203
0.24253041225372374
0.20829794848640915
0.21698875162279285
0.24871733752391445
0.21802262308100917
0.20079091786348036
0.2553848575697535
0.24897188795430303
0.23797279962589513
0.23197455405485967
0.1640221524665384
0.14647978307066611
0.16537204173968
0.24006285928332516
0.28362627552215125
0.3407618108882797
0.3622610264877799
0.3097079857766165
0.32822089129629783
0.29799976045406873
0.3118680621253771
0.2828849072619568
0.32206961144378954
0.33116924447066043
0.2801632092326396
0.23837366192684883
0.22837833002149277
0.2480674444084061
0.24493281476437767
0.2507708180488102
0.30425327561339977
0.33677123675669174
0.3647612762736967
0.3383271692896046
0.3105717421839578
0.3401847001729641
0.3433695083338877
0.26269327800512166
0.2485655824094719
0.20335859070737294
0.27034973105691584
0.2688505420463265
0.3146114602919321
0.34442787415621434
0.2833553781766769
0.25482104992984844
0.2411485225286043
0.23615859698378672
0.22712240080811896
0.27366170891085795
0.2624334969422266
0.2734060015476052
0.31354305590518416
0.3759190614501453
0.38139081083944215
0.3425385728329433
0.32500250433389266
0.2845559702334717
0.27618187302253316
0.31796378210728937
0.28101177926985366
0.26674565440437825
0.2802619374355402
0.24681857184263434
0.22488603644605432
0.27391442749867734
0.2703925179797466
0.27943912281801886
0.3207182082675255
0.2682819804704466
0.2818019844460373
0.3197383880514142
0.3553621278548995
0.3535909330663751
0.35543967902445983
0.33676284911758203
0.3593655735493084
0.34009503726625434
0.3218242936249518
0.2968023902291441
0.2567436114104835
0.21675224227921386
0.1477849931827213
0.15373836385177375
0.10397787201827868
0.08758302545475738
0.11045896839184266
0.092670730290489
0.06415032286487854
0.04025135907751176
0.06279923040508151
0.09054336521420137
0.10658290920309588
0.08120500550442222
0.04998716986234686
0.007768026492805946
-0.032517600233795796
-0.018028465831597118
-0.009721435140165102
0.004495750054495984
0.03621440168034584
0.006724548862090618
-0.008376126447145693
0.04108584726590214
0.06381675704714818
0.05908382227876152
0.046983482874582094
0.016529222422984935
0.0033725087292062472
0.021299836229313973
0.021594325408297976
0.013786721550338
0.015274008584315268
0.024321436675368124
0.028376582374885606
0.025662931580793247
0.03984962786989521
0.05784069901484257
0.018212805442024083
-0.031541217541116384
-0.09204214843651526
-0.1282946842768491
-0.16099552415528384
-0.18712415323538023
-0.19044689444323226
-0.18479236251058628
-0.16325970880486995
-0.15231765644923745
-0.08973507422077232
-0.06371978764207609
-0.08186753906933097
-0.10816701305418863
-0.12754881528322826
-0.11469167708214745
-0.13419661139074213
-0.13926423794205423
-0.18057412300051012
-0.2530665138928888
-0.2671643302006066
-0.30823343037386386
-0.29915513840391184
-0.23455166237723035
-0.22282548390980206
-0.23168378258588562
-0.2101806774419116
-0.1788931846539581
-0.2223155867436053
-0.1946406681319911
-0.16283430066673588
-0.14971428347051263
-0.14332775434076006
-0.13516165163277993
-0.14190529134471297
-0.13015109828407967
-0.06507825831791603
-0.019458513833303215
-0.06319920953926361
-0.04109136554984549
0.025758330917754924
0.07545409422615545
0.08405034630291275
0.07558080657201383
0.06468395194094989
0.03194162153604574
0.035200087536396696
0.05170488434270171
0.05172348160886853
0.0042027173362781944
-0.05746324133083702
-0.09095635902992283
-0.08457558921218933
-0.060008254213752
-0.06437863797545296
-0.08547017964634507
-0.13108641933785792
-0.13352044335964286
-0.17867247442469913
-0.23116481400540978
-0.21975568609135843
-0.198543314520098
-0.1952986843299157
-0.22646700722767776
-0.24131199739152132
-0.2641781415334924
-0.25482021010684186
-0.25161870428964495
-0.30305333968654014
-0.3360313911791467
-0.3537532127287113
-0.40699327472985647
-0.3805665744602641
-0.4026495873118463
-0.4160449148992751
-0.4066888847301704
-0.4078371837196252
-0.4330216660182986
-0.43962902556086936
-0.46055861321538216
-0.48267986519894857
-0.5083722795487013
-0.5193963210924424
-0.49662469512655893
-0.5436694173120848
-0.5233491271702322
-0.540142110225655
-0.5247508147860003
-0.485321309293523
-0.4667733404401936
-0.46172007448348906
-0.47803413513448023
-0.5495208053489327
-0.5924795462182515
-0.5709302744347629
-0.4943776332981412
-0.46241067194145125
-0.4534320135652935
-0.4664537810644587
-0.5110944254267844
-0.5125075380283088
-0.5478735790625279
-0.5161082996128046
-0.5656768899276021
-0.5593305169006427
-0.5614732399046839
-0.48213550082585255
-0.45751293562198925
-0.4960487260322112
-0.4512188029280174
-0.4177891163968531
-0.40973129628510874
-0.4060721709058005
-0.3624094231973908
-0.33476737559676994
-0.3167325726135748
-0.3405323189669748
-0.40087157104620985
-0.4347755821420187
-0.46222368513740075
-0.41069464111266274
-0.3775865472119678
-0.3266377725293719
-0.3709796818182495
-0.35277070951786915
-0.27559594211816163
-0.28083534072207406
-0.2555721860217153
-0.24865412233182316
-0.28195325179100095
-0.3538587103934264
-0.35371072956068983
-0.3440916360872568
-0.32410572110062685
-0.3190403630006293
-0.348916547214277
-0.3399069003849985
-0.3350790081435643
-0.2818232669505477
-0.2803609286978127
-0.263390552007851
-0.2861795398878343
-0.31055522588610474
-0.29347077077471106
-0.24174275345236163
-0.2654457671489552
-0.32709489616652265
-0.33570218843675415
-0.3156749431610565
-0.2657503929757232
-0.22216589277858956
-0.2480515110742737
-0.2672271943897936
-0.2350253206854369
-0.19240355640378726
-0.28386231310876087
-0.3310939376113142
-0.32707680802435524
-0.21841304492316582
-0.19459202503018336
-0.2057765459394182
-0.26348780092777613
-0.243973003480074
-0.2362209797175886
-0.2169320042195927
-0.2422150056947613
-0.226292072208376
-0.26886995505044253
-0.2841634644274246
-0.2941396250646088
-0.30244691563540504
-0.3049057010197552
-0.283263176822413
-0.3201528414916036
-0.3021700358616982
-0.291303571407993
-0.32162783791908334
-0.317331352007192
-0.36701234525313386
-0.45870115796685684
-0.4780645073281531
-0.5008466045302302
-0.541317252336311
-0.5344901174268146
-0.5170643679558733
-0.5105233923867785
-0.5316151692526347
-0.4948618565864752
-0.5326481393621958
-0.5353725415086463
-0.5288459440838313
-0.5265746627217729
-0.5717327210469263
-0.5745958370828161
-0.570215081238622
-0.5434254992156093
-0.5199709342038334
-0.46639176935563675
-0.4835745669944046
-0.5237750189681231
-0.5237942545652905
-0.5030295535512788
-0.4794024754171373
-0.4296722020402287
-0.38603640414568596
-0.4379276819902239
-0.40648485561685466
-0.39990897270239234
-0.3579422572418274
-0.37025662920583813
-0.4083564400572878
-0.39336009372822534
-0.3889269254752342
-0.4054233874526685
-0.37612997185522457
-0.37163550649561083
-0.3818785323315147
-0.32354576662755874
-0.3016200154003873
-0.3050336732398996
-0.34303519682021855
-0.34176725024771937
-0.3058070328239003
-0.24805859439333577
-0.216594382159503
-0.19882133755522047
-0.19304572617775673
-0.19245932912109343
-0.2468877581130169
-0.221276070837212
-0.1904948356757863
-0.23159986076870243
-0.3087654762620222
-0.316465094443348
-0.29930919548622226
-0.2715039766682147
-0.3238311909398809
-0.31402295506407596
-0.2711871864509168
-0.2459367758632378
-0.24359493678193056
-0.24783639790044032
-0.2794677093668918
-0.2772940802674294
-0.29482570261134033
-0.35368405342726716
-0.37740412455744154
-0.3672605648887095
-0.35358610755202535
-0.33288501828473105
-0.33306307905020227
-0.3529280685841847
-0.3007366920584904
-0.31120365827709895
-0.35073178528741744
-0.3790751363380398
-0.38273665486058583
-0.36068840695980264
-0.33150374034895547
-0.3096709301994496
-0.31058739734091556
-0.3165932358670931
-0.26704265039508135
-0.2620638893148791
-0.24252633773485566
-0.30378274850777587
-0.30915728621407523
-0.3338351507702505
-0.3195665159106076
-0.34334864965321166
-0.37472118591648795
-0.3595410533240485
-0.34309959731575357
-0.31069937192043706
-0.36621702663216305
-0.37895248798493875
-0.35147438411196563
-0.36736416356495116
-0.35663382323768555
-0.406570086224753
-0.44505866673561856
-0.44379983606085505
-0.44570538818902894
-0.4512568529868015
-0.4132956987473272
-0.3986412801733392
-0.36476681474436357
-0.3520485066685072
-0.3362319382959974
-0.3550947587312603
-0.35071371483917724
-0.3781165980214749
-0.4232323283367947
-0.35021552440239
-0.3534843581529369
-0.2953899940028544
-0.26567929027877224
-0.2841053376893291
-0.2765650147780333
-0.2487497047147641
-0.2813160347895103
-0.34354511334328086
-0.3846313357199884
-0.41851952009098703
-0.3919715178814409
-0.32738433125812894
-0.357528221179348
-0.35543316044034523
-0.3666102638367834
-0.4044430985932793
-0.4183883287869199
-0.4361640929766628
-0.4189422677777387
-0.39601388587017305
-0.43961770081991314
-0.40341645650109537
-0.4045248826072092
-0.4012347390746922
-0.34885729962133427
-0.38436709383404966
-0.41795541272004566
-0.4186324248174468
-0.4453831550872803
-0.4592690314394272
-0.4699101349152821
-0.437615618231192
-0.4298791797874991
-0.4189206638982055
-0.45745020992196195
-0.4765332851618246
-0.47208930007146
-0.5152486753626719
-0.5344615544617503
-0.5240902511169654
-0.5283477695078397
-0.5408207603540616
-0.5203053514851976
-0.5460479824786133
-0.4969814469528919
-0.4966508035797499
-0.4523412133589416
-0.417793566823373
-0.39210323886349996
-0.39091293948043704
-0.36111135574635334
-0.3853767437885647
-0.4014885388762669
-0.3944745313034391
-0.44048185664996464
-0.4114582840331793
-0.3867829521885444
-0.40526002933506167
-0.3915021759895988
-0.32461880144545097
-0.3682173302001407
-0.32894671285825006
-0.32773843711005046
-0.3274528495264222
-0.36524549799340056
-0.4054560807408224
-0.401823870650295
-0.40149769706358507
-0.3931590503450786
-0.4120667245796851
-0.4434007666174711
-0.441354892918005
-0.4206412039674513
-0.40784742457098855
-0.46073716214789695
-0.4124336229760238
-0.4148082396717617
-0.3868343682419929
-0.36116693408750256
-0.35744880355651665
-0.289464063330684
-0.2787660111738731
-0.3223652438322362
-0.3689651890510064
-0.3281961173316532
-0.30374947356573845
-0.3963142881449304
-0.46061190583939116
-0.4939326555038105
-0.524889700853896
-0.555006295580827
-0.5789023743141284
-0.6163327952968336
-0.6131661624559643
-0.610408010905769
-0.5942293927633517
-0.6293724574702029
-0.6380411600611934
-0.6274844838594563
-0.6382253893061427
-0.6579774462545085
-0.602280432729402
-0.5870682488010885
-0.6170781992199914
-0.5798745220903261
-0.5246503067615157
-0.5619494354758735
-0.5139739356576063
-0.4898153250375238
-0.49436570290177406
-0.5062436745366844
-0.5055347488251885
-0.5158812139162126
-0.5460754293707015
-0.5136842920384166
-0.5259838063897513
-0.548003275047844
-0.5745839786335881
-0.5886128506289634
-0.5554672445005975
-0.5751385494977763
-0.571663230265973
-0.5033982943197886
-0.4625627752476408
-0.44799498109260916
-0.49035099232660917
-0.47509143266542864
-0.41291683712130445
-0.38662664629743226
-0.32832459627590715
-0.2979845239298756
-0.3160708560818426
-0.28359003427327034
-0.2768301445787611
-0.2854365903618473
-0.289929104551062
-0.30770976326299526
-0.30347613638574733
-0.33529900450373806
-0.2919196970642618
-0.24581616398779693
-0.2262209881345716
-0.27313307372401874
-0.2579324914134069
-0.26516357768075716
-0.29962510508656304
-0.28762477254623264
-0.29019314691703946
-0.27319905879356343
-0.2757962722295497
-0.24875376244836422
-0.236526213627406
-0.2491656199354939
-0.23287950299581484
-0.22499439219919537
-0.2428657751993104
-0.23615417510402825
-0.23227758354406003
-0.23804797678749046
-0.27486990403799694
-0.2592286389290662
-0.27553714654144923
-0.2259404120071935
-0.2074343799842402
-0.21695420356585637
-0.19827548789239646
-0.1755312290619031
-0.16695256780782752
-0.15612600726119708
-0.08606579057326447
-0.057383018013783205
-0.06918472515460361
-0.09188126951245501
-0.09725165700109795
-0.11600372410502124
-0.15317155941455907
-0.1820181424014805
-0.16143344970123097
-0.1484763701237809
-0.12240396718956026
-0.08115747958432584
-0.08511847692450392
-0.0936057888874442
-0.10729402085905904
-0.11164939108163163
-0.11128351426326544
-0.14978605150261282
-0.18232742521933865
-0.19283759582554472
-0.16971852245201702
-0.23320281968371614
-0.28578641362331714
-0.28035651470895884
-0.2612834882950382
-0.25712057928700616
-0.2780035544586572
-0.28228862892670603
-0.2689393517433164
-0.2554186805778994
-0.24131256673111967
-0.26102114842204116
-0.3013505703450453
-0.3031255946515161
-0.2929961969299948
-0.2578636621074759
-0.26084133820063904
-0.25187762764430366
-0.22008217949105735
-0.21645216693545077
-0.2120816381134102
-0.20814700420975663
-0.18532074076767602
-0.13758945986592552
-0.15236722003555592
-0.16737500269960293
-0.15728671915888182
-0.1898191623311799
-0.24461116102046765
-0.26943624748417017
-0.338666102775497
-0.3110569054451904
-0.2922235328823296
-0.24883440310342475
-0.2360455310852959
-0.21649619431040956
-0.20068220145760007
-0.17358440334688996
-0.14842201104279917
-0.13001565697499395
-0.11923212596632504
-0.14012196982932779
-0.14799237760383444
-0.12338336061462918
-0.16472385484777374
-0.17815608373977743
-0.1757310197394718
-0.1762578738240822
-0.2223095164792479
-0.17254278617324104
-0.1670240975396774
-0.2117639856781557
-0.22224578315150423
-0.18206500396445813
-0.13680546288244888
-0.15165965680304805
-0.1260543885241605
-0.08674572644703005
-0.09944909524685674
-0.09324754290850701
-0.13736432991880776
-0.13315348926765203
-0.1325857458069586
-0.1205551324389339
-0.09450704801104826
-0.09640253601581028
-0.08462047343919876
-0.0908969782485386
-0.07815446686110072
-0.043154558354386086
-0.01562106207525149
0.01630810284614803
0.010162746604969408
-0.06756611493109643
-0.11488743983349481
-0.09673154317386568
-0.07501655311604105
-0.08967105116663743
-0.08073337151574445
-0.10775473641223365
-0.10672497350631127
-0.13089137019041874
-0.16048083983368855
-0.16841457591661002
-0.21054979324103984
-0.22893132441393715
-0.2128160073565143
-0.1661156858746039
-0.16262080582592453
-0.1689844514382598
-0.20402508655842777
-0.23950784724905982
-0.20525163040393457
-0.2364472101220918
-0.23176174340804712
-0.22543300697864266
-0.21601410690838097
-0.21749783833162906
-0.1319753575169187
-0.05089343510351396
-0.10731984042152698
-0.1182021208891959
-0.11015586585993542
-0.12792742406581814
-0.15702786528711132
-0.17016763378589073
-0.12687624178230672
-0.10114053972969095
-0.08760847093906654
-0.12579796289946898
-0.15437545074300418
-0.2050370637160679
-0.16032697229722292
-0.16099227862367227
-0.17906620864845568
-0.1934144746737615
-0.19928277629495805
-0.17158049222481842
-0.16075947349063469
-0.21485574016409703
-0.25783099605620374
-0.2355360303818056
-0.2164749301097787
-0.2303071627471186
-0.2331353834357609
-0.21272239496453682
-0.14250264781276156
-0.12964969992070097
-0.14146560060151891
-0.1310794962178975
-0.13812273161330568
-0.15780147610561757
-0.16363232469439903
-0.15341828346515762
-0.14871456525419724
-0.18346472030050132
-0.16596531821307337
-0.17630509869098043
-0.15109642497750486
-0.1613436212397873
-0.17039193362433525
-0.18194579785518672
-0.1611704872428894
-0.16297256378655756
-0.18792228239459186
-0.21698377824648418
-0.17696273929241757
-0.1975621171780565
-0.2084899312445656
-0.25895953425340845
-0.2673808841224292
-0.28196362600027103
-0.3259871988928794
-0.3372586301026147
-0.36458336891892706
-0.3577267652419611
-0.326064541341907
-0.29951879294367023
-0.287537444858885
-0.32013128045950956
-0.3678371012122158
-0.4163358668542949
-0.42131836960490576
-0.3803727047157833
-0.3897627373688506
-0.37134863328043877
-0.3986915368702195
-0.3668498077545408
-0.38108084176291834
-0.3901262750238932
-0.39536775058096274
-0.3791533172122007
-0.3641697869431888
-0.3895515451217808
-0.37058552639658715
-0.39093755834980226
-0.4182866629726367
-0.39622315176865486
-0.33077129006811046
-0.29153414042581016
-0.2502900229726692
-0.26668269361127206
-0.24938568137922246
-0.28062607763962066
-0.2945174682329019
-0.24636570810777836
-0.25984022635578974
-0.2910202930264786
-0.2808824185277997
-0.25766505975566034
-0.2510274208165234
-0.2727337010573887
-0.2370211945557582
-0.18725082565656537
-0.16330634396477783
-0.15962173803323954
-0.18514566994161785
-0.17506479598208102
-0.1800425853667057
-0.13995641040769002
-0.14442976964961718
-0.10781361500250386
-0.10372554745695273
-0.09325407992506018
-0.09888530487571467
-0.14685221958802452
-0.13372311750797994
-0.10017949634511802
-0.06221482548719737
-0.0703773484157626
-0.06921785811057801
-0.08509256907797325
-0.07356334463882974
-0.04341516724905503
-0.10826174921771148
-0.07851660161599527
-0.0796612574026907
-0.09861084533869724
-0.09320433918432824
-0.08149007456556889
-0.10067168269730176
-0.027155011758218883
-0.004065619583017432
-0.04810405936603379
-0.03741365714719325
-0.037023970430144826
-0.022941195952434712
0.005271977737923761
-0.029169594669677723
0.0023260741546753394
0.054253141433354246
0.10182453407995662
0.11305113234871844
0.08564831753318103
0.062159123389584625
0.06512647109635972
0.06558584116404731
0.04687025348800744
0.0004769550528835875
-0.010343306285958032
0.01825416844001637
0.019039578062242768
0.015670385700142342
0.06252386811273514
0.05619694812023468
0.04577722841707277
0.059041778306444526
0.07245756865163289
0.09866991106919154
0.10672094489234074
0.11041057097983753
0.12914101842986958
0.13436040263025895
0.12953069284784569
0.14640828074808532
0.16703918023402053
0.10221593279306629
0.0546690356578039
0.035680914524007346
0.030802387571046363
0.08672176840664414
0.1208695688530097
0.1412962001996041
0.15083620492771743
0.16686536835979493
0.1541811438221643
0.18760970991457881
0.17759312057370225
0.13857021043298734
0.16649648090056068
0.21914770035152853
0.24455266718669044
0.26747444262380493
0.274414120524356
0.27032586572860273
0.3214095320322712
0.3159518950293416
0.2743299210122594
0.29699250019040946
0.25796513036982294
0.2177977487278564
0.21192663335147177
0.2053257200001546
0.20512995502237974
0.205877737301295
0.21706747417617978
0.20387156009306584
0.17109444663908224
0.20307454635337985
0.21133469584205522
0.16512454636109708
0.14124773678032443
0.15293287357726304
0.13374611758487887
0.09811340719679595
0.05388363890729653
0.06114765595510763
0.0749776374840263
0.07850002745206353
0.10419512037360157
0.10556135138523604
0.1257005529474584
0.11577962602629777
0.10846456851002606
0.11611635245012408
0.0980844141629087
0.09169747992502275
0.10588763506650456
0.08563963849657164
0.10320088620811774
0.07603851529233396
0.030651583043701747
0.02902427534068952
-0.004713892451800761
0.028266444520393286
-0.0027706443325827834
-0.006205956956119363
0.0013355066689082484
0.028123273786006653
0.03990333117560829
0.033733604587343535
0.055420012262533236
0.11112166793016809
0.1538520115502433
0.1222789112082987
0.09723752904950445
0.09421794794523897
0.17188733058491978
0.16795885921811826
0.15775472413693326
0.2144621650167884
0.2048385377604227
0.19435413579380523
0.17526883358624756
0.20352285601200326
0.18846007018947963
0.2021402341987939
0.2399389034808923
0.2756605531230836
0.2852470455369944
0.2888004956091772
0.2682389767044937
0.31729680302967633
0.27819310622007776
0.24894049644746752
0.25919735001531263
0.24446024824764856
0.17938421102721214
0.1312090668585466
0.16051110060984453
0.1812281609491777
0.20622482044852775
0.20742930521165226
0.2245917252089793
0.25751402166998316
0.25406751718609
0.24429429198107355
0.2030530966304398
0.2069178267684071
0.21387382675325806
0.19855011867916406
0.1809158626150622
0.1607414055533798
0.1598594996693179
0.18025698674599222
0.16165809913923823
0.17080614681709338
0.19129885322960827
0.207430176096433
0.20033900803295723
0.23700474084867929
0.2372284717312001
0.21506844101483158
0.23009829849197083
0.26151183099690334
0.26589585591498155
0.27646759153319866
0.2840927009932388
0.28885465337232175
0.2735126654590623
0.2859424889965376
0.27171944900436507
0.24209404470981144
0.2593518304379334
0.2520130063681143
0.24099686751589866
0.25167686029824865
0.24563486980341098
0.23052789833954446
0.2107267934261836
0.25254636833354605
0.2592561301779419
0.2666488564868752
0.312067089957224
0.3223519856339203
0.33380967740358347
0.37563730145430196
0.38689481523536084
0.39508760207067883
0.3607559498471471
0.40719545997674245
0.43504333354847047
0.43816961822914124
0.42720766771802055
0.39208359110364843
0.321512584263858
0.3159802519503421
0.36935158804559576
0.39083780390710854
0.437202469606526
0.4797978374231169
0.4788133729325741
0.4629625380772733
0.4612975482772659
0.42740999860882645
0.42974611450327016
0.4294428378666997
0.44359480116380645
0.4915865766977201
0.45319587281411255
0.35559688564778646
0.33977776760982903
0.29394420425004
0.28761958846643143
0.33018673300834545
0.3390272760594659
0.3298547124755635
0.3147927868778413
0.24175405853625542
0.255563651926902
0.26833279616199146
0.22405029504010643
0.21168835896530624
0.16155189832997818
0.21002772669264558
0.26527911213042543
0.21271055861763677
0.21907553156513182
0.2170617530915906
0.23919332318825126
0.19742723404786
0.19949977646867056
0.20537300225212873
0.18934435737904987
0.1561383938576193
0.14828812658783552
0.12635128392129968
0.15505949406699027
0.17574569948812524
0.20341241305692925
0.2615541111998616
0.26218802750616343
0.28981415634963836
0.31096793195804406
0.3228507749348992
0.32333302977794487
0.2853882637235705
0.28616480534378863
0.2793065587551784
0.2703391653372893
0.29580259104922035
0.29581866653358446
0.34740947960143664
0.37585306239392313
0.4128605596027264
0.4421182770476937
0.49450853869852196
0.5069369352768458
0.5025260652666972
0.5057272844723926
0.48614247740219874
0.46674545696897773
0.41995152650087997
0.4196818332789378
0.4501654883765167
0.4645073658963166
0.49098812035195016
0.4725315438163047
0.5086100369723732
0.4964988212683372
0.5212543847075009
0.5265005836467551
0.5511080250874107
0.5749007844797984
0.5733913748281891
0.615530166955341
0.623214643464088
0.6397611284981304
0.6508074981755831
0.6279848805278296
0.6580794812890771
0.6675857364203972
0.6953863455556382
0.6736384749384461
0.7380695959648511
0.7670157030335667
0.7703767617997457
0.789763595393072
0.8055523947171987
0.7949610161228873
0.7758097390390664
0.7488573865163328
0.7544388610746708
0.7860955835144712
0.8025169749570848
0.7830588113757624
0.7616241994520294
0.7465457364488961
0.7707239036143394
0.7445564535511806
0.7592934145783365
0.7745139326125108
0.8231876514607479
0.8419104016962942
0.859385104259633
0.8636086162217269
0.8907989511398917
0.9310643239180714
0.922497976993119
0.9232684516419754
0.909995854744889
0.9430380047701379
0.934797070419447
0.9854020264867238
1.0
0.9623726704267228
0.9266912714340556
0.9297048806369141
0.90640082648179
0.9520528191266906
0.9348468131088217
0.9072213913517819
0.9179154882166105
0.8676224471720635
0.8217974007754081
0.7879696015281437
0.8016825341512903
0.779393568363735
0.7655667174764367
0.7612980342678932
0.7766898877732675
0.8036542306909897
0.8318098426254796
0.8452845790263148
0.8127545096867523
0.7844829956835122
0.8114328403000737
0.8818379376282559
0.8510870828434005
0.8083183125384816
0.8422690672941007
0.8518396841086406
0.8120081860373956
0.7824275900952922
0.7838019128096461
0.8213147519101995
0.8285864089425703
0.7706715091612164
0.7908507553955628
0.8013501246955219
0.7868857049647131
0.7832429230297024
0.7611577764044455
0.7392810672534442
0.7349841190762723
0.7394670119399505
0.7666821242769268
0.8209944218631096
0.811160942510947
0.7706733619167074
0.76763764776718
0.7545880384595047
0.7604490053875337
0.7855237052291262
0.8325104242405257
0.8523000332372204
0.8742907113116147
0.904766360836043
0.8864381409491495
0.8675276827387117
0.8919789817902837
0.8864225849742791
0.8467076588974025
0.8703493668711499
0.90103185300369
0.901289521112348
0.9037042814982921
0.930062994095685
0.9269991423516957
0.8773549524750468
0.8756560340947577
0.8666487301863668
0.8275722522855309
0.8038047767994263
0.8004891417179396
0.7910539053954657
0.8093746255176164
0.788475646122669
0.7734034938414929
0.7616407789816277
0.7408224598433848
0.7430064860168544
0.7580843628832479
0.7571640207709656
0.7514799785601622
0.7288276839375523
0.737614807014296
0.7688876056900851
0.7761812536377877
0.7872717783220535
0.7591164000354831
0.7419727797292275
0.7693690666500588
0.7229979636999491
0.7262849579944517
0.695095971560667
0.68178682690396
0.7493127597386016
0.7771429573585695
0.7917374246432016
0.8170309616313751
0.8209512355184836
0.8152533509237976
0.7609789214285929
0.789044927609124
0.7871766332810279
0.7675645210741071
0.7136450908366065
0.7350200167045626
0.7350071442592054
0.7807143799185632
0.7884641240497112
0.7486377383255909
0.7723906567375876
0.7912585266560244
0.7783979941989574
0.7555088096662352
0.7624943463115159
0.7493948097986032
0.6760131738034161
0.6411604665699981
0.6510931569959979
0.6504286031928661
0.6418806911912078
0.6212793227173863
0.6322655743071144
0.6315745170881584
0.6558920136393493
0.6907168892685964
0.6771281393551218
0.6332984124296561
0.5916692000373487
0.558381556685696
0.5731354387005869
0.5785236609248214
0.5240542895925231
0.5129216092568332
0.4761960785341226
0.48241102722734985
0.4756681568409502
0.4465691851252649
0.4470224051341649
0.45039991897357656
0.4543656412295394
0.4394888394216423
0.4245817956293194
0.4395152855341402
0.4329967178122527
0.4258570380410407
0.39825104204576833
0.35494987704974057
0.40450685972401024
0.34992737345326486
0.3642041373014142
0.4087940422773233
0.39140610654923114
0.3961670694828048
0.34551914558596586
0.31972804784679987
0.32461586619765126
0.32727166550833897
0.3715662416350465
0.4109722692054103
0.4349168379088606
0.42264572358286245
0.4094288958525254
0.349607160924587
0.3929101330174307
0.39415413344686145
0.37574239826678757
0.3419751856442752
0.29081183606728733
0.2786551187919204
0.2856294672147699
0.2994421879819438
0.28145831214096506
0.30227280109634647
0.321893004336123
0.35224786622662485
0.3589565886115289
0.38068292489466016
0.33885766770147074
0.3437397600487013
0.3526972852942416
0.36810739039160456
0.3455006301291852
0.31030427724679055
0.30367800253981314
0.32527917457735667
0.35243956288909506
0.34440536519206044
0.3379532827141587
0.3821798103618361
0.32888851395233054
0.3309867118547223
0.3177844913952139
0.3270738585978694
0.31926208933398836
0.29212222786800535
0.22612073851246683
0.20412113785953845
0.2101486784057056
0.2185875294048003
0.23215776655739084
0.2740126165389689
0.24646798941725967
0.2593897149052391
0.23435138049890236
0.20929681340782524
0.22112056646016431
0.19432696754728962
0.21834549766880262
0.21494857215108354
0.25253484863983555
0.25076708664158076
0.3071463743025007
0.3176125767314566
0.3084288676643643
0.3220928796937901
0.3285500525765699
0.38486213400923
0.4291234864423168
0.43283324559254077
0.5043332718517575
0.5209522560457143
0.5588477295333465
0.5419081823054741
0.5973260485641552
0.6229290247309622
0.6212629993415351
0.6248305120491062
0.6488882690329911
0.6324993739538207
0.639683491113652
0.6188168815664727
0.6175750786692693
0.6711700056460648
0.6995417140079712
0.7023116328097248
0.6655910086503696
0.7090745097372064
0.6863278498669338
0.7181133213693134
0.7431093929718136
0.7349726210395688
0.7052287499129821
0.6775043321084093
0.6439939827025356
0.6494415706078358
0.6796580924663
0.6587902684506877
0.6357377352443803
0.6337156632324743
0.6460057498883924
0.6455369927142112
0.6428006101142192
0.6229039778598919
0.6463986547910443
0.6151722454037902
0.6296191813987453
0.6842042290842363
0.6388480231003759
0.6340167042044949
0.615544016249512
0.6104919199466783
0.6187545000471553
0.6100186187134924
0.641437701897428
0.6488574233176341
0.6585372357517507
0.7309441273679371
0.7064530127820188
0.7044851931252782
0.6503569333087225
0.6548599863221052
0.6965070652433316
0.7197429666825277
0.6880565809203352
0.6669291512446756
0.6237564838370857
0.5997972460201533
0.6086770389525669
0.5964355294037249
0.6143727546626001
0.5997160448318715
0.6523375411154153
0.6870047840692883
0.6616130203760759
0.6933541877070208
0.6973598109446457
0.6594902090254218
0.6745238342636435
0.6876388627384005
0.719799659464329
0.693443836433395
0.7028363438397567
0.6792854123126433
0.6301385380841922
0.6668413755615412
0.6348777223288689
0.629483962657257
0.6098005225160461
0.6072762333130475
0.6387031743216047
0.6238555479533154
0.6066968311668337
0.6004840614810731
0.6561628670004331
0.5990617867601211
0.5108028904719748
0.4748573478477005
0.4562255557208925
0.4865549423333597
0.5546150277941462
0.5882154775754895
0.6231154092085764
0.6621764455617976
0.6485624978634994
0.635459457169953
0.6729565074511166
0.6670493077328945
0.7007706496041017
0.7047433324450743
0.7029774518581478
0.7258277964711803
0.7194417007760034
0.6731833359881043
0.6337944334510384
0.6360172363900363
0.6406973493645598
0.6456743234525795
0.7019115955857049
0.7038190337337578
0.6667878858233067
0.6137638525051639
0.5919355238358399
0.6096461062148939
0.604028648029288
0.5990357936409179
0.6052103986124606
0.5984963109058432
0.6594685240452651
0.6722937027441149
0.6824371537740097
0.6960128728981232
0.6910381483174626
0.6855889894689227
0.6672753154599365
0.6242225511444695
0.5763648055707176
0.5295548087691044
0.5025823800701985
0.5242315133993958
0.5329380411483575
0.5624874610358852
0.6056584791006687
0.6148196383588596
0.5962179251925555
0.5643049054043598
0.552857283392064
0.6348135003914106
0.6429721846432122
0.5810428997602464
0.5797187274829267
0.5620742434300878
0.5510130706062908
0.5869724521389403
0.5543606992870749
0.5214982332069122
0.5654471442845674
0.6078370728777949
0.5986327001050922
0.5864840537598415
0.5946229922005306
0.5813957909952252
0.6190485664378125
0.6820065020227535
0.6566721234812045
0.5878234379493008
0.5723443192681803
0.6009270433699099
0.6586698268353375
0.686895203131558
0.6891872430893065
0.7128737527264541
0.6781120571063926
0.6668885346670597
0.6649923840684135
0.6491309300685413
0.6505409875397015
0.6969642383120151
0.669861176843334
0.6735754944754222
0.664795931494879
0.6941441183956703
0.6569353902106563
0.6321724100927859
0.652721601326749
0.6668770045207697
0.6300407629806526
0.597688087038001
0.6156642005387143
0.6241351392000836
0.5869410947732931
0.5861839079910249
0.5338724606804346
0.5545907899254665
0.5807917261074673
0.5720292930231012
0.5706328934299476
0.6206701130268264
0.6224758960153733
0.6098806618988928
0.6658228853947132
0.6842933364608474
0.706594437288923
0.7140570080431778
0.6887310268599971
0.6938333477710443
0.6581475583571994
0.6720135191513987
0.6849704702129389
0.7101051228185686
0.7534640055497202
0.7961480892726565
0.791538202100331
0.8338780239649275
0.8585838557962964
0.8588818737465163
0.8782841343950418
0.9128693786600137
0.8747333919930405
0.8360589993409557
0.8257995007839576
0.8311178927124507
0.7954298755337625
0.7671817809710657
0.8100387301003273
0.8733178124537924
0.8833490340514392
0.8334134782290075
0.8304872328954409
0.8647239987550897
0.8548338608811488
0.8684604278771126
0.8909198772318885
0.9455642486416833
0.9414277301382017
0.9511342597053176
0.9139561178981201
0.8617884771983433
0.8492575881564666
0.8642058730044129
0.8381527150707706
0.8470428403662531
0.837478978040898
0.7993095392207492
0.7585137618426743
0.7926510796582185
0.7577144863101772
0.7667155841879763
0.7379432124581224
0.7539634739117478
0.7905835986308027
0.8103078106623385
0.8243943926466815
0.8186688813599894
0.7764248750268214
0.733861652749737
0.6840788489376637
0.6684325942907416
0.6124964419795642
0.5948079519047171
0.6100082806673701
0.5475663934171846
0.5259261137377091
0.4999917970619956
0.47752255076919936
0.46971617774006647
0.46419846038789525
0.4714086955258776
0.452723373486863
0.431141749001571
0.43502482452367564
0.4590573042019128
0.41961580019098776
0.426280170353712
0.41013222385989234
0.42998757687708644
0.3975887804045839
0.37956237444765284
0.3301259378318886
0.32222723166843026
0.3354613691624513
0.3698713843587882
0.3808072515275751
0.39426504094719594
0.3551767647731978
0.38198914179935395
0.42076502812157
0.3914118083158775
0.40113926311103065
0.4264287423650377
0.3721727386089666
0.37202786416740996
0.4066730849845821
0.3660874761861308
0.374062728776166
0.341587748290191
0.32736311358516823
0.2626831742373441
0.25531269928061007
0.2850825331564726
0.2533100633420007
0.22685258582994816
0.2750074964131508
0.2688087778303492
0.24726718972017858
0.2975050592448254
0.26783152368554064
0.28997318720770937
0.3261272993161144
0.27981057266581
0.2800969001790361
0.27804548334701473
0.2427017429329421
0.18363115283361187
0.16041716136152684
0.1605999570875487
0.1274747738712103
0.15061946127716075
0.1519006072059399
0.175299678781353
0.20921093979230632
0.22524527178724219
0.21632292057164504
0.23138750141589992
0.2509783699570656
0.22084881163225334
0.21172561233289455
0.24266200811541894
0.22769857177256925
0.2216999270782527
0.20333108689925794
0.13367382776558667
0.14876181434976665
0.1727984284833164
0.14961322547595235
0.1454427964529652
0.213124250812619
0.18576808103436537
0.18554639158920216
0.19848652256691546
0.24264375454381204
0.23150478603913505
0.23991109987088288
0.2481085563392995
0.2269923990834961
0.2227608866822941
0.27529782670951786
0.300675357575769
0.3051640833682554
0.31083373515948454
0.3264955117195316
0.332288903332034
0.31989632036960036
0.3192024702691425
0.31567070466704705
0.29349321733293654
0.22309797977975765
0.20204508839898816
0.24678921181755253
0.28724457028614236
0.275739426237672
0.22745910710539619
0.19341962297621706
0.1840686597543406
0.1973403540455787
0.1780321011894188
0.15070693499527654
0.19906852832566257
0.17216479029817822
0.18530999319803754
0.17691068591862225
0.19463161364239445
0.17558643888311787
0.2105111054296931
0.1697155161463102
0.211956465867853
0.20578315532016478
0.1530274680660364
0.1700603236133329
0.17654396252829674
0.16337602507560822
0.21633524865835274
0.20834654255774376
0.2093300090515955
0.2447856428235129
0.22299612283236603
0.2043665851844867
0.19381132902627352
0.23728628836332
0.23863220650927874
0.2524579006895391
0.2636704545605175
0.2706489203629079
0.2646883518132843
0.2513782361713752
0.24602427217988665
0.28828888359283167
0.32236622299609774
0.32624734603231587
0.310735305840101
0.292275931414145
0.3053061765016376
0.28820131310530694
0.3159589413195758
0.28232559905885113
0.2648870676263584
0.2628686577878556
0.2805993042961308
0.26675464514467095
0.2797101420889643
0.28750903735939914
0.2962134254549149
0.3002428245906337
0.2860284487605844
0.3511929828427742
0.31964259122908634
0.3125890864733927
0.2674346058885406
0.271175684043365
0.2170186308308748
0.25616626455783265
0.27597539478773436
0.32042755057787
0.34515077248048964
0.38430206023791036
0.41027819332548865
0.425511472992407
0.4110926564388444
0.4538389761865549
0.45705468908034597
0.40775582556468715
0.3732131272468606
0.3696418219471096
0.38096062804108755
0.3741549910089723
0.38498728244523117
0.39493883019877374
0.3247226649276074
0.3140685939469099
0.2953130207907564
0.27097161151495097
0.2798247014337034
0.30912963380098124
0.29546426554293803
0.3066532270826381
0.2661429036677907
0.24867162391762077
0.23483362012684306
0.24229954886118032
0.2713965869021624
0.2523211979817257
0.2908550122602791
0.29992253626622656
0.31080282256760405
0.34306633952496934
0.3334139991080358
0.35416225488350617
0.34431930777957565
0.3542941421912811
0.38038986534496333
0.36768869601902376
0.41533376471631755
0.40077568612006775
0.43363618631107226
0.4671248638486851
0.42920398060619136
0.4237458014567683
0.3734522248804353
0.3411929468631065
0.3782792136039812
0.4155471091918437
0.42663417247562774
0.4223970954163041
0.43021651801531524
0.49389615738144443
0.5307084109261124
0.5175951092725228
0.5223486816783058
0.5133337372618048
0.4779438068944073
0.4696356036258691
0.4422972673253116
0.4338071925352396
0.43267137042142245
0.3910751277841944
0.2958533628916722
0.33306441864507663
0.3706343883924035
0.34724252413675694
0.32519436073381636
0.3601699689814828
0.40648779850806394
0.4464788786946772
0.47558981314780446
0.49490150485043394
0.5152870894303316
0.539009437604242
0.6102814888859465
0.6519111033942497
0.6117593548076732
0.6389979719092074
0.648619860392341
0.6695653268455342
0.6383458128643391
0.678835271941076
0.669344826781191
0.6666852628092534
0.6447880299368964
0.6369178769836166
0.5887123667324965
0.5707241846568671
0.5763438118763067
0.578006445533233
0.5380835326302413
0.5187664419071703
0.513694439422512
0.5234883987306127
0.5051684182455796
0.46402621258417787
0.4884418994510171
0.440340043509829
0.432693430672926
0.4275705126450451
0.40310579494994125
0.34746454371897784
0.2703010626145683
0.23943974256968548
0.21433796600725774
0.24529742767120877
0.2573234062891687
0.27291723439125715
0.3272011183256107
0.33215634139313543
0.33208490519767064
0.35203153519475316
0.30358847367838404
0.2820667053596144
0.3458701081430835
0.3292757451872681
0.3745630826194839
0.3815544449488468
0.4077807084774545
0.3555379724241132
0.3081085639367025
0.3462622307367469
0.38677521824747796
0.4092333150350136
0.39363529896129923
0.37187636523358636
0.367992747738366
0.3229553585679088
0.3102697112485968
0.31155636016695865
0.2721217021897171
0.276093225668923
0.31273186532616726
0.34387797366449036
0.37498210668244836
0.4296579865228156
0.4169377516156336
0.41673780940929595
0.3663431385188416
0.34089018200397336
0.3853855690000174
0.4201040802923903
0.41768576117083533
0.4167992707824737
0.38356303847798556
0.3542837443935478
0.28885930709688346
0.3297573596308754
0.33724480093694886
0.3500951927100382
0.3183863008015204
0.34689415231587484
0.31409414053535767
0.3062842995642705
0.26450382870445965
0.2743355757839181
0.2729613027758022
0.24347938435230132
0.2583971205513984
0.295804413259924
0.29685270106577
0.27821811031523436
0.24728183714307894
0.2399840427903055
0.2519429796652619
0.28864834184314114
0.34091317971011326
0.34991949818928325
0.33792449846518324
0.33157915342722055
0.3459039533084869
0.35320610061246915
0.38769596166511144
0.411642271339975
0.434564156854528
0.47160330189044486
0.46458506789418497
0.42439026468205276
0.3939904324926662
0.3698299532260969
0.3185341515594653
0.3021983304820455
0.27534305210279664
0.310034417295737
0.34952594293640193
0.2803632078224414
0.27874276454241587
0.27353700549529214
0.2636951991606131
0.22834630767271347
0.20630834122379715
0.2125225547004317
0.22112327923405828
0.2707389274739769
0.31567515365609955
0.3408290573084438
0.360175943506037
0.38664512502978865
0.39114384520942647
0.3920343853710997
0.37029464421199476
0.3716051497065842
0.33525610794902727
0.3237983438338279
0.304416286409503
0.34161263220797355
0.33705124979216783
0.3486394116117262
0.34214795917779584
0.33587579474769846
0.4016536814004228
0.4293572263254031
0.40018427629162767
0.36180313265821695
0.33320994008481053
0.2853160538389894
0.2722273543096978
0.2687331695487458
0.3292266962757133
0.3466624068714126
0.26371085118863613
0.2254498613348539
0.3013690125561368
0.3194045495565321
0.33951111750704
0.33010423463165606
0.3572287185455252
0.3811243955893888
0.3545009594231403
0.31375638165855024
0.3337882438779747
0.4149342857480798
0.4387559452569454
0.4071248186594765
0.4239815513222309
0.405351063795371
0.35047602337218575
0.34479505623705253
0.38626023773630336
0.3489078896244775
0.30705294830890706
0.28490396197821743
0.23464184786955955
0.2681597037197747
0.2545852117510756
0.22564908199869338
0.25370414099223493
0.24073533657983792
0.23590660402411756
0.22810319650271738
0.2193986931742964
0.22763234531497512
0.24259398108252728
0.3033815514928957
0.3458614826828117
0.3661508377953264
0.40601431668216414
0.39641160805371656
0.3748014590426505
0.33341817977813215
0.32613830841675795
0.303927064014045
0.28061190170518535
0.2714125914088146
0.2390951897029434
0.23893509046223982
0.20121944818121174
0.21305104555144228
0.19048671902792913
0.15030485638336888
0.10184179993599551
0.11466555822120017
0.12994547068354834
0.14340038522473275
0.16068140816902754
0.1701535937741392
0.1884296197140236
0.22505562931477674
0.2404310797996465
0.24427778849675263
0.21591899768292122
0.17569273829068321
0.18343190087217853
0.19115969242208397
0.1608603263868309
0.16753427919473474
0.15980988752444825
0.1752646020017512
0.14474519721024115
0.12966070689597808
0.0954033209282148
0.07320927513664444
0.11456787730970586
0.09604618778646024
0.06428163169310386
0.0471452427310084
0.013835638482743606
-0.020774996261752943
0.007410340208281463
-0.011327324716280618
-0.04304769236239647
-0.06405807401072217
-0.06772303988689854
-0.08345669148471568
-0.07839366427268835
-0.13804232011112127
-0.12546725377561374
-0.12706155646904993
-0.11803535290525702
-0.1220373226405771
-0.06773806532497195
-0.045029855275162234
-0.0648857074039777
-0.052757540572353934
-0.05649611893872997
-0.02582384924749459
-0.03625869005003268
-0.014631801271127176
-0.01939379610193126
-0.01096399353144284
-0.0074003451429073275
0.02388687800960243
-0.00119165935233978
0.014033165382538737
-0.00441999697950346
-0.061786148086571124
-0.05520751773629873
-0.04474664564857189
-0.06567537523668787
-0.061048625259969125
-0.08010957294504262
-0.033223447701600684
-0.051115220020611085
-0.042915046515921706
0.035400624422031735
0.04471271828163936
0.023475172131963706
0.04280332006096499
0.0655477155578097
0.03086422609444317
0.0323033449199972
0.04492650072129689
0.050014427773311
0.054615677092748394
0.07863107475582676
0.11077752849299527
0.08970017691864207
0.08081189421656032
0.03302417500218935
0.01295208080506538
0.04975119539281625
0.08261551030920433
0.04989280133301133
0.04134991624880291
0.07005896649513677
0.07890792912808231
0.09699159011630232
0.09642130075205868
0.13294698595804988
0.1425887836820181
0.12982449322120626
0.1361406059743795
0.12498252324562587
0.09701768770952701
0.07929311497829783
0.10536398283980253
0.1105364784472429
0.11985867210827905
0.12506261166475463
0.12589170508634284
0.13059069498335774
0.07282209554254471
0.06286190379563927
0.03607051084246815
0.01549065151151785
-0.03222732708974174
-0.043012706884654306
-0.013036388865183879
0.032983140734148986
-0.023944761659811187
-0.07749455909246294
-0.05032639645232562
-0.0020281535500711323
0.01804942951878097
-0.0032138165936835827
-0.025203489663897183
-0.005339773325029662
-0.035329609407183105
-0.0929171702784013
-0.07107024427959796
-0.011492218325495518
0.0635034763251845
0.09638323602249299
0.11525227248374836
0.08664529067721505
0.05882280298174836
0.07059401268751997
0.11902646596486344
0.11392299851939836
0.11427759852024622
0.1274132079747119
0.15326271815021575
0.15196314557418833
0.1311261455266408
0.14362032502873756
0.13896603862283374
0.12498804537789088
0.16005761603848812
0.21834492704728414
0.15357143742808677
0.1563643923434126
0.1520081986418773
0.14189102931177722
0.17106382578779566
0.13719929199292102
0.13941651836812863
0.09448530542298483
0.0983473250442457
0.09444451723616809
0.06980796196478734
0.0822089501945209
0.03303804267075905
0.005534208486142722
0.04051794218678717
0.010037420075826864
-0.005099919051425816
-0.022937397612715404
0.036745179106624004
0.06671661725402012
0.06406037728423541
0.0538163425687741
0.05909063513263324
0.05826641696508528
0.05983646709400059
0.030319185214859434
-0.04352435024088275
-0.07413306293435873
-0.11752236548429618
-0.09827808740694521
-0.1106240303484014
-0.128326648286622
-0.0822415461073509
-0.0186664112634084
-0.0006766654924823534
-0.0238178050701765
-0.008747090994956852
0.01319801898870776
0.061073414871217535
0.1253269714938472
0.16019174630464716
0.11572284655489407
0.08033061028015887
0.07347683693324902
0.06611103171182653
0.045940453478719556
0.057428818331097364
0.056177833891285056
0.07666889709969227
0.04599161343293878
0.011136786369005502
-0.04101078482958709
-0.055667524107216426
-0.06875778556363998
-0.07549507876558814
-0.058818241479265176
-0.07224588219466932
-0.10611105813005539
-0.1595936080218575
-0.2025733511746166
-0.23734732371476108
-0.20009859561032783
-0.15341315136336509
-0.16704044590033917
-0.17553684359155197
-0.1850355963901099
-0.18302495864026647
-0.14905972560836
-0.14780101656012024
-0.14949931558081464
-0.12492670230660108
-0.12635321164397395
-0.14795645179471284
-0.10996497378251369
-0.05864530089103903
-0.0585797194817439
-0.08444122586485381
-0.08377813656137467
-0.05960442836881541
-0.007448674562914315
0.03195158101412998
0.03511382436923216
0.045853873542290646
0.05601299518308678
0.06189771584108805
0.09174534231762754
0.09395541129563378
0.11731117715588435
0.15527140581243426
0.1850371888826261
0.19047691542672185
0.2206767322566272
0.2344827905542579
0.24918676648553872
0.26439196813454546
0.2591543282905564
0.2778677534221683
0.2760782227834655
0.24658884078348642
0.2772683605020845
0.19405696720898336
0.18214010731339458
0.16720251430617306
0.194387045280916
0.15312190126178793
0.12482865227864304
0.153949863293112
0.1566829833842771
0.16390885786198917
0.1768463117375203
0.11925776953331857
0.10383463877377452
0.1598258259230576
0.19216857054096304
0.20839791572611488
0.20323654272604585
0.20384673208495152
0.18811933054173102
0.1888513949681947
0.23260678144687064
0.25977067346481664
0.19923532595609839
0.14752168531228582
0.135040132638101
0.12407846666812761
0.10500584363862053
0.09993707716094224
0.11718790922278965
0.09846770816770656
0.11734993685945216
0.1005522873438145
0.08821037875840809
0.1054101360567028
0.15142001789255222
0.14363699991091305
0.10694680183441019
0.12405632758400142
0.14522563744041328
0.1548035397887917
0.17027599907107738
0.18604391134260423
0.1722981944401476
0.15588434173961696
0.16404235685937518
0.1712581293806834
0.17058284472063678
0.13697597988956134
0.1491363794936198
0.1430677312728612
0.1897949889796493
0.20530211633619122
0.22421950798787083
0.26020162905173794
0.2662524921875873
0.28063570011197103
0.31629691081498845
0.3322707349193794
0.2863036924400433
0.3040958069135644
0.31415791735191734
0.3606996905429909
0.3442106766838735
0.32281266506550144
0.3279555481218881
0.2752410933893681
0.2630337399973839
0.23704391919792323
0.19799678219772043
0.17531294583939627
0.20096325291011463
0.1608325106204589
0.16222943883007535
0.15293185673220244
0.19799257148009075
0.16835843479370505
0.1567490312107529
0.17469405712384312
0.20048030749471946
0.20728317161818888
0.18006985700710265
0.249394307282661
0.2240950328729041
0.20756988659829778
0.1737421215072943
0.17194215189273288
0.15087407585580004
0.13825414210057696
0.10133780810522452
0.1201907879521602
0.07455758461145678
0.0826446336164186
0.06689465799787375
0.05867243024361124
0.08124291696540653
0.020691649551345836
0.034082596281330035
0.01437049618875541
-0.025501013980400833
-0.001580325020374751
-0.05446471380754814
-0.07991564893386138
-0.11947316683174869
-0.10394615264456664
-0.08379878744889457
-0.08779340936343116
-0.09576427091972772
-0.13324776028497953
-0.12431376228821578
-0.09167517167616612
-0.09501937922453041
-0.1262812133541904
-0.13614689275345204
-0.11586881697143947
-0.08084103992449798
-0.09640074554930511
-0.04222567304340641
-0.060768734130787094
-0.05602109372934472
-0.04088530083120234
-0.022483035762989823
0.010036800147489977
0.0044142949937573395
-0.007968805349327313
0.052736520892732175
0.08143066666495269
0.06610792012666256
0.05681659433263797
0.09176642294210446
0.13597851648043724
0.1445818043795215
0.13252864464016523
0.12890047834906104
0.06260519098604878
0.050773584280811024
0.05028024013111643
0.04821539742639258
0.024225737151946758
-0.022156051329207394
-0.12263659301241914
-0.1218444383280548
-0.07674555027112884
-0.05665905297058682
0.002175177686340568
0.05848938428839734
0.10658666478476486
0.17403617003437932
0.175062130438993
0.1766727852114689
0.1938007353024096
0.1569685308831057
0.16914127316921035
0.15208625954983268
0.16985688657948717
0.1946159066097346
0.1836387850479455
0.17465537721231184
0.1606278986753189
0.1960996947368303
0.190471420887373
0.18846242564793525
0.1628264092281828
0.20881114270011847
0.22350093476063138
0.17649816761000814
0.13730625618932701
0.13267466255074
0.17905321155948295
0.17924318699095365
0.16281437939643073
0.19642934200121465
0.2070538346823192
0.23195520388157775
0.18406432398342654
0.14192851043168453
0.1490864703895689
0.1622659965731359
0.23024093229808784
0.24290762235032104
0.2576966271252441
0.2647714811644619
0.2684077423873905
0.282739779016842
0.31593537395533655
0.25315263791529663
0.27198514807402296
0.30582864676023935
0.3041473672888426
0.3356119494111245
0.33175184812395964
0.29667108507476403
0.28688270698214313
0.28229369556545425
0.30598252014239957
0.2913459903859321
0.29572865322022035
0.31604198105364967
0.32115932505389067
0.31586138170715494
0.2979059186379307
0.2911214885481819
0.25289296245394155
0.28663632803197436
0.34870428539886245
0.35621409649036706
0.27508710813491355
0.29858774845550595
0.2963152767439312
0.2570099615759822
0.28367826287094466
0.28167560218512033
0.3114333064553807
0.3273458286285533
0.34320305425469066
0.35055527255455754
0.31489829945206926
0.28735491367911337
0.2839560903191236
0.22704180596138457
0.18739890203627096
0.12625912348771107
0.08983944257620213
0.12439424016550138
0.0956518296303952
0.09216776404037264
0.1231575159502536
0.15054208517721523
0.16435499646934248
0.1556416778408971
0.14278618095267825
0.13701057353107027
0.08332243417996654
0.048351401273466266
0.15027721895415258
0.20484657656992278
0.18375312278468647
0.14811197047074498
0.13426349559942108
0.14121134540376423
0.13781199162447
0.13155609284355085
0.09584959700129003
0.10370269589775094
0.07375056450280093
0.033746024717004275
0.015922093137850535
0.007507381238962774
-0.006394553764227706
-0.033467307332459284
-0.005228970275934164
-0.020714313465863943
-0.016758193010606992
0.0049514692786423176
-0.013822493683403492
0.023792503782290586
0.03281769747730312
0.009992072557158727
0.03480191196229998
0.03884003201300534
0.06035650429312911
0.024257761194103722
-0.002460067695857826
-0.02309857536145754
-0.009809000832906256
-0.08126828701396849
-0.10127993550037873
-0.14801558025178896
-0.18836979579314628
-0.1994481949439164
-0.2075019739509969
-0.2411786822043417
-0.2239496774666565
-0.2147464940960898
-0.18782468354703585
-0.22466556929991965
-0.24950881935612101
-0.2546713214994658
-0.24402848683576717
-0.22305756167233393
-0.2239653493328363
-0.15530149008326888
-0.18416490501075788
-0.17447630330802189
-0.19651010693711446
-0.20548281167869065
-0.21172050666309028
-0.19343406284209608
-0.21475445482043543
-0.21559039042571448
-0.2062006851325191
-0.21247131467105884
-0.25456910024008017
-0.31025410385390895
-0.395624888209535
-0.4643533659842096
-0.47213716107549597
-0.48077320970775483
-0.5074902067078776
-0.43338883148452156
-0.41645982368655
-0.394123654784965
-0.42816329581684764
-0.48778905760319646
-0.528081509117156
-0.5682990699579128
-0.5814457617051813
-0.5653224499157568
-0.5823185414920369
-0.5937387800753156
-0.5988013052013357
-0.5887470019867731
-0.58356905830416
-0.5361548473442126
-0.49237403186055595
-0.545439145525218
-0.5467144207094863
-0.5515257035603831
-0.6251303762460481
-0.6523403182972949
-0.614200844147641
-0.6165671205243936
-0.6127542930419052
-0.6157715752938103
-0.5715805251901276
-0.569900427753581
-0.5938158242792801
-0.6148346819825852
-0.5728688395112376
-0.5409571809753432
-0.5254513713869223
-0.42249014387331696
-0.41203168969540016
-0.3952151994418882
-0.4072512615290438
-0.46681099219626987
-0.4839638934420817
-0.49314323027867024
-0.5064405743244007
-0.5293074312675645
-0.519364485605369
-0.5206869378287715
-0.5212409439827586
-0.46598483620208264
-0.4774920328861175
-0.47049357590303853
-0.4597884556989643
-0.43200121779635503
-0.3947055015795481
-0.3553021536143892
-0.33263748674803084
-0.35330229545621117
-0.3042980778253086
-0.32571567482403807
-0.2960946053292117
-0.28454278367766905
-0.2816283219718333
-0.2891152122173307
-0.29603379323249646
-0.30469054996373557
-0.29399511580339044
-0.27016517067856116
-0.24719196704303148
-0.2691392295658338
-0.2681802684261724
-0.2686153388314624
-0.28771361978509424
-0.30170040045159763
-0.35083190985360024
-0.3415959304358652
-0.36968035044511804
-0.42965976956728225
-0.4620438144419413
-0.4678909268360115
-0.47154986484110106
-0.512248507953883
-0.5163108130811891
-0.5203842490810415
-0.5140060639031767
-0.5113711890449739
-0.4886285937501078
-0.523094352642582
-0.51551045378572
-0.47987202393025685
-0.4414618539461199
-0.4389033024521046
-0.44503001056583213
-0.4263599280848732
-0.47254057202356514
-0.5324862872503597
-0.5555493842831518
-0.5100561594450104
-0.5032364608497376
-0.5100860944309267
-0.5345756601934074
-0.5377384585474616
-0.5532198462513133
-0.5026273840556854
-0.5159317199127432
-0.49467641117314465
-0.4785067902445811
-0.5063977198136789
-0.5488694569811632
-0.5632055245833777
-0.5401063263107369
-0.5063305181438316
-0.45881848510073686
-0.39601211958526517
-0.4073357819571054
-0.4558342981644724
-0.46393310925263953
-0.49806028421761417
-0.5147625478127511
-0.5444388503444597
-0.5397421577359425
-0.52622940677935
-0.4695157425794818
-0.46740813537988635
-0.4603401561394146
-0.4110935105809893
-0.3886353204866456
-0.3448775034472874
-0.34939689555706144
-0.390353891959237
-0.35744908679062304
-0.3589280266179724
-0.34889791486505706
-0.3009985581387963
-0.30250218122674866
-0.2978265288265416
-0.3335670269063885
-0.3629200707412866
-0.37022366087658076
-0.36220019564806905
-0.36380305915715927
-0.3601673710204505
-0.34437555981055923
-0.3456326457851038
-0.36494519339386633
-0.3698408783698902
-0.3722186033731556
-0.41180323927543827
-0.41990322826690074
-0.40488524038549956
-0.42384233271461225
-0.40755952399514417
-0.39093909960386475
-0.3286045826291145
-0.2617468489460705
-0.21475378650404808
-0.21622103397401016
-0.15441342267923885
-0.18332590190561449
-0.19432631476690265
-0.20256496315658046
-0.19412140314740023
-0.1962172450085563
-0.1514404538510601
-0.12420212101917194
-0.185015940856875
-0.19382980564334518
-0.20851311496201175
-0.23523344909919397
-0.2634240880626484
-0.2585185009615898
-0.23461832538659988
-0.25325619423359524
-0.23722416706653227
-0.21205156180278661
-0.17745411354594265
-0.17095077400242475
-0.18055252082393147
-0.18500277036438362
-0.2010482574835395
-0.210931976728842
-0.21759040898171356
-0.24397700819091095
-0.24762786949666393
-0.21474830943044143
-0.23429356303292803
-0.25762931734875516
-0.3101257684193437
-0.32084762699918934
-0.33259872721752715
-0.3026499391062101
-0.30598378306529495
-0.3243082651900413
-0.36517408552793607
-0.3953739175088422
-0.4164641260217712
-0.3984278287672365
-0.3683961243759335
-0.32531647275600895
-0.3206674039423859
-0.299826105150249
-0.28780555583779177
-0.27266850288638034
-0.2590470903060186
-0.22644354781306086
-0.17441202785474086
-0.21812224171867345
-0.26143994602126774
-0.279564739626718
-0.27006312455648185
-0.20284890322183102
-0.1347183263981595
-0.14190032119246299
-0.18557643570548443
-0.2323544751300568
-0.1952987486794755
-0.16177918035394834
-0.12869361752630604
-0.1070887636815181
-0.11685563216157846
-0.0819379213940955
-0.030332435857599815
-0.020541467083120213
-0.02865982057968819
-0.02594301577667124
-0.01896271601186117
-0.061467455056239406
-0.0542796373788752
-0.08298882181274891
-0.11196264791858879
-0.14752356181244541
-0.1514126648976204
-0.12870739976391543
-0.1711023241297288
-0.20853900012894622
-0.1948032366629574
-0.21853446120470799
-0.2255304502015043
-0.15987458171923696
-0.15498055909680108
-0.13487416187028045
-0.1124007863506552
-0.1686462165800986
-0.1985758116658637
-0.18774154418237643
-0.19496647846205972
-0.25828808029804395
-0.33119214181107703
-0.39561845410856855
-0.37659126862552594
-0.4120663025203871
-0.40787446964395246
-0.4280835850853074
-0.4829920704545021
-0.48956748600764544
-0.4970845896073839
-0.4818130205738801
-0.46578418269667043
-0.48053622150046915
-0.4090208046061403
-0.3580093134238752
-0.3829932910707774
-0.40252819188196254
-0.38828595282907086
-0.37422518782427505
-0.37983338259304034
-0.35935209771129684
-0.3792753855229032
-0.42969333783591646
-0.47151780039639235
-0.47270486421109625
-0.4938208041862262
-0.4878144027244017
-0.4899011512969984
-0.4704339465912658
-0.49465374420337915
-0.5444390054709486
-0.5221542973901202
-0.5158112198729832
-0.4968286049751196
-0.5180274391998103
-0.4824302223316064
-0.45124034150572256
-0.4755496333685123
-0.45367306105843774
-0.4739474535229088
-0.4664786254272216
-0.4744075169106844
-0.4600524929985381
-0.4443620509016786
-0.4664809385966777
-0.4722528525900551
-0.4834611229001895
-0.5109448664908578
-0.463803242464887
-0.5011290841533047
-0.5363457230336497
-0.5391920612646453
-0.5190084053325512
-0.5253165947094995
-0.5612664972162871
-0.544181568288514
-0.5240467316066576
-0.5095567221468893
-0.5161181295422324
-0.5173292199467345
-0.5397842514831479
-0.5602288233400512
-0.5322357249941103
-0.510950570349912
-0.4666907253342728
-0.4696877940799311
-0.4124459611531952
-0.39880379732751836
-0.3651057596686147
-0.3485104140610885
-0.3194429550097233
-0.32934232851779033
-0.3821385982216461
-0.38664783724691276
-0.3841724388485661
-0.37337049921433174
-0.3768490073633606
-0.3715063342671039
-0.3492145832480321
-0.41065493245032536
-0.4339001934225317
-0.5127881139847172
-0.5180962281142059
-0.5170539387809144
-0.570345862850015
-0.5574040840789282
-0.5531674013859669
-0.582826729981154
-0.60792596694667
-0.6261638509973431
-0.657213547632607
-0.7021397741550621
-0.7176304200242599
-0.7275939963501052
-0.7848869356903101
-0.7510878018127775
-0.6947523317617235
-0.7083497936934258
-0.7354397665381653
-0.7422381014923278
-0.7126990976065122
-0.7299180258180448
-0.7140004329855569
-0.6581143338398199
-0.6322792262037945
-0.5937425506028062
-0.5637422506850479
-0.5445554317830834
-0.5453172946880165
-0.4617911158033807
-0.43074034780415416
-0.4810170877722465
-0.4825018745549988
-0.4825712469221768
-0.5040604190917113
-0.4939961210005174
-0.5438718203798009
-0.5643659863475038
-0.6009634345137393
-0.5984569924068392
-0.6003183742890523
-0.5770355669317757
-0.596000822608433
-0.617453971222236
-0.6306943555745311
-0.6134183545989487
-0.6340259668623224
-0.625701177402034
-0.6132283817395183
-0.5860365333252849
-0.5888668517692331
-0.5918063490698803
-0.5842807273455048
-0.6062787360665026
-0.6106731995571679
-0.5311637952964618
-0.4974842302933229
-0.49713936506266865
-0.43584493469882835
-0.42179195546782877
-0.4259580620612843
-0.3917243269687629
-0.34818803344318694
-0.3126926936598843
-0.2772589702941749
-0.25988474469567147
-0.29458356109662154
-0.30593647537349433
-0.29443340046658517
-0.297906247629363
-0.31160861730008793
-0.3060859989773469
-0.29827714320652254
-0.34009713255054197
-0.31502994421377495
-0.28473065831214095
-0.263208394762681
-0.2470839308033259
-0.24593499521651885
-0.2728387632168371
-0.27621027960256916
-0.314631545474935
-0.3064672113530127
-0.26652212688886534
-0.23635144043973266
-0.1842721932979139
-0.11296884048355882
-0.08245668719298693
-0.053332772136477025
-0.05936318217973646
-0.046540600357371176
-0.03231400324540368
-0.05511693253930694
-0.014720901117725393
0.019881297952951682
0.05478240210029739
0.032743419532193396
0.033125652264359484
0.03918626510999479
0.02618480810231416
-0.00013510808379901817
-0.0033154348601709405
-0.012520493225174789
-0.01998522642497369
0.026555546648385553
0.006630448761256291
-0.0042453941790951966
0.00017517307890813072
-0.04351234434060658
-0.05820806938390832
-0.0882750369066162
-0.11479625985843123
-0.13840505859395547
-0.12501862529593477
-0.12812312735155063
-0.12729217277374083
-0.11868723949014504
-0.16796759782396686
-0.20589500923421056
-0.22590647315599
-0.24374364157579853
-0.2728194873905373
-0.25736587029680813
-0.2384429407849722
-0.19259731040135286
-0.19557897000792435
-0.15846702390888046
-0.2124774690747011
-0.25714733984551263
-0.2565820311055981
-0.294917038127926
-0.27087757387899236
-0.2890505356029174
-0.28837145333935965
-0.30231734495998464
-0.288320196145767
-0.25793247248435447
-0.24122662760746216
-0.28664271577867084
-0.26068171808297835
-0.24984298213519962
-0.23932637311413096
-0.27939066971706605
-0.3389327536734794
-0.3494466790280921
-0.2835036062044465
-0.2795754188915299
-0.312047210366735
-0.2731659493528684
-0.25422272413512814
-0.28496780564053736
-0.3178529859400384
-0.3439170190130928
-0.3749348226728384
-0.3946742582843332
-0.38749311051303537
-0.37708827054089644
-0.41333292742486316
-0.47036162454889197
-0.4895018988812678
-0.496553933099144
-0.5232614665717178
-0.513335796013499
-0.5244558746132323
-0.5385832671370769
-0.5458120547175409
-0.517651828365681
-0.517781437365781
-0.5157655265909713
-0.4894433798357728
-0.43364949956145704
-0.40031584544583265
-0.4279781553763716
-0.44630079866696437
-0.44747238140441037
-0.4693801696361144
-0.49074694031187016
-0.4778427465254925
-0.46472120092732827
-0.4431687816181116
-0.4379435018168736
-0.4410212548686375
-0.4344698444687668
-0.45130924022338115
-0.44999698443483505
-0.4130832375823221
-0.43439786306608175
-0.47235617787737616
-0.4691212920960065
-0.46607595820172587
-0.44552413024371584
-0.44637366310490567
-0.41180845197781746
-0.3981142462224886
-0.35023112451364
-0.33524473069804683
-0.3802284513174681
-0.3789049298080158
-0.3832294240981461
-0.3650798917139373
-0.36473289906197737
-0.36728941832380724
-0.3665380236410468
-0.3599514691736624
-0.36150810898645525
-0.3352846697101971
-0.32957765251052973
-0.329645136136663
-0.34102857502977424
-0.3577723805770856
-0.3222517254553764
-0.2969593829716558
-0.29231202595995076
-0.2860730980982976
-0.26393262769615367
-0.2588749388921643
-0.22616803496643945
-0.21744166201664605
-0.19627128901779567
-0.1781397665859059
-0.19009517315230318
-0.22520675980224436
-0.20261537580361988
-0.23383044109636986
-0.2781927353941347
-0.2906093536136636
-0.2607815878771539
-0.27329462613481625
-0.3065522762434981
-0.31125717048696033
-0.25929258737522454
-0.26330711568938414
-0.2869293902283164
-0.30276008586410164
-0.2594628605930661
-0.2979053231177742
-0.2619038507689637
-0.24952877896224623
-0.2036981806122682
-0.1757752814136897
-0.21058745671600887
-0.1897816123303121
-0.24117225627625605
-0.27002985818626923
-0.25589030280373604
-0.2363681713318897
-0.2611818717818285
-0.2946941239209351
-0.32952374273592056
-0.31407964442172864
-0.24750153044526535
-0.2729036999624823
-0.2821611167689233
-0.25988372167229734
-0.3016072473157515
-0.32362734372877067
-0.2537731367283601
-0.2969174446218036
-0.3155585055841508
-0.3248783397143653
-0.3209675312976815
-0.32859569323001536
-0.3146909252321074
-0.2999007954481838
-0.2705551995590467
-0.24976342459635836
-0.21190868097392945
-0.21969906871636558
-0.2537027693865016
-0.2384748988511769
-0.2486069026242319
-0.27092554220990084
-0.2563462038685592
-0.2523753891115088
-0.2529658473914015
-0.2522409951842749
-0.25243443325218073
-0.26088806700127964
-0.22364177522274487
-0.253322796468309
-0.2686075919760029
-0.24692872920458497
-0.2375546255588986
-0.21978734824688406
-0.2228656674866646
-0.25517832756969827
-0.27878002953940506
-0.2573437295139839
-0.2617241239039625
-0.2413615442775081
-0.2467404376041954
-0.2542615608791824
-0.27900039623648254
-0.2997760142711131
-0.30612489339191284
-0.3364303050787454
-0.3229480760505855
-0.3305619058497764
-0.29422265294860095
-0.2771872979789727
-0.3074206945768878
-0.33048850388577466
-0.3342469326758405
-0.324602580717378
-0.300476966132176
-0.29284047879707387
-0.2646800844437366
-0.3042962319784672
-0.25716604262357345
-0.21608730367382656
-0.17001019679406082
-0.13294035423708073
-0.14058535523648918
-0.14448912662908386
-0.10595377868617872
-0.13753768462365823
-0.1684923344473762
-0.16968499832524508
-0.18635846451696325
-0.1481982624002688
-0.17916065675216497
-0.1932404255725666
-0.23154332723978
-0.27204519987048004
-0.2709705214027486
-0.3005131413971135
-0.3042378669100728
-0.2667142165788916
-0.2916010918519132
-0.25779112008148075
-0.30067564694777194
-0.3186114028074438
-0.31338884765545383
-0.2867882480630396
-0.30576453746575494
-0.301629476015581
-0.271109005726234
-0.2788337922115285
-0.296064424457254
-0.2786177313747046
-0.31171387130266937
-0.3013935186894825
-0.3317918344574484
-0.35635048778124423
-0.3805514963546627
-0.41453288799068766
-0.36429102679500647
-0.3625142709609177
-0.4164242397235458
-0.37109860821214713
-0.3702817875529253
-0.37702571484253034
-0.37287542536560214
-0.367831623542643
-0.4110546219190442
-0.41038714777425866
-0.37349672650284904
-0.3826345660750746
-0.36164228064348247
-0.3830821220432432
-0.34624967867970047
-0.3529233297035318
-0.34929917372643693
-0.3682436554900319
-0.39994213805984535
-0.40554857664129895
-0.4686863123885475
-0.4165227491641791
-0.3553438095881861
-0.3411264459901465
-0.3872346846600764
-0.38532670974430194
-0.3281148898352053
-0.34206765845096276
-0.3654022701328753
-0.3567387314611473
-0.3445265935258697
-0.3413115700295646
-0.3392912149274777
-0.3472419721196006
-0.3478055480944885
-0.3370367846346837
-0.30079280409488285
-0.3116241431372687
-0.3157028839289595
-0.2885336635642547
-0.2869198468125671
-0.2541329077018557
-0.2690142393305933
-0.29271574027604375
-0.3431086045920013
-0.3668524197740841
-0.3443126005312944
-0.2788635119623697
-0.26466749310536386
-0.24523545665148605
-0.2680490098359929
-0.27892032767709285
-0.3446676566134951
-0.3615943222902749
-0.2917491319910527
-0.28735993164200535
-0.3383004113076552
-0.34559036182018155
-0.3323319836885381
-0.3098985022801246
-0.26843357239169807
-0.2553377829766248
-0.1783192817304614
-0.18098192579039307
-0.19002192655250405
-0.17832013238130284
-0.19747700455283712
-0.21006568331391062
-0.20340055103395738
-0.2294464464762881
-0.2997339796074817
-0.32166579534905015
-0.3581254583050725
-0.3243666409123802
-0.3847118157331312
-0.3350888789177955
-0.3271861163849332
-0.3744197601057996
-0.35204890431019975
-0.3713197841198249
-0.3342117778544067
-0.3313251376060885
-0.3360521265219065
-0.259915532895469
-0.13942671184882327
-0.09429642380271763
-0.12031395981882442
-0.09962170580706375
-0.13319838296221154
-0.17307321522923713
-0.19558361064579433
-0.22290885893525425
-0.1875221175115661
-0.16379799152593344
-0.1760119836540589
-0.1962831943221619
-0.16112176993972593
-0.12743935124053307
-0.10439296823033839
-0.1218693738154567
-0.1369158177704478
-0.1732581999766476
-0.13310232995508053
-0.13620994206258352
-0.15418144647698118
-0.14976879210253258
-0.09851876449522057
-0.10024465611507982
-0.08956759227842581
-0.05835465558922048
-0.06504577946399182
-0.07902096181607898
-0.09080240573208975
-0.16073602520978458
-0.14601810274226812
-0.1930077408455686
-0.16987588132708986
-0.15450275977708294
-0.13338293704452386
-0.06645799997244661
-0.08705185738380761
-0.08507074354637922
-0.07621650866901053
-0.1035432021055831
-0.14236167475954287
-0.1111906251546626
-0.08786342119150137
-0.08133343368953738
-0.10837181024152909
-0.15548142913125707
-0.16896932203019344
-0.17345402285799305
-0.12178573001674153
-0.13005923264451402
-0.1454281506521502
-0.14980297918546304
-0.12798102437121384
-0.0795245289898534
-0.08603945104388755
-0.042634739288719636
-0.03921789444362811
-0.05871677456234481
-0.037859128326037994
-0.044724297883056985
-0.07633730840585229
-0.026965187767367782
-0.0026075111852005284
0.02575148223665691
0.06464207775978825
0.00953669525673706
0.0005665334453355264
-0.019582794583200558
0.031251167079302755
0.036008794336423566
0.018704289648534544
0.010289602019351252
0.009729447849613049
-0.039894816901577146
-0.10689143906624521
-0.1381690202169401
-0.1503985804020408
-0.0992943251645827
-0.05674321867590737
-0.022563305944992895
0.004458112715285845
-0.04392738606425228
-0.07320011003642368
-0.049531646933687834
-0.07267786647713603
-0.04744311977998583
-0.07226404714424506
-0.07142622936897702
-0.06819779767559087
-0.08682588181604134
-0.11776945819824647
-0.10129202820216976
-0.14126061097226472
-0.1527562917334604
-0.08157388097294882
-0.03529809977575715
0.019686725583588416
0.007749744102263145
0.02151410890471772
0.03246461321818894
0.033057781309363765
0.035366740410515574
0.032339630593818613
-0.021653457635590678
-0.06340973187379162
-0.09369230107524507
-0.1217235573426435
-0.09373896160626505
-0.11266969162520746
-0.16681799732679314
-0.15786171108570712
-0.107909325979754
-0.14106888336047596
-0.1418668046991406
-0.12811050175705252
-0.13113502078469308
-0.11578412010041528
-0.10563262972299503
-0.09368892731693024
-0.08241710937672397
-0.055037484026186356
-0.12140204050848635
-0.107433121190735
-0.13491528329028657
-0.12436903589741621
-0.12917933759364553
-0.10574765190600233
-0.12335010214250774
-0.1576318847374173
-0.20247195672015394
-0.19925748401708243
-0.20459881783706757
-0.17078839409152147
-0.08636417288942344
-0.09787763937346838
-0.11745266778130392
-0.1565866246823877
-0.14390360263867308
-0.13613588959971668
-0.13051482531561853
-0.07796348304211054
-0.13964317799550885
-0.15760298242846826
-0.1577172070580286
-0.08399282248650652
-0.03213329092940209
-0.0035259405337721983
0.06056915571760957
0.04327178481929028
-0.0022597024076075334
-0.008863821851760267
-0.0508942577005882
-0.031068416051859615
-0.04384802685742761
-0.05135382536611344
-0.032393509703493306
-0.06772700451188629
-0.05778676652626458
-0.05189883636830961
-0.053815578017833876
-0.013715138675408967
0.005092142427705282
-0.01470613398240217
-0.025993035885095606
-0.04742117011069469
-0.06104860636866316
-0.11681050702069884
-0.15523085958738003
-0.20994789225357835
-0.2753732921695692
-0.2774953236911517
-0.28628537989882574
-0.2722719246676564
-0.32402587920297865
-0.3799992695812431
-0.36781696132981767
-0.34889243845527984
-0.3786474508119577
-0.3385513160422572
-0.3382134918284043
-0.2904186356781103
-0.3187988915717088
-0.3523394232848869
-0.332380155100077
-0.25270753883694586
-0.2617308382825987
-0.2932328418527468
-0.3297959065759074
-0.2916324094234778
-0.2695825516596393
-0.3240893624527804
-0.31261755292466253
-0.3083148274130595
-0.3096411244700674
-0.3312910413808997
-0.31853823162259465
-0.2570307552637213
-0.24639528393580978
-0.18838492009884855
-0.12473871110881363
-0.11492923289518231
-0.10545005553304043
-0.14223653889959587
-0.14344077679128342
-0.15906304478819522
-0.14123324593556963
-0.11097891619618183
-0.1092241515004082
-0.12306914006335024
-0.11420479761695634
-0.12024092146466558
-0.08212360133595475
-0.09719241620120733
-0.12876774879924613
-0.14722249144903288
-0.1533375939660223
-0.18834717910443655
-0.20035246781234917
-0.2247505968981407
-0.23577086691526994
-0.19640581196354068
-0.21791561863695974
-0.21397781297677065
-0.2353209323810882
-0.2509284723187619
-0.2649718625296126
-0.2907620237739804
-0.2830724296165723
-0.29246355060310614
-0.2805474751206921
-0.2772711823333528
-0.25149521559949584
-0.20607110860631972
-0.21967397347737216
-0.28355790297715
-0.2792129221465399
-0.21715624213769746
-0.2609411823661293
-0.27529117890240984
-0.2625717790909139
-0.25680120522683103
-0.23950721937595332
-0.24010949398818027
-0.23490076477413058
-0.22951663641950604
-0.2308231855852586
-0.23856285237494634
-0.24628840505538308
-0.2788503014160092
-0.2611508458230455
-0.20859725353201508
-0.232499725930171
-0.2256172709735188
-0.250115996474495
-0.25258283570050644
-0.25312503921240737
-0.24042085683053205
-0.30047854133177876
-0.33537740548671335
-0.38840476358652365
-0.40951652877936373
-0.4316507714586316
-0.464270967459846
-0.48816168112182945
-0.5061717347913841
-0.502461741215496
-0.4931682813973336
-0.47280709920148345
-0.5538752209081548
-0.5830335720238924
-0.6082676840962775
-0.6118504773709778
-0.6458684685352135
-0.6462316234332188
-0.645478740007668
-0.6628107782877439
-0.675256130078554
-0.6469055291995742
-0.5904959076074965
-0.6003792349798405
-0.6195571714724654
-0.6066449817994928
-0.6461735037657395
-0.6523646776417236
-0.6067226460834111
-0.6168517084840557
-0.5770720106732277
-0.5723317353884938
-0.6113824713126962
-0.6498438347377073
-0.6664126558319547
-0.6932962866863561
-0.6408848491734833
-0.6367526570117974
-0.6603967714375691
-0.6824845895707389
-0.6946434289784158
-0.7003277136549116
-0.6764536051814295
-0.7099666440411546
-0.728914731998556
-0.75437196307262
-0.7264238802044971
-0.6879667798662557
-0.6483355618880333
-0.6136365404254933
-0.6312317530335472
-0.6665657198186958
-0.667874485926764
-0.6146835308093105
-0.6186467894116756
-0.6496359089160478
-0.7012494963428012
-0.6603790415390964
-0.5860597154962794
-0.5938411476911526
-0.6395042609054703
-0.6233385305470007
-0.6257837947354883
-0.6228002450880123
-0.6147819402881223
-0.5819527553382349
-0.5756834678583809
-0.5883332369498029
-0.6121361203188072
-0.6501702966101256
-0.6738770649309993
-0.6903713166011487
-0.6490610491372952
-0.6814683335503823
-0.6957954936906694
-0.6920853310055084
-0.6728352441731822
-0.6676581885140578
-0.6501629362803951
-0.6658272132458974
-0.730027073282365
-0.7462177326510305
-0.7762410020870981
-0.7935615789240174
-0.825841032029742
-0.8621618938604835
-0.8508838365031968
-0.8790638651743333
-0.8777879957423581
-0.8804762096516485
-0.8991313823807073
-0.9035942918821462
-0.9142998688959423
-0.8912757402866889
-0.8840674918797425
-0.8894761408745769
-0.8743446276623881
-0.8806180436463109
-0.9089638220189823
-0.8763068995968373
-0.8683892480112811
-0.8757208360937248
-0.8813340267452203
-0.9011127671828582
-0.9076849254190653
-0.8983699719041314
-0.876434151369132
-0.9091747367257907
-0.9427670081735826
-0.9189667256376537
-0.9246930468264776
-0.9268383009653876
-0.9111773534334985
-0.9501309704668712
-1.0
-0.9948619744695569
-0.9799377082115474
-0.9593901726645426
-0.9629681480209149
-0.9572402524704946
-0.929642037212716
-0.9316152750012199
-0.8944118108735228
-0.8052172205902373
-0.7711492087687802
-0.7548960805409992
-0.7514588454557964
-0.7372129412014958
-0.7120308647865221
-0.6606781729766388
-0.6087370426670589
-0.5885493443496004
-0.6166746351484812
-0.6119284810049663
-0.5764439863536988
-0.5475446709305385
-0.5514212334833024
-0.5076245997871354
-0.4994529344037998
-0.4317530431281824
-0.42847708768854176
-0.4219191647537919
-0.45747503596230643
-0.4859112543209385
-0.47042157411775487
-0.4647780036870256
-0.4662514421009213
-0.4841075092983911
-0.5138885547725693
-0.48584399790001886
-0.4884532889113491
-0.5448983196475405
-0.6052432507908612
-0.5968698221072326
-0.5982769683435616
-0.6167195611485484
-0.6121842266354869
-0.5945456812965288
-0.589350072286552
-0.5621282311190698
-0.569047574759064
-0.5447981093629923
-0.5599731212906489
-0.5803981950845101
-0.6232244935777322
-0.5303668810734639
-0.5116088214570222
-0.455917161741504
-0.44970775260404094
-0.41380684799058076
-0.35535799143212465
-0.34816121734353667
-0.30322060635976267
-0.2935162996222852
-0.34784794030228305
-0.34395526617734495
-0.30318474255941397
-0.2841789757057964
-0.29866324673370614
-0.2245591339943206
-0.18459405078061442
-0.2054339936907308
-0.20026676345588545
-0.20125336369513758
-0.18455535025994652
-0.11710992057676606
-0.11150476411308052
-0.12627015246051043
-0.1000127674129837
-0.03206993566310812
-0.05661561005459714
-0.016103835081226703
0.006625388850378444
-0.0099959519991204
0.016360804345504576
0.00962946290819322
0.0001299234270772942
0.006413268197579036
0.016198016852192687
0.009777632982352458
0.007120423799616082
-0.0012057524752822069
-0.05120721471285894
-0.05936424077757707
-0.034747572317573194
-0.031568008400001735
-0.014491435200461589
0.007613735918381659
-0.005707533115114405
-0.025810244938243687
-0.05928218836749677
-0.053650233960373606
0.018881117955859894
-0.05008871338366572
-0.02829631018076828
-0.020048396714710925
-0.05224909975783476
-0.04366545953416989
-0.011557260256227941
