-0.017030015086096896
0.00027334683714651253
0.013564486451469803
0.01945486243326078
-0.0012345251928688574
-0.0006759993833905542
0.026358032678207126
0.003836542773469471
-0.002783963848119811
-0.012467713311532607
-0.028794903160855922
0.022728670607618254
0.022667111320544515
-0.00730220774383936
0.010180589570894889
-0.0017032196857615731
0.0020170046848832206
0.006755644682704998
-0.000584250578955873
-0.007288170872571161
0.004751116361272541
-0.027567504597663824
0.00015292908349955753
-0.010128702523372755
0.013094097057128174
0.005055016288784131
-0.006182118531748377
-0.001318265232100066
0.020672446512147502
-0.0013873940375022584
-0.010874980486261964
-0.0061757736710552555
-0.0031258671107554405
-0.02970065091993425
0.015006286915138957
-0.00879952697627594
0.020027500339394502
0.001679561536830092
-0.012275685063583083
-0.011880402103281822
0.007217130887406487
-0.039798964065334154
-0.00682320743959179
-0.013816521728337963
0.02558939908017862
0.0034488688706409074
0.018125034233436588
0.004236268601981126
0.0019404145336348949
-0.01278117095200295
0.002881463525392973
-0.012255217235359021
0.006903113208879414
-0.016115824213384658
-0.011320497533435649
0.007241975419884545
-0.005798605874629355
9.235191327710418e-05
-0.009884328840101599
0.0004500904229122974
-0.014742537881076927
0.019533694369677317
-0.03435818929061672
0.005271117418295626
-0.005692200168964661
0.0009338341249266321
0.020267014167609423
-0.010949463642447225
0.01858833338553781
-0.011089209436736636
0.0268039476477454
0.02005951852589317
0.010369042279289477
-0.004376505536226702
0.007765334039010571
-0.023356018684771197
0.0016098270769890656
0.012874258135886258
0.0008186353494722906
-0.005477972337284784
-0.00133617080128859
-0.00011387941800530647
-0.009903218279539019
0.030677033055727682
0.00631171061579499
-0.010888353179688576
0.010361547378131294
-0.004868780225955416
0.010607101211310452
-0.001977797593566713
0.029012770961623174
0.006121191399968003
-0.009070178318478615
0.009489459482697934
0.0011120136284940556
0.023091361473215395
0.02182453349414465
0.014398104821524845
-0.007607621109268844
-0.0044748199836151924
-0.020962733241574515
0.0001967751923580771
0.028290500925848238
0.025051971149157568
0.01329078336934122
0.0043800638831796405
0.0073420731174798255
-0.005305393512443143
-0.021876388379484142
0.02213519751836977
0.007822475837646413
-0.005529104475876223
-0.020718762992764136
0.01908971553521022
-0.01108964185714434
0.004594219995085233
-0.01621690827941806
-0.014460802779331159
-0.000572274582987321
-0.0005077139149447744
-0.004344298336152133
-0.008383230493766535
-0.01932051772165256
-0.010263856599208565
-0.0018467178953667411
0.0031840716243027975
-0.017767813648471683
0.0034001142755355667
-0.03260117891634456
0.0010672228631994195
-0.005785789321720286
0.04825460968582327
0.0346430475278104
-0.005338483086729279
0.00034742920978034263
0.010859337971371081
0.019316326834878935
0.015185218540859437
-0.001744029982511804
-0.01450712712431584
-0.02481072903333516
-0.014047726011085258
-0.03454285048098922
0.030139768312543513
0.02190835673984497
0.007299866195820003
0.00900894895250322
0.018704519077064902
-0.0015334868907947857
0.0014734032924379591
-0.01618624111983719
-0.002230776867144274
-0.007956811828583932
-0.00042422055968573645
-0.021322176120837692
0.018454410385432003
0.001037967689565219
-0.00637919733118752
0.02990443070344232
0.0015028052475570819
0.009422277543091691
0.009109020403276293
0.0070635561223152225
0.016597734313566124
0.00285944902729433
-0.017980925095829728
0.018431081896728416
-0.004989123392329151
0.04151768596132227
0.0068276167245430695
-0.016108517755199416
-0.0029361457451258692
0.00034931307043091064
0.012887797510639164
-0.0055177130199038265
-0.009858426601369038
0.01676675867939284
0.020269503596080863
0.003654091193889622
0.019949046142678235
0.004095921119482123
-0.0018682603375496658
0.024008938509018425
0.005205390314344007
0.0029634485740377683
-0.005704391991327163
0.00011458945097687218
-0.020571085578001184
-0.0034363901813712298
-0.04433869708037388
0.00885447008795977
-0.002998423056246948
0.026402388825155537
-0.018301509126969644
0.0049595362351783235
0.008074451044220585
0.01071721907884473
0.017336135872976898
0.007615328943091568
-0.01761018867477393
-0.020619502555996247
-0.009846301402012867
-0.027810409100837444
-0.0029081213350750507
0.021630357500518768
-0.005523913301425132
-0.0039542740349997945
0.0065873197274647285
0.005444989917788768
-0.01975624182625156
0.003932979584415847
-0.006209936065462676
-0.0035641105892706207
-0.01725432123832288
0.007663629200317007
0.003888424069069018
-0.01036186624169913
0.010462268924312105
0.010230103627208907
-0.0003127428980669333
-0.004752289905338873
0.0002649509464792135
-0.005231717452557207
-0.014662397793332133
0.007887077417882254
0.010115125577250222
-0.01401620355506746
0.010159013104803846
0.0006540848463941259
-0.02239396466319026
0.012931224449563078
-0.004165735337658804
0.013808943972289725
-0.0002523896516658554
0.022373933475364233
-0.008476801712437379
-0.018064520188252668
0.01332929105389049
-0.007700055756189411
0.016834420394630113
0.003974201939678387
0.01090019862970261
-0.014598365058676436
0.0053775126166515684
-0.0007086086441174218
0.00310128296990832
0.035451561272879295
-0.005817934747345061
0.009401332809129859
-0.016737087283743738
0.008345148459420894
-0.008473445572683393
0.010252436492215718
0.021317904382040266
0.017352057478145277
0.03855208717287369
-0.026428617299773638
0.001630271044718577
-0.00736048108425685
0.0014951283041200868
-0.002500860307893249
0.0012091151601241884
0.021242717582920574
0.016475142924135
0.005238265379841359
-0.010742770522289741
-0.018982752390254338
0.01094768557164285
0.017273527180262496
-0.019383012608644078
0.00526483772019587
0.006998285073508909
-0.012902433292874745
-0.006420038514266419
0.001917068725258526
-0.018529614496602884
0.02072589077333989
0.00043007977047231777
-0.0032730727211270454
0.003349292332229198
0.0003213569233775199
0.004354541103064137
-0.011492154121006263
0.019046720769394055
0.00849966249300472
0.023998607453316643
-0.015232349328264193
-0.006052660934598096
-0.014922703468932983
0.007266261393905088
0.012340833479783781
-0.007212507142591975
-0.027663645611892766
-0.012998048619291954
0.0018820482180229095
-0.007754837743986525
0.002821796871487762
-0.022829833986234355
-0.007557707106562853
0.01300701060968041
-0.009439579460597855
0.002838350045207551
-0.006273184837808087
-0.0065367641875627965
0.009497985051017194
0.026630636235291757
-0.0037210900428180666
0.013384212794919784
-0.02720787077026774
-0.02650644047570683
-0.020698376323683088
0.02285943362790587
0.012497873970422034
0.013875220016373695
0.008600180566883334
-5.4023667596434996e-05
-0.003563555754873063
0.03322106362352449
0.009836796055088701
-0.02312916256298978
-0.002758172211621748
-0.01426897433042254
0.007456892680906529
0.0106940175854454
0.004418060825019464
0.002706418986399794
0.031486859519327504
0.02519764391348716
-0.021632123970058405
-0.04795888195100348
-0.014352597816713842
0.02622042142204646
0.021582374155506068
0.016293457124492487
-0.015554331815019133
0.006391120543423665
-0.011954181252758881
-0.0012382888530922285
0.0028709855584783547
0.006298539378620422
-0.004298483504697368
-0.002621413755390995
0.018719434299134537
0.02297259618152269
0.026545748653715163
0.01745507230369165
0.0013564434075665063
-0.0068818388844356666
-0.005805733230222298
-0.018083681553486858
-0.015052473506670617
-0.003463180338164857
-0.007765071956109396
-0.004339811733673892
-0.0097912792712887
0.014384018492860917
-0.023536877165578545
0.02314336671603124
-0.0058577568650041295
-0.02609046857201741
0.008164351246102286
0.00821300962499891
-0.015141926389528354
0.007826238891879674
-0.018185464170762174
-0.00014268207363794805
0.02355162767365654
-0.00046754799435865186
0.014100013248800107
-0.012314713912180877
-0.01760758555799661
0.03678765461235614
0.0023243978310358536
0.001992412823249299
-0.006851144165972576
-0.0026047374240033803
-0.023745808828748605
0.0017077016101808217
0.008338709498432895
0.0007921179011897903
-0.004591559610709236
0.022299400252378747
-0.007402029914584785
0.007127650129052443
0.018071064955562783
-0.008214589963964803
0.01968448160515899
-0.006631137640588439
0.01652907242374286
0.001671462439211558
0.025199450748616542
0.0026155497002766266
0.010622636868861408
0.0015029525241815724
-0.009753044645073563
-0.017195636693921306
0.000394221043900416
0.00183910491040685
-0.009518598337851743
-0.0028554426216172825
-0.0005506096069608554
-0.02492535284737226
0.005379567169805838
-0.015942628003648623
0.018723311029840376
0.014803728474911765
0.021844383891104192
-0.02303728684733936
-0.029713931860999524
-0.003435817379371521
0.007409144475046113
-0.0008486234835929883
-0.03710460627711546
-0.03448811893718045
0.006625079254740516
0.0019821866887408876
0.012499601384667733
0.005616940561034514
0.031119485542028917
-0.025981599250190224
0.006506189219844862
-0.017349174440550817
-0.009903591285530552
0.0076685016068512996
0.009887107557579206
0.01147228578642416
0.011811298553025162
-0.015515595859104456
0.021013210258258943
0.018027666023131883
-0.0019112935543014846
-0.0026217427341217216
-0.007570675640133132
0.006935686830780349
-0.02059811209484005
0.018621624971990772
-0.0010448749132207112
-0.015187155838704358
0.0011817100232497223
-0.011411095283058354
-0.007569381905325493
0.0016731795692535517
-0.0010557344464720234
0.02626224721392928
0.00971434135988859
-0.00501933669020283
-0.013296740279850124
-0.003425968025893994
0.011850308525058417
0.014265794204355241
0.02687867496703801
-0.007046640260596717
-0.0231770977397758
0.01240299069010476
0.022225933760855344
-0.012006014829462138
0.012951759291289666
-0.016286112041207976
0.005490879997106244
0.016021281933190273
-0.007453094080653384
-0.018980858701550522
0.030929699652036013
-0.014671314378463817
-0.00108906532597163
-0.03088022240782199
0.023283803888864734
0.007642014378392233
0.00028211663144759973
-0.00928889760099583
-0.004725930576445622
-0.007366753668188767
-0.006260409889755561
-0.00017721408851968136
0.0025863140669083653
-0.008099876283290142
0.00706777942377837
-0.012350070217469781
-0.0017864032909328644
0.007317586791773301
0.002544104325131016
0.005179020845587075
0.0060502098639587
0.00508004297314016
-0.006218099811898754
0.023669915208767503
0.027444721601802474
0.030132896875545014
0.0059684987238691235
-0.0190375243998015
-0.0004127895913279495
-0.0022334784625421995
-0.0011882331801046208
0.021299308678434516
-0.002510265863861773
0.013514157722400777
0.0025279626741275324
0.029947849862754734
0.0100242596476961
0.00523263968912554
-0.004887431629559435
-0.017708028647928194
-0.021012894005587177
-0.0060577864783764816
-0.013393047616463
-0.012831616783563956
-0.004377882189336572
-0.017305991457239267
-0.005370529174414464
-0.007100952969676385
-0.031413320038315436
-0.015976965318864757
0.004192984734550856
-0.0007997516958842773
-0.012277556409752186
-0.011502096370299641
-0.005711497219413263
0.014142314326340874
0.020001444502588436
0.0010261807127823971
-0.010459370143410801
-0.0061254176106214486
0.025623250580194063
0.014574786442395488
0.020717003179587506
-0.017711678663308753
0.028393596826456032
0.011858739022125512
0.029584675295209494
0.009508586681195343
0.011020491889286757
0.00022680190245226266
0.01743581330949569
0.01614342080091833
-0.02493227006121074
0.004633968594370347
-0.005189115692575898
-0.005704302846322151
-0.02815220442577583
-0.00847807002092301
-0.017166408150978092
-0.01952543647554577
0.006085525784519408
-0.023322656526730934
0.01272820409851537
-0.020987233931885382
0.0076485506694017585
0.00280592336613749
0.014397720428509916
0.016178565827467947
-0.009196159927769074
-0.012912522692017037
-0.022241910029713412
-0.0007583512897651437
0.01569812932489076
0.004767879537407785
0.0056567229035448235
0.009074102368697391
-0.017535023068998432
0.00027805949741831204
0.011066027765578796
0.019635644684082115
0.0003671144972840889
0.010325060337589053
0.014624398051353894
-0.01251595555702075
0.018783033710876123
-0.010574919443925978
0.013428419618013736
0.0021854989111341986
-0.006120584604530811
-0.013078988683165725
-0.008229392520732192
0.036276713444194905
0.027504459300776156
-0.006773816098681062
0.01959358506396648
0.01663096301367968
0.00038339552549895677
0.01757412457529526
0.012436291554961882
-0.010118101660642904
-0.032141417709601466
-0.00860156657424599
0.003150559598716585
0.004819045265870974
0.006956867172497969
-0.006307351138686597
-0.01900320189075369
0.006879875362723162
0.008017320066865723
-0.01500296856489531
-0.015125523085154014
0.028309157990229393
0.005829066828586784
0.0029082923237141994
-0.0022593288553107824
-0.01016650278551955
-0.0050392372680332885
-0.006933597232970261
-0.01921052440792962
0.007044340559984347
-0.019346829687940374
-0.008413383849283085
-0.002088109707455121
-0.007166843978832996
-0.003511850249682893
0.025458929639190664
0.006292622596544752
-0.01211684319680583
0.012089269228630701
0.0150075980406175
-0.010003121247848053
0.0346295262435192
-0.01608400067907194
-0.003929281900338238
-0.02707454205243011
-0.012064980951927911
0.01587239174698106
0.003924274548204091
-0.011873086840588496
0.0039093710024857556
0.01045493416866863
0.006138306079248447
0.010663355982470549
0.013421649300165742
-0.03075656951288281
-0.006135066333433702
-0.01506156112782174
0.008678799765307828
-0.008662307546327592
0.0020422666904949243
0.01805957979883969
-0.006715845189654099
-0.003837473899381884
0.0019991924019364575
0.03768605709016278
0.01968247100199241
0.008973120146855801
-0.0023590976583140856
0.007204995745683877
0.023101706847664043
-0.026710689169730115
0.0033720662437351774
0.005570037780398909
0.007183648670393716
0.009022277562785055
0.02308327933078106
-0.003969790915056693
-0.013745917371597294
-0.021751657558374292
0.01928557660078592
-0.0032676187614933436
-0.020759873094092725
0.0013486884029654828
0.013267333665772759
-0.010126780716804173
0.010324887053211175
0.009534450467344777
-0.01423766781101209
0.006684787588120005
-0.02511862930591104
0.01375767945988932
0.00598699649029371
-0.005665279533431676
-0.0057999568260217686
-0.01568811821872578
-0.028488430560468125
-0.02095020352246517
-0.001069758630745635
0.008877643119950573
0.022329672769848395
0.013244035334945548
-0.05263168822908755
0.0268435843751121
0.020062097828068195
-0.007798647654396011
0.023042332833765066
-8.394514421503421e-05
0.010155240249576918
0.008387877554119233
0.011211454079813535
0.016245487990913698
-0.009523766368904115
-0.0012680665922906575
0.003451517493774505
-0.0027922677437927186
-0.003635221833631821
-0.022966395082058735
0.02909644585917075
-0.008082443678618441
-0.008458084142886724
-0.009447755904236969
-0.005215413076682539
0.01227043440363084
-0.0053795435836765035
-0.009773158925546081
0.01043509880421201
0.017491337935058734
0.01874639721476282
-0.0031969805423933016
0.023630935225012348
0.0004414471176205602
-0.0014792553332180925
0.030508721581602366
-0.011798341086046568
0.012278322273347256
-0.01187966349706717
0.015353227809332355
0.013139649965294153
-0.030846215881058077
0.0012062929715995182
0.02505328974885989
0.016533848909513222
-0.013006363545503398
0.01080902496863648
0.012833177979505303
-0.016007074489281955
-0.012404687304121127
-0.0204606599809222
-0.007480355119939201
-0.0025917294437443885
0.010555834670880577
0.01586440813640382
-0.018304087316572817
0.004178168332048645
-0.012673882850748469
-0.0084125208239053
-0.01393344105556279
-0.0006013049909248253
-0.0054495668338271075
0.017605723184504245
-0.0009076425301397613
0.009734563960025411
0.015041871486838172
0.010083924787120122
-0.02263040791790505
-0.004507276388339307
-0.014307153965442425
-0.006297480358462961
0.010066276357704837
0.017688474826743288
0.0009843063604981564
0.006560711018000166
0.005637320259234968
0.03283908049192664
-0.009108817341010893
0.014471932632472814
-0.006259660683446168
0.0015586311459279334
0.002279491522144174
-0.00011575705701695384
-0.011716187922638949
-0.008823240007068562
0.0009858995021487134
-0.0072011231577439345
0.014995428440229554
-0.01817847480503687
-0.0073165901395503205
-0.017825130342746028
0.015602003762117067
-0.016330390227713196
0.002056784583448247
-0.002197807237761604
-0.005505488511837783
0.012952867741836181
0.0009439593855298401
-0.005703300533317974
-0.0014924724305032267
-0.02328087269337499
0.001309983126730161
0.0003313677017130149
0.015243710979206081
-0.011633234634302131
0.017847555194470312
0.013757697567461435
-0.0031201450091600923
0.013854552408128872
0.010279437474608417
0.004444497775647827
0.012715106863160897
0.022390360838967973
-0.021138317463809713
0.003774770701477453
0.011188089590360122
-0.019295294900322276
0.027984324832724623
0.017699474873757663
-0.007717033597186482
0.01586195065391554
0.0023124430089902152
-0.007530783381107685
0.0005031372219339355
0.008663940408339984
0.029989156800379366
0.0029666570812383105
-0.015422502123591395
0.0033696692345452656
-0.04786856240298001
0.016612965405678484
0.018104863869325742
0.016492998964691023
-0.005630968000390971
0.00480095282086226
0.019661925394002727
0.00886395036322984
-0.00978227093302605
-0.004002416729749426
-0.007677833711105988
-0.015437186067070653
-0.021691170788438456
-0.008735155405685974
0.004377340610936001
-0.018788204125318328
-0.034413466347909843
0.012837937684994478
-0.004986414339743328
-0.013117973248039698
-0.02897797082475445
0.02288062672575155
-0.03055378722489522
-0.004826222233479553
-0.0057850776327368885
-0.03988353748678877
-0.00538009250437593
-0.005780137044621044
-0.007493249607396124
0.03474801293202566
0.018028515764387958
0.004569983491444419
-0.005597765712702357
0.007891839269714793
0.007571617467669869
0.035752595296775616
-0.008111741648938292
0.0021709133689320308
-0.024571031106299837
0.006874322018317435
0.012688504585228012
-0.022157751841324652
-0.0014391830813393902
0.007032090637490702
-0.0020946521797693
-0.00634229334170531
-0.0025188258594099184
0.015547372672296125
0.017993135388606512
0.008357083275352898
0.008348320980180075
0.010433492953113672
0.013630269236400306
0.010912008498496769
-0.01940475330224833
0.018486742959369404
0.011748985381988729
0.006214460084303564
0.007307242857954428
0.02251837093201477
-0.0003158588555568411
-0.02259814091016009
-0.009966141832783154
0.014389348773013875
0.021126942578375673
0.010047724143004262
-0.004992839614027629
0.004307279309488212
-0.011238031641087713
-0.026959444549640433
-0.0021808293360104803
0.012840075381868293
0.01579265992043183
0.012008316522654444
-6.801659936459849e-05
-0.04913338064655389
0.006498731754455993
0.012013702632663808
0.024105835395572577
-0.00023512175121667873
0.0025267466193210145
0.01534655365453428
0.0084399316821102
0.02007683350412694
0.0029914119569947164
0.0036540738128415517
0.02511214298456573
-0.01623923795655559
-0.020940419464181695
-0.016367757191319332
-0.023882917041985696
-0.005856459742982363
-0.026532635633640094
-0.0017675835102972277
0.02561769349209237
-0.004199491912752561
0.006506749653588609
-0.015497293027864413
-0.01034795148828771
0.024200092287964135
-0.0006431132228669478
0.015322769684863811
-0.009926570198317303
-0.0065507222141382385
-0.009803323455439225
0.010016494890127606
-0.003314901230857147
-0.020156905310823585
0.0027251058305880517
0.005898854448897325
0.024223341426335785
0.0029243819886594154
0.03227245389792645
0.010108833106787342
0.034926841793202226
0.0006837598229784084
-0.011087499632663297
0.02769912630206845
0.0018122917400082792
-0.018779415399071995
0.010611888612343096
0.021137859510592168
-0.03795029115458427
-0.0007775426655384481
-0.007572935174843811
-0.009365586290887611
-0.004580134910120078
-0.0165024069806999
-0.0025572768221747673
-0.03232066461763081
0.008644566152286417
0.002307474568936773
-0.005094638449609931
0.007199555131629487
0.017340588609878086
0.03139961710183491
-0.045282178244316934
0.0012739468706390342
0.035511695852903556
-0.02811940348246064
0.01947465742382494
-0.008747985494557914
0.0078488237527446
0.01833971059634087
0.015408936336687216
0.00010360030304539403
-0.00890580307630763
0.012904795318171871
0.01605811639164864
0.044198126618850295
0.0026908789087438066
-0.008458680191482174
0.02035576661797802
0.01768377757180938
0.019706411400296477
0.013977987765067996
-0.006851274420154515
0.0015814800786966127
0.010502554438890303
0.013233586205096192
-0.006648385052916328
0.009989288646760235
-0.02603673559553726
0.005871096757382998
0.007109878823777543
-0.007156325736992283
0.009280279084172378
0.024595149459135685
0.020123781763659112
0.004641027209858862
0.0017213014969788294
-0.012775943426698593
0.0043852585272279795
0.008130702796677868
0.02477748759175899
-0.0071735509247921585
-0.015766800500793737
-0.009702325063436244
0.016312377352432135
-0.0037616352581797113
0.004071962259856621
-0.010695173464573592
0.002783212573563321
0.017571788497146575
0.01904609660024059
0.015451692516480146
-0.01538065098809458
-0.022096078490397287
-0.01885108898678355
-0.01517773690408183
0.03402392905682394
0.005375663618811356
-0.029163873539750446
0.025755330126466632
0.01953648117287387
0.011964140666354603
-0.03010490354790581
-0.017536421997745393
-0.0017805734085538111
0.0025836544372196016
0.008679639789855913
-0.018486654937059664
-0.005174501703833861
-0.023831578698856406
0.0009524128780589963
0.013931953372680226
-0.011164754734460724
0.0027452343078254136
0.027662060297847874
-0.004893753560976866
-0.007984870959363493
-0.0205053928321877
0.01624837625216969
-0.001163594136601288
-0.005220938785544976
-0.004432919942236862
-0.022612374544070432
0.0004036178545586992
0.00932296071876425
-0.024240596727816838
-0.0008004634352380153
-0.023214854612660145
0.005748160831213427
-0.016665716553526895
-0.01858985168110926
-0.002397582078101759
-0.026753321652497816
-0.00580611187734436
0.004387210566232382
0.017964865238768283
0.007010218661895747
0.01725865346495845
-0.014061308363844133
-0.018643489904323553
0.0044131945187643445
-0.023623637408343768
-0.005982490737823235
0.02163908306754226
0.009887373282237877
-0.002235814801934022
0.0011120476615073356
-0.0073000239952589405
0.0064843538499364615
0.009442091191457608
-0.012833055464679617
-0.02527745117962422
0.012832904843580583
0.05259042203788221
0.007862221694950869
0.00042532427177428573
-0.009606773244487166
-0.02303944016837129
-0.00015353087029023466
-0.012781125486381975
-0.031280227608262615
-0.00861097189840561
-0.025951633291507258
0.027408879341145036
0.020819837277599076
-0.004339089403612498
0.011413923315544458
-0.023476975971064785
0.009799948509692409
-0.016799178486316603
0.00036312743412442346
-0.022732585023777674
-0.011343855136519905
-0.017500551079820906
0.029248924314840143
-0.0005253723390554754
-0.00442771870631155
0.018744514694704964
-0.012309460513100888
-0.011434638835612269
0.010709106816084921
-0.01906292845235566
0.025509891131835723
0.014380822307739292
0.02338008894880863
-0.0181732501689846
0.01501126203589542
0.003885691732294196
-0.0008398037381295723
0.002657509884534998
-0.00017963001182993987
-0.012342093939422809
0.0014213812678836868
-0.02771397415735313
-0.020202261870904525
-0.008863520176851221
-0.022995060449688604
-0.026501916444776917
-0.0018349625101114434
-0.01351176692017038
0.0004091374305315535
-0.015904178358361293
-0.03839090681394513
-0.0027618024220303875
-0.0002960870764840734
-0.005013847399118573
-0.007319919624257038
-0.029778014879576306
0.0014343194955478578
-0.006821951272971432
0.0013155799724626736
0.014683691684829083
-0.010704728813612546
0.014257484111072095
-0.019649386902767033
0.013400844606456897
0.003869148398599197
-0.028818113215924
-0.005839148385092292
-0.0023269280414123265
-0.011184346723567867
-0.007796123751355994
0.000990075907309939
-0.04057958899945634
-0.008718920103309795
0.001978270263732717
-0.0008870937468877099
0.010945769765152037
-0.0301748818736953
0.010517246365154297
0.0234445133289175
-0.03918282239382903
0.004435678691111635
0.013559079931951233
0.0032603874355711998
0.0011601374873623123
-0.018095963393379905
-0.011294483278783643
-0.004486247383287278
-0.01706016464179664
-0.002215805305944535
-0.009893723713455167
-0.010928914747144214
-0.016503256201451252
-0.009441569687577258
-0.008902360283809238
-0.02392833377042413
0.011762069493956301
0.00876170575388314
0.008351743733780852
-0.013307029073193224
0.020318812359219306
0.007352605046664156
0.006696628181338093
-0.011414484142749048
-0.001154083506059716
-0.03076252101468734
0.013211521515707137
-0.03516318392010701
-0.008359247146180967
0.00035766807171642295
-0.01016952831070601
0.022343376216966637
-0.007329492850060276
0.011871393046163586
0.008271229580018314
-0.019446592675120875
-0.043239341097465814
-0.00605408595280695
-0.00735984665037773
-0.0282998373787035
0.002691303416781735
-0.0059595852915544706
0.00827777394874081
0.0005379516409813635
-0.02015939662077704
0.008329493233717527
-0.009054452760433311
-0.015011498387650968
-0.020183988970636637
-0.01209006620338721
0.0005523066373142559
-0.0009320344477322488
0.0036108612131337016
-0.020180993043962495
0.0002307357264532744
-0.009124606452257777
0.02056589268849409
0.0017523522031875063
0.02310800066093569
0.010133297693561479
-0.03492931409209704
0.01944889515633316
-0.00567094398253623
0.006744134289185881
0.001742827134470066
0.013153436063995102
0.014476112615070681
0.0028215039658307977
-0.02272475797814463
-0.007155763030732511
0.01677971984088126
-0.009988989255485248
0.023513880916725953
0.0133674686836333
0.009816228148790457
-0.01244189728110174
0.01131663652808992
0.010224515303544034
0.02177869267399003
0.013908437923123214
0.019632359546009885
-0.007043010034651995
-0.029599034886690044
-0.0033800604208229553
-0.01517947613632016
0.012834914547876403
-0.02206626573270689
-0.002213711124339656
0.0167638075412974
0.01951840612002538
0.01874964864893141
-0.01851344468319934
0.011076170872331594
-0.02773581404606639
0.02366376396051241
0.023695118600867662
-0.009368822902258642
-0.0032221678899940834
0.008395250768183078
0.02404471242634679
-0.006906464504384233
0.002986844832083781
-0.026542236519677104
0.0005503264432805417
0.008223458885116733
-0.030800177417321335
0.014671850483719991
0.004770620847345874
0.012925204371593134
-0.021153427560378954
0.005460144910221527
-0.011479950673188364
0.01579785764712596
0.018324960642666564
0.002370804262105806
0.010190834057337353
-0.023936993268244847
0.013116187482366561
0.01150333718444798
-0.014073841601794274
-0.01376540849736327
0.04490985142865131
0.012179653503708891
0.015737606094922717
0.0062487443289572465
-0.0284474538114393
0.01036643594210854
0.016995294223746866
-0.012905824948837711
0.029388040691119867
0.008864116114727195
-0.0033883919954707325
0.011684900406496578
-0.009908498083462586
0.011457558428078666
0.01676802607778724
-0.02466044878166901
0.016713370600511486
0.003614267803141006
0.014212745492225311
-0.020596235244754617
0.004474783388534478
-0.013903830317341843
0.004655203484301056
-0.029845711129305716
0.007448719425357787
0.02769884796930047
0.0216856912197652
-0.00253932858507754
0.022029270295053187
0.027767607299829317
-0.007467740350333683
0.002346766293522702
-0.0040807431089330895
0.00466080025293434
0.00048422430273159164
-0.023502000565156562
0.0007368134631213046
-0.006333692543735557
0.0008211194567914375
0.005187656745811186
-0.0010482752848187376
0.009019730043740215
-0.008873722344150363
-4.376927221471684e-05
-0.01649615219631605
0.015797191041797335
-0.00558585732450885
-0.0184826924996791
0.014528606477079141
0.006531737864898554
-0.006786722847534645
0.0032348211186724344
0.02908657065631297
-0.02299437085358582
-0.0023351982390644446
0.03807767919477616
0.017937167828302042
-0.006454927677585086
-0.04557824662733845
-0.004910740243141426
0.004069552500822659
-0.012629098497462323
0.004361920559048077
-0.00424130987259909
0.00012560733329326085
0.009108339140704323
0.015788507056966817
-0.01887101748449431
-0.00583079806339184
0.014317344515372405
0.005774710697714844
-0.010086451975860975
-0.013663731230904766
0.008981254496288976
-0.015448318034279655
-0.01653567780349481
0.027819210697118832
-0.0150605074759288
-0.01957377899946062
-0.004372975476440033
0.03045136967112942
-0.006842643659624628
0.026394794652417824
-0.008788423764838606
0.027816669450522573
-0.015239501684275705
-0.004501927037668156
0.022312350195724865
0.006326772299702289
0.032572159100404605
-0.018213495380435492
-0.022204023735420103
0.03851543264721474
-0.016870618100162386
-0.013209814311785887
0.008443261921381357
0.009936250597273218
-0.009711625342535751
0.025181421027800438
0.0025407640865783097
-0.018119081102141197
-0.017850443813239286
-0.007140810500765779
0.04247547948881046
0.011058012958567875
-0.0051259929144199905
0.029662733726091833
0.0378639908443117
-0.005527297161793185
0.001092890266580068
0.004136626153151753
0.001317204904528105
0.019545057585624317
0.009095487550060545
0.026905910263245063
0.0008647264575202167
-0.002163105066498295
-0.008954558038599084
0.008667816158856593
-0.02972576768770319
0.025058215535584957
0.0037093359095530737
0.005119598411190586
0.0036765415319605635
0.011191672897577403
-0.005883171402606217
0.002020040477427206
0.012611013158207387
0.008404458519272278
-0.025273147126148462
0.004835465402524319
-0.0039731700235580685
-7.577843994667271e-05
0.010151875220808848
0.007244382028452205
0.0124239499721032
0.000882897126831028
-0.023122108966640645
-0.008400202104978383
0.012142039715380536
0.045231746340084575
-0.016820968034752755
-0.019513551940962486
0.0015626807756283537
0.021141968007339345
-0.008839388946948811
-0.0006684178851736769
-0.01821984281593684
0.01421028679747318
-0.012271660838581163
0.009811526883538691
-0.011462993169783166
0.019309571434723963
-0.004968387817922317
-0.033393664409575016
0.0002529051882996891
0.008943827048416193
0.005498258706426559
0.003347545629267653
-0.009508003855425703
-0.008160617807038851
0.005298183985229327
0.016512844813573235
-0.021770511104130415
0.0032103060672826833
0.013243846759705056
-0.000256782738764302
0.02695135940985206
0.00015191704766132595
-0.00015963269840218487
0.0018697859912238865
0.005549621977473239
0.018864315036951674
0.015153481445980327
-0.007834578101173363
-0.014688707881767373
-0.003658142336514733
-0.002468764385338912
0.013953863870472897
0.02589115057487286
-0.014688507996551678
-0.004158938700186141
0.004097497404463083
-0.027995295940572987
-0.04038439984186718
-0.02224024497144339
-0.013000253950952567
0.016067332854470477
-0.03303132719433462
0.020250110913072286
-0.033869520661457084
-0.005135547851083838
-0.004674645395873077
0.019058073042589913
0.02392863109948835
-0.020698759027767393
0.01716275487852093
-0.014281204421552108
0.030700885556117927
-0.013125891407660283
-0.010582028381151952
0.0028583067318793936
0.007786246724799754
-0.020310446940726437
-0.0028312940100251663
-0.028211438167029364
-0.009068775191971268
0.00949186257057906
0.011104477141574233
0.019371694063438846
0.0030037844712295196
-0.0014625080900884547
0.007305594086225336
-0.02973155931506355
-0.017916846531294415
0.0025495846010864243
-0.012700117064761542
0.024159889589776665
-0.016533272383551973
0.00673038582782895
-0.026381676927414457
-0.019115830166013557
-0.012477011392507
0.007250637065336128
-0.0035707462759190733
0.008961733093751536
-0.00012222251898545613
0.00360486838093291
-0.0016990894906607906
0.008701568137613835
-0.012637928016993932
0.006504566587017703
-0.003298078804800344
0.0025761877706540776
0.012320287382792118
0.008246213299012387
0.010944803712996776
0.012148776286923225
0.017408045028049133
0.018242672720385718
0.03154921639818693
-0.03319097842791713
0.015455275485421565
0.00480718248085513
0.012438749312897086
-0.019728084832967764
0.011097834284837217
0.009904679609615562
0.009602276633638534
-0.0019224798286100915
0.028286677777677516
0.010054687908403182
-0.01107850570988797
5.3621608254795713e-05
-0.014172731490126766
-0.009199912522331774
0.022304947509423335
0.0070496023369608415
-0.01594330411592093
0.0009510486691857753
-0.014249806467118778
-0.010064213912653403
0.007728663071958256
-0.015083006352998765
-0.010250278329611754
0.007522513093980528
-0.0036326772327210854
0.01694140591600051
0.026765214050435273
-0.0038181038883058223
-0.013462595749983436
-0.003826504723434046
-0.002405190715974616
-0.017123685758938835
0.011979560393632205
0.018724344629696486
-0.00012872127108729502
-0.0064521516456513975
0.007512377127631878
-0.007450311208712385
0.0006413732987068134
0.02908715747731193
0.00729065233714469
0.0255312062258638
-0.0095845170016982
0.005587920990143311
0.00016622516408787164
0.015761458519179816
-0.01786774145759984
0.015527802871072832
0.012634998615914689
-0.0013475425896875802
0.015686092897981032
0.017844913091270113
-0.015127673074611294
-0.0014438113552896334
-0.006994458697052631
0.000571614365529256
-0.0012280315312589458
-0.031005366898181022
0.0002878915730160237
-0.016768127427990245
0.012715104400188158
0.01127350785878886
0.007151924711804081
-0.01775701642788171
0.01587116510386267
-0.028191749121359102
0.010555257751188674
0.03618073107216263
-0.012242377299039093
-0.020622871358212252
0.00944436315830164
-0.016077086084449757
-0.035661689383294046
-0.003829259124341506
0.005920526513714496
0.0027416922973995724
0.03542304533677795
-0.017273059785989538
-0.00315783849940355
0.01326259857640019
-0.014958517218727645
-0.012190441941866286
0.012464585466677208
0.033362266339797664
0.03527866054140006
0.015204124644149006
0.007843695912074936
-0.015771674839440822
-0.02040623938803803
0.006413322056587076
-0.002137996620544774
-0.00034724513248391526
0.013921797833299734
0.014144252848030642
0.03499119293099692
0.012889293654741443
-0.004069674798300223
-0.006299465485612778
-0.00878711640939897
0.017515319702775915
-0.007571903685734476
-0.04433502454327815
0.023016242521093747
-0.009194191225389102
-0.007855683924246853
-0.010478278064621697
-0.01757399358479922
-0.0026327672125096247
-0.010942162759424494
0.008282986399789739
-0.0051652880247459645
0.007279146062293515
0.007370462700056531
0.01786361553933942
-0.009902057093088223
-0.00363667397385052
0.0038470505245842713
-0.001363029585307012
-0.012396643729349972
0.01143832281093412
0.005627743691506711
-0.02178943049212443
-0.0021251909914614692
-0.005556218760125741
-0.001576603664658882
0.026719427534646963
-0.006042216499628505
-0.0020400398145550337
-0.008612776181912456
-0.00830873689439423
-0.0017954463332855303
-0.04709834677102046
0.008265830149703324
0.0020052276150006095
-0.010473698177563662
0.002066482359474306
-0.017005919869430827
-0.01776181152268163
0.002811554325052229
-0.0024309279139105074
0.005922324069078234
0.021465263996673756
0.002387901864618805
0.0055782908416230435
-0.007233996538265751
-0.002805777392003519
-0.017079569328685387
0.029632269720916635
0.012999963046047586
0.004761521110474364
0.024591587259485806
-0.002549516332812035
0.008783028078528161
-0.013277238244015287
-0.005595698472240965
0.004376843991456901
-0.00586439377896188
0.00803480785796852
-0.012243341333660542
-0.020417739612494597
-0.026359291939067005
0.006065009268767501
0.014260160579759412
-0.007678007405611689
-0.022200143462700397
-0.00782863021466032
0.029873148580987417
-0.0014064600459226572
0.018423585262362374
-0.008449155492443804
-0.009897879191099645
0.006164764160795656
-0.004244920062706923
-0.014835965002229848
0.011359238314848075
-0.013529430768615375
0.019580029106582842
-0.0032543368822740976
0.018616199931468375
0.01396209221394975
0.0030241550827603495
-0.020580907913764667
-0.00914011540662336
0.0026948598748627846
0.0071649071730352926
0.006514095868516597
-0.009262356368061175
0.023345956806152722
-0.026842515627053563
0.004207200533238998
-0.018610392889590658
0.0005600141884532911
-0.01211138084440911
-0.0114410503074068
-0.009220847740611169
0.021373556362783007
0.016616859684608232
-0.017652712212537967
0.016595247740009547
0.007016998676433367
0.009738570075550877
0.026478246822760995
0.01042758112161416
-0.007541464731106453
-0.02120150719699996
0.01975066897505413
0.00833864784081763
-0.008744007985539332
0.0020744947504420103
-0.00013675049353388535
0.004708813574780759
-0.019419961009665147
0.027941389388687243
0.014164309616951372
0.0031860531950736416
0.001957813846335878
0.020049666627919807
-0.01487870706228988
0.016571258716821233
-0.02153520578765304
-0.01778243264477578
0.02151348479528406
0.017036470289432656
-0.0042678421030809405
0.002784352733717084
-0.03322476166327547
-0.015326672859063816
-0.019435929828860977
-0.002774634245619349
0.011210957627873452
-0.023874287447387253
0.005453196312302339
0.0001309738190584525
0.026252864745710265
0.0017345658293174667
-0.007253847914670896
0.014283848039334981
-0.01241751712402335
-0.017895479168884877
0.032681053330124346
-0.009261663506707568
0.009172118035928822
0.015828653928123222
-0.033801062673325735
-0.01170049708550028
-0.002050249611796834
0.0007035827150605051
0.008094456789112843
-0.01931360565327278
0.025534127124450943
-0.018323007575842702
-0.005677112668858346
0.01822183689960782
-0.014338166452714858
-0.03458622057407673
0.004008018625871208
-0.0096478542253132
-0.006846049658527188
0.004454614041723281
0.03531488936968761
-0.002387531837661062
0.04145016806056298
-0.016779079462979126
0.00905390227251046
0.0027734258312943436
-0.0035338400049033944
0.0290364453093188
-0.013070630953649423
-0.03147859899284351
-0.01010021900781073
0.005386545409088962
-0.004810753053920093
0.007611936183947681
0.03298962299059746
-0.011180253123515643
-0.012417288917571623
0.010603902919310619
-0.02222148618350913
-0.015882407091025914
0.010765576157120987
0.026347210186275945
0.0074145644789874645
-0.04319057775577227
-0.00010938727989299405
-0.01057748426710027
0.00428911307244334
-0.01615746060525524
0.015881996203680936
-0.010162081502388934
-0.007429276244961647
0.02387357227352152
0.005757179473711446
0.012783203413106405
0.0005420711279937305
-0.002304773456960611
-0.005010922710409201
-0.000673658684515621
-0.005511773606540751
0.01917688501633614
-0.01336699842592013
0.013059509504252387
0.01151477717114903
0.005676863872436646
-0.0033209185015370315
0.010966415510743935
0.00041191688892589515
-0.008889800450536332
0.029945565095046416
-0.017343598523734058
-0.01375069208820862
0.009819698556559807
0.016576471214528297
0.004164960294878891
0.015631938080149916
-0.0010511640896616707
0.005456777749519703
-0.01382877635643388
-0.009372960195745125
0.0317610682718522
0.017728506319135643
-0.0002624277571439265
0.012780954104310616
-0.021629202481422062
-0.0291102766864202
-0.01628664974447752
-0.003089530668780105
-0.012404897388375524
-0.006032771319328282
-0.009471303239757575
0.01518867574021596
0.007523069449878895
-0.018296730558490192
-0.0032634824929126767
0.02028920651698684
-0.02572945039921927
0.017128111773253442
-0.016278905143963174
0.022225581554531783
0.014989896613912415
0.011044978880240522
0.01586114692915335
0.0041779122832770405
0.029555097215603024
-0.014173227740342315
0.022542081130923868
0.002310386565553887
0.006535322705110655
-0.009226294137034987
0.01835109125929933
-0.014016142094455276
-0.012765522779141846
0.005147316817620181
-0.018473215137284994
-0.007960789179250034
0.008145918998360237
-0.008451916185263995
0.006471458501541677
0.0017250383070495038
-0.007707174088959209
-0.001647087117459254
0.020356904325419527
-0.0010473992590926996
-0.015405973094092475
0.02522447966145664
0.02632795949748669
0.0006159740829718308
0.013258683220715807
0.013839097273715868
0.002784253756505468
-0.009835397566070577
0.016947150201312548
-0.0016167423368009075
0.014591721447764962
0.01936819734000241
-0.00432029602614379
-0.013041312493321125
-0.01100891150836516
-0.00513253572226448
-0.0043562633532886605
-0.007082518436921128
-0.008745627315580068
0.0048555189664161846
-0.00956477973535083
0.0172261447328277
-0.005862669797504804
-0.009676565510144059
0.015772868681665077
0.021130601300108937
-0.0047559685865289185
0.016043747871033028
-0.026520197378485343
-0.03950630678531586
0.011405206612218981
0.017793407104146272
0.0087050336078513
-0.008163782964922562
0.008580488267477841
-0.0010424834183390711
-0.005040360199893561
-0.0025581220014049173
-0.0018553047229718737
0.01306040646862281
0.01828836996181203
-0.04626324486239239
0.006712235419345222
0.001890382837591428
0.01690667721142728
0.006151871003740912
0.007014362201596978
0.013884132581915598
-0.002187235796084744
0.004384365402552139
-0.015433920765985935
0.004194524169389463
0.008356141463231343
-0.026011339424726918
0.0017375103784331618
-0.02207983436434207
-0.009424201225675426
-0.013768758288003197
0.004926520034503005
0.0013881600947443615
0.005446486054814324
0.0030046208777178983
0.0023824003295693113
0.025811061540821252
0.006342208595539722
-0.033168387995057384
0.007612976053999687
-0.015614606741874926
-0.009886322522396244
-0.017351984158570744
0.011074014983084593
0.01587289979286288
-0.0008416875261401807
0.0058879818914496646
0.011656755128449377
-0.01016902225771405
-0.013741754718166093
-0.010901300616967384
-0.002977161281147391
0.01133129936434484
0.01948127530274647
0.02802386724210528
-0.021282400082542202
-0.014655508519557658
0.023065614826597372
0.0035194818343627326
-0.00898201992221459
-6.619120190147314e-05
0.020283720413911605
-0.020076707632208327
-0.03223822929968679
-0.0047607729802092965
0.00036800739208571985
0.006001436815057689
0.005666142756966361
-0.0063815223476686445
-0.008708206439008043
-0.007940512818367678
0.04129653163653789
-0.00671766183675072
-0.0008886528810407007
0.006596759456026651
0.023552321995109173
-0.015281630578509623
0.013946720592363149
-0.003252991472182512
0.006363688305859623
0.035582229512557184
-0.02973316072707076
0.018894531495333065
-0.01556433412565429
-0.018497123516726353
-0.017650705025561826
0.012697062262966706
0.009612397876233216
-0.020768806649771453
-0.026037764216557246
0.015840655292872183
0.000127846474239573
-0.001840292879551826
-0.015854270374258923
-0.010369426228789565
0.021206400753798735
0.011992887591467525
0.02841547489354014
0.003230010311712407
-0.008939584861549613
-0.010285440857014574
-0.004159143287598097
0.026926204313596984
0.001234431618914986
-0.02525022321319124
-0.010826011122836121
0.021105743467505447
0.014213693460101207
0.003582492983280848
-0.01163956779036669
0.016323602822070717
-0.009699733778606678
-0.015922776352364065
0.0034383433301570054
-0.015652115288915844
1.1396766315825355e-05
-0.012856318716336699
0.0028651139751860403
-0.009682614078032462
0.007923522887742512
-0.003121271640721764
0.0022672405358706033
0.011276126900438685
0.017442042980447776
-0.01816956327229546
0.007319669905325214
0.0007147176682308033
0.009404737655435487
-0.00032476429679820056
-0.012586120319403402
0.04513552346502882
-0.028394168553166597
-0.007850804966025115
0.010389960422342536
0.005658721797954319
0.000714601796811788
0.005376469004117127
0.017558992653342112
-0.03438043165765692
0.019376543227545878
-0.007235485144651857
-0.0015364566581780696
0.008094916177535768
0.028378510600247393
-0.001560323994689286
-0.001677801043193085
0.006786551123334504
0.020137830113824143
-0.03543998417512341
0.0010572013717589255
0.0024054362440381286
-0.0036420192201536737
-0.014972881389592341
-0.008231619844618506
0.010467181645146977
-0.00922223550341295
-0.015145732055597182
0.000587652083677101
-0.029847965022427342
0.0032393345842890407
-0.017013570285032618
-0.006041500712234223
0.016180880275422343
0.016066572494912938
-0.003921512690764649
0.017461602378665342
0.008279648549145242
0.013538740240558723
0.022364649704585626
0.014769778601435555
-0.025755916018522194
0.015292110718503556
0.016978982846161044
-0.012073143590927128
-0.010530079000889443
0.009411153343511499
-0.023158786437216018
-0.016025229993478815
0.001763384281899065
0.009953818452331653
-0.018521577502316724
-0.016998616926095007
0.006334639371080017
-0.024289251535534552
-0.008504022057842566
-0.029047033565605184
0.015535924275213473
0.012138329006436301
0.018112850192627122
0.011770676462032162
-0.0016609913406014122
-0.004403398410309008
0.017253293797976736
-0.016995389854413373
-0.012503362543638933
0.01634714014898988
-0.011142650227501622
0.010127832343211038
0.011096400070526757
0.024426214816690453
-0.005469843030386227
0.005436907515216636
-0.00468475594618798
-0.01906072260137314
-0.008594796619424793
-0.033657400817074995
-0.006155846085933668
0.008770048981934836
0.03330157110712306
0.010440312947067586
0.006573584609762833
0.04012310676723175
0.015029611931234001
0.016359285850675583
0.022524237096398537
0.0059732246741146505
0.012134416364301561
0.018912288966388413
0.005964242127811032
0.005029623745966588
0.047220905761577094
0.0018982926419528064
-0.03729182244484892
-0.013204463153713396
0.00671442136670314
0.0222910404042621
0.008493857079924665
0.006884176377403829
-0.04055950571758617
0.006720310380818287
-0.01290146562896671
-0.013590115934307449
-0.009492745979884773
0.0005444047472732841
-0.012231075051673129
-0.01654086262950755
0.0007619591872298852
0.008065347583954026
-0.0030891562148659983
0.004549906526612458
-0.023937822347211896
0.011077759871250467
-0.006353564057357764
0.0073243673221688455
0.02629770893912191
0.008129483562984314
0.002621680060440096
-0.0021975078701292096
0.017722159859063676
0.009066402397940269
-0.028350551831285875
8.27754803107573e-05
-0.01783694565902798
0.00643766849827696
0.01648083312658074
-0.025057251311404617
0.019235184989200457
0.004424588884160768
-0.013446630425169515
-0.005420843617659413
0.0003361681349429617
-0.01725505869377178
0.012577336837756574
-0.012854215031100628
0.003492912243941443
-0.009171085204875635
0.0038340667407951805
-0.020809238619561174
0.011648086255920209
-0.007795914258303905
-0.00013171583060241597
-0.004580919754517182
0.015648892530524934
-0.032924307083032095
0.015331838375756007
0.003920074074495222
-0.03843889762361226
0.008556587621689598
-0.015752327074062485
0.03383623779366347
-0.018550691923384773
0.012418854730955239
-0.03377110290259608
0.010050183165874759
0.014425832547682472
-0.011849445583765555
-0.02816859464936353
-0.02237586310542314
-0.00028796390024011425
0.00847104674032164
-0.0035952848579372167
-0.009645846389567113
-0.011355848854504155
-0.009742402016659754
0.010505610526375142
-0.005589893320431572
0.00012118573905289982
-0.007847913850857688
-0.0011805721085052837
0.008520796667816515
-0.015807135175192194
-0.008472343600390802
0.0036111965641176342
-0.018312174878490354
0.009367041381850467
0.0065493867769202685
-0.01936981476441346
0.0067485151162586954
-0.009275001860963594
0.01438598781216487
0.0026111641986032545
0.00472952326376689
0.007640018503468939
0.0011375392414996292
0.00027108163280380095
0.004048315589157279
-0.022277389300856047
0.01794847428597322
-0.01263555237296743
0.013350860978888759
0.009688603659360171
-0.023760238128059108
-0.010350540104517634
0.010829738087430825
0.004045860546194933
-0.011615714495756314
-0.007690639219784207
0.005269444955116621
-0.0003023890002000571
0.014760425593227162
-0.017896819043455692
0.021094120897589844
0.012127533785743976
-0.014812476886456928
-0.01144590295644474
0.0036686325381123405
0.002003601359149298
0.0007512720185348851
-0.012070282173739254
0.017784605463745266
0.01032291714218462
0.007553639642475896
-0.0037398114095790365
-0.016821511075388682
-0.0015965594017135305
0.01023855020596096
0.017445543680109345
0.008150208137815185
-0.0018878268615452436
0.02698204716149341
0.01698787466913378
0.007861182488965196
0.025690094977430515
0.01758895782523988
0.004630250443880619
0.0008071368778994163
-0.008868245331570889
0.0020010837868164573
-0.00424639135778061
0.024598358016946806
0.0074718709811029856
0.026629612017659683
0.01083106571481881
0.026448135672450038
0.016915392073698743
-0.016517190140402923
0.02104876730438921
-0.00848119081068557
0.017130688664214716
0.021906146750982486
0.013433601884162117
-0.024417797357161854
-0.018865437066419487
-0.007025082836250314
-0.015671747133296783
0.027525614708610473
-0.024329990810423138
0.0013293018636281202
-0.005263901954714109
-0.0047879008029587935
-0.0042059650418076605
-0.019809463677538684
0.0023821830237657007
0.02105973853671108
-0.01200108118238348
0.025903614349017626
0.020282514460922052
-0.013555609502514335
0.004609272537937381
0.018956780843273954
-0.020617304515721163
0.01470284441841125
-0.005274919820908644
-0.0011389836163778404
-0.010274635809030614
0.010876823622053392
-0.03393267090391015
-0.002955526336221072
0.002319576184828539
-0.001937274576375608
0.0007761263867408445
-0.00438934139049587
0.007476636241387411
0.016075949902110597
0.02089798512237252
0.006517740347182298
-0.007372367947857406
0.004213305914461101
0.020902407248161968
0.0035227868678488587
-0.003372303008349669
-0.0037004960369978286
-0.015067916102042413
-0.0040875273427216745
-0.012697547224844865
-0.009884157429178973
-0.005299475171097076
-0.0034473286938864096
-0.011354164014120361
0.013825229637359448
-0.0065741290680309365
-0.021596453946419045
-0.02297465739314807
0.018219875089811297
-0.024730331191966843
0.02438275379503281
-0.0005333638538328536
-0.03716748214916477
0.0035204356934952427
0.017552655560758093
0.013752678818715029
-0.023755682433920147
0.01612399747562253
-0.005277200424216122
-0.0398387828364799
-0.020458524877665037
-0.0010886906775219168
-0.005437851061698421
-0.0013808566835324275
-0.008400135041215243
-0.016751060451697403
-0.00439755366617383
0.009665701531062984
-0.004419882499754321
0.013551417552424236
0.006532209575193017
-0.006913002497781536
0.021588184441698292
-0.03145801041764858
0.032133678890576195
0.015202864122442844
0.028262173436707904
0.009589718947569067
0.004672318392556085
-0.01682732746529719
-0.008144268039918247
-0.009771547093790682
0.014042908351252594
0.015204121754978966
-0.007970839248435255
0.020310259354471276
0.024186035061178945
-0.004354237951073034
0.019350496779802332
-0.015913015751366083
-0.005844098066343964
-0.021872812965484517
-0.03287376406402936
0.016717423504933035
0.032138309706411
-0.040071926509451405
0.010122532932756716
0.009630990931296539
-0.007269576023820132
0.018129312826319938
-0.009475292965750254
-0.00449505332935238
0.019163895829579863
0.0010117501617545686
-0.015389370631252527
-0.010120909942680703
-0.002138404437877042
-0.030547316594812263
0.008806973781849945
-0.0072283149406514105
-0.011885570647247053
0.0029673741195908937
0.005368651963227722
-0.01268929361623323
-0.014936520318256773
0.03037087372068983
-0.004970410843587333
0.00528023362610891
-0.008859492176310237
0.023429553741336165
-0.041202165560552687
0.02031866501940515
-0.007069888230100949
-0.022123353513705136
-0.022035243075610198
0.002041979449127042
0.0002724525232999219
0.002820423732666239
0.01431305057640152
-0.006916933297302766
-0.022671622254586424
-0.012904659536215952
-0.024143926174884235
0.011911115121169037
0.0029435459475982773
-0.011402140381767907
0.004675133945952011
0.027477466678890766
0.0001870603449703333
0.006322072739468199
0.030440540226126286
0.013222185442363364
0.015973246346779362
-0.015959655190339414
-0.006542598952669441
0.0028662822898402017
0.01004962203625608
-0.005150910536544694
-0.025115234009834016
0.03231532012294479
0.022311315769915612
-0.010244093968434682
-0.013645882465854964
0.03401510642329582
0.0014581645474662196
-0.004206405144180683
0.010060401470148132
0.024389544211599154
0.0026568521301376644
0.0005733470183660848
-0.014568331855788652
0.04190751607418259
0.004644286331731369
-0.05001331237490679
0.005795792211700804
-0.0023803498055930974
-0.005719124632170156
0.01939115452106504
0.029888740713222152
0.019356689673837812
0.029165726235937262
0.006055194258671294
0.007074520224114023
0.015319104704652704
0.006477322726789013
0.002886792987127325
0.007619839247095497
0.0026086679549387525
0.00411975444777003
0.013601086662871834
-0.016587385091119143
-0.003730841597214313
0.012328759919734636
-0.01865111053942782
-0.008733946465218247
-0.031851865427604056
-0.008179562094724556
0.010064567492673534
0.0015881723881541049
0.03175349517913352
-0.008480232079787032
0.010191129140330983
0.029776609134934077
0.003370521127465431
-0.0019358364262588687
-0.016977190618520342
0.0049414370327758445
-0.01469080428555512
0.00523461200995836
0.02500056313934857
-0.011953165481154049
-0.01709992766844195
0.009347916540694497
-0.0008607033204380762
-0.0056704087186686195
-0.0162477457605355
0.0029639549646868317
0.008683774276861015
-0.011489795976794483
-0.030554710264532884
-0.008421306965019082
-0.011319198608074336
0.023449736418385197
0.014463964993135937
-0.004684433736227804
8.270151389997132e-05
-0.02237505256694719
0.015215627016230485
0.0009713825663155294
0.021750178720020236
0.005406512100909701
0.011141326674205879
-0.004221075850143016
0.02158522115716288
0.011416428223080997
-0.014980003414268103
-0.004625570849229165
0.005405336678676813
0.0019155792256600728
0.008474853529316616
0.005670282924669747
-0.011522957009198536
-1.2008186079558864e-05
0.00508752942745536
0.005014148406245947
-0.00070723698459353
-0.0139656000212368
-0.011485244408254314
-0.00947635086503649
0.006541235948990666
0.025288778967312013
0.014349511936852244
-0.008870820058397665
0.009536580920092422
0.009247179775880687
-0.010764849201795705
-0.020797000650226008
0.013347585066418746
-0.032475030434684964
-0.009374314314566918
-0.02272841620010312
-0.042107273360225884
-0.036279757378546926
-0.010672213843997426
0.001798285019936524
0.01094927698569856
0.013403026311089047
0.02392325027757742
-0.027655722623734714
-0.015646176035154828
-0.008590098107163893
-0.008718253581825031
0.01281620567605722
0.0026478957185404953
-0.019188005328669395
-0.00764827825161046
-0.019495751305992737
0.03564785219258951
-0.00019839276958332798
0.0025224136680875916
-0.02213687290955102
0.023142292985160767
0.01944990874150833
-0.006799407764656049
0.0038589965535330843
-0.019087576560379918
0.0005144825807632371
0.00047301614613369384
-0.021498178298249508
-0.005813803537667033
0.006234550608647848
-0.001800596100026827
-0.015121243016715878
-0.007830608513979292
-0.0008554093508015923
0.002264766823780979
0.015372377912108316
0.022421152459234633
-0.009999999066618168
0.028892955463832613
-0.024427828478791637
-0.018369411764659952
-0.008680183470578076
0.004735561136062349
0.007369929700663421
0.012901346693521063
-0.005418484376865915
0.02850666846863059
-0.010420698768006392
-0.02001883010166602
-0.008119509653810576
-0.0053802031719055385
0.018611839077904643
-0.007146951614519418
0.021805761844532597
0.022322793611590327
-0.00022601534058587633
-0.025297176535410932
-0.00026909089610121194
-0.004087724950370852
0.014145073394554442
-0.011735858022559822
-0.001256755016358903
0.005612447381925809
0.008455481692807578
-0.023678055930295497
0.022875165128227945
0.0180360962026455
-0.020837927900796104
-0.004898821617014961
6.464602965656954e-05
-0.021714261255269998
0.002337671534969789
-0.009041519352650872
0.004874982727617137
-0.034902998303500375
0.020158177323054118
0.0019984198933836565
-0.008242900491350685
0.0019084679981740873
-0.01660407492273239
0.0009524667413269763
-0.016994205213595435
0.0008323813561629425
0.01352762173450061
-0.013413674072044092
-0.02302506033089926
-0.0005195411329125751
0.0031497808539902197
-0.03965939642792542
-0.00434586959406157
-0.0181904878287775
-0.016037034472805616
0.022589321918413174
-0.014432657455557054
0.029610895141456546
0.004109214384714193
-0.0027187448188524714
0.02127592853808188
-0.010319093184430509
0.012443955770649856
0.0007076833964407641
-0.0006188958508270446
0.003089642751001578
-0.007858668915784624
-0.0017398197617516584
0.024864902753679332
0.008535863594708261
-2.753920658546665e-05
0.010863178259849657
0.016285135928816932
0.013848550182375635
-0.0016651970631390255
0.0075835020960992715
0.01031603019190549
0.004846605836590388
-0.012135180818512772
0.00860834028169501
-0.01442320302138805
0.02100132787133192
0.02396791615685434
-0.0071292187206839245
-0.011390524018988008
0.029445630877875675
-0.00634538214844509
-0.01892012675270129
0.01304414926853943
0.01309189955940318
-0.007263906285688789
-0.008771428825153714
0.0152426996245238
0.007863807652310515
-0.008163290681707243
0.0025024497360964073
-0.01609457204369156
0.003962007917928209
0.007838315519599574
0.005605338839089619
-0.015246703546877769
-0.013131817178789154
0.017897011992858692
-0.001166413578217923
-0.015128612128953656
-0.02525381318374996
0.0010233922452657987
0.004473454023800462
0.033501305684304275
-0.00872395448680937
0.0165302866164895
0.01157966323440336
0.01831775950994647
-0.011880115937963162
0.021505564380870534
0.00038394481552161616
-0.0008886592156625017
0.023519544946623252
0.009909553534381305
0.030712269022984684
0.015722658744591896
0.011396682525718009
0.012450893741870596
-0.009662641239706631
0.020112432351057648
-0.03129537343074748
0.00243827225275052
-0.03831145494294199
-0.02280729287591588
0.012821601480370308
0.003388048617708978
-0.016371408538832764
-0.01763930566159832
-0.007885475908353203
0.006324404859889225
-0.024594037608969166
0.00512603978008575
-0.010511833577831038
0.028918796446213948
-0.008620459869222188
0.03475923439650317
-0.008262985873970868
0.006112105096735324
-0.022913792622972225
-0.0006154519698690049
-0.0062746517710239565
0.002071602308521413
0.030236619268761436
-0.023189941363394594
-0.02678089849987525
-0.010120152171663496
-0.008361227993883936
-0.007636853828073418
-0.009481787375513046
-0.011938799423204964
-0.008730979957695069
0.000981893982891747
0.015178630787815284
-0.02067388843913708
0.006557472940956452
0.01652508578348295
-0.01386694840858685
-0.023641456295866146
0.004003659361372901
-0.021906528862089436
-0.01508935768367595
0.008206593393671682
-0.008444431028326737
-0.008096693479499668
-0.009373465939344511
0.003605343682534243
-0.01655773147967846
0.0037030501582339974
-0.01461180868540368
-0.012389435244844324
0.016803426330058636
0.009623554808858821
0.016607112808704614
-0.01934778343825054
-0.012911584924622594
-0.01527359160064818
-0.03801829066895536
-0.027423583203300878
0.008862900516729891
-0.004681606723480069
-0.002014040378387128
-0.007986479915186032
0.00575837759337646
0.000581482166692366
0.015821670498073585
-0.01604828819008912
0.0037247896723013735
-0.01075429340764884
0.016607626492366932
-0.012632270686573537
0.009173517748538008
0.0008573388355564108
-0.010732282141908283
0.00455400203545708
0.0030203174649813935
-0.0037145475960465722
0.019690530698161308
-0.013160764646778712
-0.011201915906366931
-0.0020827156602838525
0.014327728372876302
-0.006353178962646024
-0.02182175826234968
0.02446807657933854
-0.011420962247783318
-0.009656756653307591
-0.013985527261149695
0.010271722191170413
-0.014935354791096894
0.007011241999432623
-0.012200505522818785
0.011276067768528948
0.013623779868492296
0.034323438345889794
0.010254678730999592
-0.008062079174353035
0.002068766221028504
0.012960133495979319
-0.010670229402745875
0.0026661913682826987
0.003086335855657557
0.00657885275201868
0.008612723195772904
-0.001629645764997644
0.006705603895879921
0.019433227817540567
-0.018744869070675192
0.02496438889225555
0.01634972544475069
-0.018572393265288107
0.006156227852773357
-0.0025443698916513286
-0.016902153135806036
-0.008434403072335561
-0.021407728616278807
-0.007994986038534211
0.033508874391110215
-0.01084162492417203
0.003867942973059379
-0.001838083823783314
0.009321676240155537
-0.01988597755888863
-0.013599436103917716
-0.012676248769437546
-0.00023038512127022265
-0.02015857543859922
-0.021639700410473812
0.0013750688125916503
-0.015725618251742346
-0.01138320610333092
-0.00916505032395415
0.03732931723840292
0.016528924410840376
-0.018741548935213667
-0.004024827606857696
-0.0012049246196562235
-0.018516117329197043
-0.016891354214682103
0.01054539759362164
0.001257464124663519
0.0022028022176665677
0.0015908606024624757
-0.008789658822104106
-0.005787634555056798
-0.004345539966232525
-0.017125993306509678
-0.0021688804286108983
-0.01884189872087412
0.016748266878261288
0.03229475961752883
0.009081742686828589
-0.026589156946288876
0.0019019334511882996
0.03401137749058393
0.020575442018662023
0.0040027938624682645
-0.02187911265455809
-0.03123811529371571
-0.021254937826451503
-0.025145858367702684
-0.013615859191433828
-0.040889477824360476
-0.0022272801733003267
-0.0019333667358398766
-0.006948643588003782
-0.012535894628664362
0.0186869895783621
0.03040748624067695
0.011127204765919496
0.004786272077493294
-0.004056583565148906
0.014851902472221373
0.00668157022294926
-0.00836556098405231
-0.016772345854707466
0.014229025120738106
-0.023523544772068413
-0.004228568196119064
-0.015058680244358604
0.01233917378947454
-0.005408178254079734
-0.012243846547156803
-0.02027294252016544
0.019742318341644336
0.0005829465329954611
-0.003013889698239283
-0.025184631681120243
0.00620151365133785
0.004470590025255606
0.013436553014314177
-0.01279625450954008
0.020511723499424254
0.008373512962863094
-0.01066283241992371
-0.006075627786019305
-0.006222010070513847
-0.003698060018786295
-0.008746525136395997
0.020232232281321517
-0.002528550446651446
0.0037434356710472636
0.012999736750566794
-0.007599330462199446
-0.0246205403987066
-0.006288760665258715
-0.006436515664667693
-0.0035937188840994044
-0.018538631618019795
0.0015621273790190522
-0.004485270973957204
0.01802492234812183
0.014096989537534986
0.002525080290705915
0.00788533137018644
0.0066047434908364224
0.00931388260079721
8.858079547561203e-05
0.01918516774715377
0.0029444256019098246
0.008479434389012112
0.011111645124718985
-0.01495402894186968
0.027814646735332897
0.024953418594109544
0.028035340803888344
-0.014729456104853766
-0.005247150950441597
-0.0019410154489743576
0.01747507434764365
-0.02785038456108386
0.009459659578725587
-0.004952157311256795
-0.00335532714389711
-0.01827767093250206
-0.00390693692360935
-0.027383901486089563
-0.0048564068125426865
0.013690342569637956
-0.01742001003556456
0.003849076773957883
-0.008233666699510036
0.017819549120829517
-0.006200058583286273
-0.027343647889380283
-0.00808843157366617
0.009744341882446068
-0.011237143826504054
0.008889300383955561
-0.008161574994576426
-0.012605669184744909
-0.002377263139009003
0.01686801010257138
0.005993788899306003
0.019346849285144435
-0.005460284491479136
-0.007094938281857612
-0.017217060518843474
-0.0165260677184894
-0.005708935298478823
0.024515744450343
-0.012983116449825294
0.011165468489978934
0.011446667380513028
-0.011350966503898965
0.006601947061033509
-0.003978520046312155
-0.033062865953152144
-0.038916543265434866
0.008875296068787723
-0.008323396759686238
0.006354933986339163
-1.3930904815990467e-05
-0.014437261074955639
0.0016487413055958772
0.02117773582856329
0.009899012078020374
-0.01009994092505645
-0.002176791064039941
-0.02090741440665633
-0.005606559608744981
0.03230036984164926
-0.018379767303632943
-0.023917720912510834
-0.021318330539776855
-0.006589521651094174
0.018643272031852974
-0.0041838532346134705
-0.0007128163863576612
0.012540603037904064
0.005797808973750557
-0.009314552997143316
-0.030972686698035524
-0.026543514381589556
-0.017540281758507206
0.0022230280002949582
0.0010437019692577654
-0.014540081528100183
-0.0016575436129833664
0.0068115575636666596
-0.0356348464550015
-0.014775853578768212
-0.0144516182178445
-0.03130730425426072
-0.0017666254086875057
0.0012226179399515377
0.004642443921337417
0.01831806432046848
-0.005513410455228431
-0.010607573032249549
-0.030007623095804063
-0.0007476000545971477
0.0042512643577579355
0.011246973483716668
-0.007271510289865965
0.024505333192814234
-0.0032633940222768117
0.010906427241252317
0.00465237850440013
0.009001528439499999
-0.00215840705633665
-0.028176865379401943
-0.021818825900513435
-0.005963907487325453
-0.018009631625687552
0.015875185911455217
0.022512244831184625
0.010257811526759985
-0.003296385610449557
-0.005078248248226046
-0.0002998151408221128
0.020639281765550084
0.013309624461507245
-0.010037843485863309
0.009177619215659382
-0.004491871271369691
0.0015280123880070965
-0.005289804613237286
-0.0004124299667983924
-0.009451392155607601
-0.0011441754552843956
0.017663637564743793
0.012459931646668232
0.006648545494912394
-0.01882183993014143
-0.00420146932221523
0.005230784292823332
-0.0016970705534406962
-0.0006117288074697982
-0.005324539521857415
0.008155552824227627
-0.00582105058021176
0.00032379526695572834
0.007396209492192695
0.0178358019318956
-0.008909462763872656
0.009693639845179286
0.021391765931489864
0.015426483119370052
-0.0062595208982264856
-0.03827074439630993
0.02896296270524455
-0.010066970372676811
-0.002424190081080393
-0.011631698105802252
-0.02747516553599412
-0.0258582781094174
-0.013070899408651148
0.0016027797307962034
0.01143375024574775
0.0027945763768511198
-0.03552584632057454
0.001720197834503257
-0.01085435443410883
-0.0031218373391434674
0.002344977730076782
0.00530520563348626
-0.009636348146986936
0.018136859586476577
-0.016273231320764164
0.016532070134452643
-0.004371875730711397
0.009930796535079583
-0.015110001301430243
0.026007991880937036
-0.009711715009665597
-0.0028628855922816733
-0.014203397082381561
0.015714863041333977
-0.004594156250653281
-0.018620884252390054
0.00022234032006715216
0.02653727937675509
-0.007889626966320118
0.02493340002643643
0.01624331923487004
0.0381780216687706
0.010818145428880335
0.006279517676412475
0.022132876115240004
-0.01888421968792018
0.031020636547373442
-0.013146517969104664
0.01865673437663403
-0.0021280514660047684
-0.022823454966463208
-0.02615382098101938
0.015094151269543485
0.007122364108206156
-0.0024579695240441466
-0.01212206624775214
-0.010801009785919118
0.01744302469863681
0.007865310941354942
0.016146307692229425
0.03701844744698814
-0.006457334809400396
-0.0062091111031748894
-0.00822882676814926
0.021004301578198676
0.013719450356788595
-0.027059525632721897
0.031107553995893357
0.015601862943694478
-0.013393411978832304
-0.025232896570889514
-0.03533678030348914
0.009708880322089724
-0.007783459936647038
-0.022091245052095327
0.00408645642355228
0.012617650006416691
0.012722247407950022
0.01032966313183965
-0.020150715866084735
0.010723265337713735
0.01957502797042036
-0.022165753545229254
0.02510655883543916
0.0023937632369683648
-0.003776404002486921
-0.019657695405380055
-0.02061519680035187
-0.014297460912976748
0.014557919072998984
-0.03387797176670135
0.011206985888348276
0.022912963396627385
0.017681738929949502
0.02434612794316718
-0.0042001159053074045
-0.008475552220715853
-0.011183055150973759
0.000730068912219588
-0.004390851100506457
0.01707923895088928
0.0033848057243682037
0.003482891907757706
-0.009924397978874136
0.00845204533737074
0.011219494840114494
-0.005169696112819049
0.0045228028282325045
-0.018312349462625367
-0.0005545182768090145
0.0013704775337885205
-0.0117755565003125
0.014443124671823166
0.02506330705391225
0.03060437007051433
-0.030047812412680286
-0.002125562380735368
-0.01493286673544436
0.02175359122167444
0.010780291744893464
-0.004492480889845682
-0.011380889746235403
0.008822755109274527
-0.014962824064057656
-0.013010674624956111
0.017009618291401407
-0.006627091080466531
-0.005885032085129423
0.022760105078887725
-0.01393483575201634
0.000793561008372785
-0.004447370489256927
0.008982165316453674
-0.009219259340441932
0.011921368784410335
0.0005634183429191813
0.02081760996532234
0.01413162991436749
-0.005499712348547545
0.0002922496099565862
-0.0004379862861943057
0.016828040956781205
0.010526248062380762
0.02815089015903231
-0.0011548075312656772
-0.02647115010422008
-0.008603664650059305
-0.01815926402537217
-0.024035105920177196
0.008799530209687576
-0.003166094031613896
-0.021086035656339052
-0.0014825111404837303
-0.02820453417246688
0.020840427924517242
0.004025960646504966
0.025285635422830473
-0.01554553011370588
-0.009864616776343624
-0.009219042731835535
0.04147526206339662
0.0014313363738465727
-0.03585374391255484
-0.03241812774688803
-0.028622944526064512
0.00378542787084604
0.020148657994143115
-0.015581869787204052
-0.03167910874801118
0.02648393058069825
0.018384382912148903
0.006638746887190223
-0.020699725346511683
0.016762786828425236
-0.01996407452298634
-0.013604228973040505
-0.007018468890428194
-0.012213598740451477
0.00404398468523767
-0.00629598525707464
-5.986106927192633e-05
-0.003036710878512268
0.01903510231992003
0.012698880569454993
0.022638328844269275
-0.020507148289121056
-0.0025934167565237233
-0.020994576034732183
0.017974738033534575
0.0076600395338782
0.005393268261462924
-0.020743344729375543
0.013690565609403089
0.0027301237153645255
-0.013863594057548409
-0.01184446220938723
0.007962055379214794
0.005864221243691157
-0.016174911106511775
-0.01171812788564367
-0.007811914057442575
0.003303772853756783
0.014875559540164885
0.006507308549443476
-0.029074262762237398
0.007958101084186823
0.005802392886964559
-0.003243586947626066
-0.008320092540332728
-0.012177690878206693
-0.0353329461833548
-0.0068146802031407725
-0.027229215980527362
0.0007180577472866989
0.0273168028755498
0.011758786886698045
-0.01800833772410485
0.011560915647999022
0.01896056285525743
-0.0004091093447643754
0.014189801301279822
-0.009837731726600608
0.009169531382848418
-0.01354422592953187
0.048045225409503366
-0.0001743973674828746
0.006710807858215283
0.02616644676075044
0.01649130669507789
-0.01816475359410017
-0.01709751918725509
-0.005622662676802025
0.038640613530965415
-0.002144453578001254
0.005455320246024736
0.012454110258062371
0.012110869363711496
0.02040683446672327
0.007878296602866597
0.03143621693684212
-0.018821503065531937
-0.0018470195959909292
0.0159289739263231
-0.020927329057396082
-0.027079005291224652
-0.004677999576952028
0.011379859700088544
0.009297673718012996
-0.02604253060776167
-0.01968350549860441
-0.00011814959179786907
0.005999704165662929
-0.023449484714668817
0.008336527051132612
-0.010547118653776711
-0.017694792071693645
-0.02818197142053147
0.0038119808598369416
-0.0033083062747708662
-0.013563832754253664
-0.04963498161284391
-0.03354537975763383
0.028696036168563838
0.0011857688392559428
0.011295762519498685
0.02625840273731698
-0.004021847113419197
-0.019077007648443608
0.0015520965488382142
-0.011921649863105635
0.02899187550270997
-0.015233625032215616
0.017864892521109062
-0.01162707134158891
0.01279801923986242
-0.03171418433451813
-0.01393454447122409
0.0011412168453939792
0.009742316601702296
-0.0012187653433417718
0.001711344179410248
-0.005413719867262978
0.0062640197932158585
-0.00602549660937788
0.010971587900517804
-0.010948323720964428
-0.03184248339293832
0.01595979605742584
0.0035236587270978496
-0.004328372700671554
0.008200438221057364
-0.006349224148816996
0.016818209990624524
0.006971411352088165
0.0034226369222114614
0.012253637419746354
-0.03213412498621389
0.024036819630310284
0.006590043448119781
0.0017423304532859164
-0.011022540834637887
0.02337331184338968
-0.010615359228855762
0.022209124740330093
-0.015347878479019552
-0.009439983975136013
0.013232930885124138
0.010291072702164495
0.0276063590797149
-0.02555562583031765
0.007317974610742359
-0.010302916999253332
0.0018906454355793623
0.007983180718584174
0.024549098586967712
0.0003201111218109013
-0.003252178480659876
-0.004302616275332356
-0.0011524153395861192
0.008290817381816803
-0.00844678950274642
-0.014755764396198575
-0.000837315367371666
0.027981220408128532
0.021835097982779456
-0.007709786826495063
0.014653666200992906
0.009213135055782634
-0.0042625009694317526
0.0020397744797730896
0.005725853172857193
-0.03872315326348644
0.018652483167192563
0.010222103350885525
0.02693948919299638
0.006142895259708
0.009060598236572851
-0.008590742016024399
0.0047450302513120145
-0.028809063528043383
0.01266076334868766
0.005212566094552341
-0.008789308884909438
0.012181281918056177
-0.0004231533492406597
0.0008623581311236082
0.015792156927681884
-0.004467965158174263
0.0006586539342722242
0.013061055136909316
0.024629566709401127
0.0025591966802899074
0.007336013388398555
-0.01877960192667956
-0.00727396813748726
0.006356425977748149
0.00990561737391274
0.0004952640669876503
0.017499796607711407
0.0183121319541164
-0.02306050609229866
0.00976479146915496
-0.002567347580894875
0.033350272200241074
-0.009656719335166455
0.008651755823649085
-0.002611294752652253
0.007964533346338854
-0.007504875767682811
-0.010405648429984897
0.02382525179019428
-0.003253790441782668
0.0025104359506736727
-0.0018052456854227416
-0.006509084040717478
-0.00680596960601858
-0.0017011828851350892
-0.018360530833853334
-0.0009431871879487901
0.016446055946756997
0.003968642955961393
0.013088317033434011
0.026325192542109074
-0.011569161769785044
-0.004314575182013737
0.008339046338889586
-0.014706805299313477
-0.018367340890925232
-0.0039986411653149725
0.02048188380136303
-0.013807858722099851
0.02767787931017444
0.017242633872197363
0.010747128024184007
-0.005628458367228525
-0.004368482839409982
0.016327934767976976
0.0021639932489434573
0.0020207612411936885
-0.033732155612137514
-0.01033089225259517
0.026639657183224866
0.015468645808160467
0.02343261344033169
0.018709492227197727
-0.004174625172260134
0.019544918335532596
0.0023202477143884136
-0.010517332531877633
0.004453077879089303
0.016513561831765233
0.006166338794647783
-0.012792702804347746
0.018442940105726547
0.004516246978296417
-0.0041739116131480035
-0.026057226626689196
0.018337264323750317
-0.00023672688786540255
0.0072151747479449165
-0.0008677113164267036
0.002928782896183285
-0.008722069586427173
-0.0017736133076735128
0.0015420409694687732
-0.0053249353220335485
-0.001755537299993783
0.050377570417741074
-0.01141847501444811
-0.010857162050718908
0.0028648833712392294
-0.020649836510232385
-0.009253490588552148
0.00018896313888109358
-0.0006004068653434154
-0.023564634393781907
-0.012451312317345392
-0.012592097818638879
-0.004004796193727147
0.018280852670730742
0.0047105270421879996
0.006795140023981414
0.0005110285765371377
0.017185668470616228
-0.017940493953830426
0.03028732706807201
-0.03763890847746001
0.004174156492591365
0.0020790249443683167
-0.009711601984084231
0.010168846430419654
0.0028364607233386826
0.024232295223910943
-0.016072536794950215
0.007787572539497606
-0.012794014091921019
-0.020916787991279676
-0.01586650773385175
-0.005000121866800492
0.0038925013585993026
-0.012676760166044389
0.0055632934717240205
0.015463769534010083
-0.0038556128546367655
0.006560118266297885
-0.015049245411445814
-0.007028596103657629
0.002269312245473327
0.027996211814175484
-0.005296885541932469
-0.010193819457896772
0.00694072987086953
0.009925269217530234
0.014480026015305292
0.023090066419020214
0.00660647474279758
-0.002652251937755642
0.002042812963126848
-0.001940205370186722
-0.01318973228189211
0.013273040958984194
-0.014955802022087352
0.01011935462007122
-0.0032823126750689538
-0.01470896386794164
-0.02388302664711583
-0.0012205497362178773
0.009790519107504171
0.011394163674486535
-0.012840642605847791
0.024502370807793328
-0.014565362716402913
-0.001711091654588836
-0.0064495515119236185
-0.003978936121336429
0.014216224903676217
0.014021992902076766
-0.010636428112570274
-0.006676211944740157
-0.010991736749959206
0.009089839886720673
0.007390876607412863
0.007148915262340919
-0.02259854519399722
0.0018759302148646882
0.03775234643246465
0.020853739507958234
0.013619502072926715
0.008562991276257127
-0.011939229036569512
-0.043066540642424295
-0.014984632895057984
-0.009383529931981511
-0.012463605251632988
0.015249848442676598
0.017515759609570258
0.006151916186565047
-0.017653068060477308
-0.02208271211450784
0.010650231688282639
-0.02608036912782919
0.011608592314609562
0.01733889326524653
0.0029778556657792795
0.04647756068746395
0.013733598078578766
0.004083653273265763
-0.003892568376532693
0.0029705935228397096
0.011970682065433943
-0.0069553133071798365
0.013334240478770805
-0.022205925485609
-0.004634916269405051
0.005597272145452118
0.0040807999749999276
0.02482701890756336
0.007021950678331231
0.0010593894159491059
0.01215366481702475
0.003552658647350174
0.01837562409554641
0.013775545606656775
0.01598300787435061
0.011080080788689434
-0.0071137023493048086
-0.0013829995026288084
0.012564539317302946
0.017528380708924353
-0.008504479986502349
-0.0012913364677816942
0.023548858218677145
-0.016296844385757566
0.003955239660077412
-0.01022819450126421
0.013726423647556336
0.0074119289277233755
-0.017332168731491397
-0.003997793257762436
-0.008177015361883968
0.003412564759924906
-0.013444347359195613
0.012175893411969882
0.01276432405632922
-0.0004901707237697679
-0.01374773107064478
0.012480062150017448
-0.0006220655436214827
0.006106613983466477
-0.022870430369722264
-0.016114381589130852
0.02537683636080741
-0.04573536776547772
0.006929140221757045
0.016737283825298925
0.015866028680963887
-0.0010247431006939907
-0.010526013247332499
0.013759276414711929
0.010526661356714321
0.005818633003310137
0.004808947339196849
0.008896243299777654
-0.021017422983018154
0.009900196315301951
0.006946909477827367
-0.024061669061605367
0.006678978427959975
-0.014459745768945821
0.010652016850599817
-0.014199771450071529
-0.01605138759848773
-0.00019414798718045542
0.019752270632774398
0.0376637466693926
0.00781415440620441
0.004098475148038122
0.011266861034171804
-0.008371229029697641
0.00010439858643719428
0.013944066763963299
-0.0015663021735774028
0.012862671743140631
-0.016533440596697424
0.008822170373970057
-0.025110038080904992
-0.0019043130488823464
0.01610528417672118
-0.007178194476608777
-0.0008960267132618639
0.008498480708844174
0.020529916202267955
-0.0007045628062187399
0.002743967825653299
-0.033034820747265145
0.015909271026876323
-0.01046366789668866
-0.008898875883478733
0.02648365120207033
0.004661349204012167
0.017642737886944447
-0.031337121903855625
-0.025380498300556307
0.024128217283185073
0.019092626858039745
-0.015681267956099136
0.021877399201828657
-0.024819728015182164
-0.008356041525515927
-0.00010876540614015995
-0.0015093420394125534
-0.013922784287735983
-0.00846084290729695
-0.023050854958503238
0.010812820604755656
-0.00781880554433491
0.004718364386013561
-0.009832173218299056
-0.003982902248992599
-0.014195256475951313
-0.020982914919294465
0.026153148829163714
0.01031665732231805
0.002551519071611193
0.004665964885096691
-0.010137264773958383
-0.013659077978202358
0.00012962450605311093
0.012159147571274231
-0.0019309120890172874
-0.01972123444127108
-0.007581714217550637
-0.0025120698167929853
-0.009133412048978863
0.017588955739151584
0.020573765224930478
0.015566734505434478
0.02181311006748094
0.003549634789500794
-0.017565585168588714
-0.004335997267135327
-0.009331758619412541
0.009724295117188038
-0.007623272970506207
-0.006484565110793893
0.0025593521776924068
0.0020162224137756377
-0.0038649171109939105
-0.01457379787438692
-0.0036510974633879043
0.01194149847788235
0.01368474555112803
-0.007468025717834351
-0.0009002462597831017
4.753297963909584e-05
-0.02006818018333877
0.001862490174593637
0.00897269052909417
0.011504714167831807
0.02283278298242858
0.03103319552215686
0.004590186146868153
-0.027033613099367245
-0.009883048272366635
0.005913523474258559
-0.017367365516972547
-0.03210339974482372
0.02335247682017764
0.011341768426997863
-0.011796960819870484
0.01025144817444229
-0.017052752513259432
-0.00994633844457717
-0.013166584987662272
-0.004727080389828294
0.0005342275344367388
0.01931551994278028
0.0022465757856281465
-0.0005699599805932694
0.004411312565567288
-0.0026282943005190426
-0.00936517646476563
0.016203021061976297
-0.0022075405388213413
-0.001470198098565149
0.029365635993183488
0.009377445753360728
0.0028956497813814974
-0.01930099699802549
0.020165566541282022
-0.01600919510535181
-0.0012112253751166493
0.023118898261426643
-0.005909272468361583
0.01654606439289964
-0.008082260055002972
-0.01326831480869321
-0.01299270954126985
-0.01202958906230956
0.002581196242220708
0.006561887848682843
0.004603325741926801
0.0022860357166406154
0.005033433012826244
0.01316065884978911
-0.02256079486309244
0.004473098829155147
0.011651204848861424
0.016008955907809777
0.014839485698531937
-0.0026459918922313967
-0.00930649172300024
-0.0147703928145097
0.02447648483154878
-0.002375468909928835
0.010606342516160711
-0.00497092199589017
-0.03051955519723684
-0.004862950727343846
-0.0162194360939852
0.005403587173489419
0.009344802177368442
-0.034086275904595315
-0.008364589550441365
-0.04212436535168104
-0.024026064153909177
0.01810477515006906
-0.017371759286172333
0.024906316495183385
-0.010307171407808256
0.029650222054185223
-0.014040668198177453
-0.013110387480915694
-0.008240042104810415
-0.011046981433132132
0.006656707457674406
0.023766024219222914
-0.026783475831155083
-0.0036505461134903085
-0.016883041792292476
0.014414357602690187
0.016444969799273863
-0.0005797523328974104
0.020703510296360514
0.020926458305264677
-0.014284557063606587
0.009932318743939888
-0.01521253775908877
0.004168084093698079
-0.0011481564298832687
0.0034946918966432617
0.018133568117684025
-0.02025180956042644
-0.017900448306573093
-0.0046124545856505265
-0.02187059601398075
0.013937581651452233
0.004475338094516065
0.00297813494630976
0.03559523597683438
-0.007412737313399094
0.014293350842961624
-0.005752014022730033
-0.009189171454043207
-0.036466721586172715
-0.003150585875411279
0.02806615209232666
-0.01567574512191402
-0.028111889148254934
0.027893468276029836
-0.007587811342705803
-0.004934627593803517
-0.008629870049985687
-0.00986338230685324
0.012116549724915021
0.01006308570765782
0.001906640331917937
-0.004200022599858376
0.012721018672860457
0.0008126579684720227
0.011973927769229675
0.0045577625445645965
0.017106251610909676
0.026081801668563553
-0.005296201810854397
0.0009282499117807819
-0.011571101578318348
-0.01944997561227845
-0.022284458026623766
-0.005312000150982524
0.015187405370955252
-0.03088101235169788
-0.01401702879152232
0.024643691172468722
-0.004305674082460376
0.006244501515205548
0.012051283260997638
0.03714102993091641
-0.002316120802882615
0.0011426233259238493
0.018769439079665353
0.013875237597584565
0.006387105299881059
0.01848804847093663
0.004234488886232388
-0.0021262532240739077
-0.00474118612131799
-0.012194883609047708
-0.041264560472994496
0.016248739715599824
0.003470645583025206
0.004907094902878393
-0.001041967291328787
-0.02386860089089165
0.01261780579677399
0.008595049982914871
-0.004576182106472138
0.00975375774097878
-0.0021758074243632135
0.021778602952926232
0.011239849314053241
0.009430501084925096
-0.0033640781586309525
-0.006723342965069803
-0.02506131079802689
-0.0018808903027134013
0.002345985174132174
-0.003773128006979198
0.016961085873678096
-0.007810248700532606
0.00026869076735666457
-0.003426523055115687
0.00010318949501489545
-7.620625951057503e-05
-0.018655930228902315
-0.015704348988693655
0.002374010468279482
0.00854358732732944
-0.0072462488621619385
-0.0006834453219827924
0.008550190090752
0.0061553277682935125
-0.02725816934664919
0.007201732093316183
0.00777873829145009
-0.0009286698543347002
-0.02556072172380678
-0.018574113982042458
0.01711180974993909
-0.010146233537582896
0.008688788034077043
0.0158996750264986
-0.008942149146367179
-0.01737014635966215
0.008001815210578465
0.0025558493835464904
-0.016313081712514596
-0.009923107650153999
-0.001409482886861036
0.009328486935707977
-0.0005771255500648838
0.019483831917670124
0.008035595688403644
-0.00013715108149785042
-0.007866420172733844
0.010847355479416284
0.002529848875413857
-0.0068132879885303785
0.020639798457459377
-0.005568890128220176
-0.018791912551335454
-0.030364587192805922
-0.002663453225973623
-0.00139289667808836
0.01943532934980264
0.021143089999907813
0.0036750889649497832
0.010761364227191685
0.008965497657398982
0.0034434092316314216
0.00956026516466112
0.010599163427769696
-0.006982752942476536
-0.01861057337577778
-0.018859105274024346
0.0026360917749109853
0.018928189065789167
0.005562198725406836
-0.016898861569841946
-0.02184161574403399
0.00802362793288275
0.02965013891789895
0.024355969563919073
-0.029868980284194546
0.0041544961823497765
-0.03034808113455543
-0.010792251399109092
-0.005127082233363316
-0.029094978346123013
-0.006642509601127754
0.006332738298652331
-0.02307079906875284
-0.012146672380763095
-0.001359858459002888
0.006060434500238805
-0.011639272356476946
0.024780227554018916
0.011373110103975256
0.0036239066124201524
-0.02862620971540264
0.007166437188522233
0.0043637416033325445
0.024367251151262544
0.013343603496499344
-0.006020137394763315
0.006116632485391262
-0.004686618620603638
0.0008410484789727309
-0.01187630858714447
0.0029034955159435508
-0.0055703180429917485
-0.012238632563361737
-0.02400194249461675
-0.002666592793605496
0.006072062322087785
0.020041327019672272
-0.014094126075934587
0.004058251667216073
0.0011239754136102317
0.009049399738452795
0.021334009031684607
-0.023293920262901717
0.017499416817458553
0.028698970187179297
-0.006300938475676675
0.001238888005620469
-0.0031981124862999386
0.004068910759043939
-0.0031463774070070154
-0.007687727281212485
-0.014615456684021644
-0.0033409834706458717
0.007249102296704664
0.0006409373933825083
-0.002349419136692487
0.023677040316576733
0.003245523865037176
0.0010968341432523177
-0.019105412402239653
0.010828947462784039
-0.01088119516211447
-0.030169994062800097
0.006109688546945338
0.026437284957752463
-0.0056937451203234474
-0.0052248629653010616
-0.019126904537552343
0.00475872429719045
0.007869283501417936
0.02344006259678256
0.01187637680619209
0.0095502839114503
0.018104027700385883
-0.017936653734245543
0.022727363958452863
-0.009180948103303289
-0.012262237553027905
0.03643919122367867
-0.04008205719423078
0.012877069569460425
0.007244936654525951
-0.001607643831442497
0.01622206885648331
-0.0008443373342498436
0.007212024182231062
0.019033878601002883
-0.0061131803758441745
0.013561375361696078
-0.002234407989220749
-0.012502228723194144
-0.004464651213229159
-0.010627974022111707
-0.009219143049545714
-0.03334685416554037
-0.009121618864039113
0.007180177803675377
-0.0014704510356637578
0.009826808738139974
0.02877858123465644
0.006438817578018543
-0.008578248164808967
-0.010454001723035455
-0.0045645643426306705
0.012879411025084813
-0.030833034387660448
-0.01507507048739615
0.0035141291209570148
0.005720548576257402
0.001364468116373958
-0.0006164828655780153
0.00859180271832871
0.008001454663035631
-0.0051866021943228445
-0.019800422156294066
0.012310823988959758
-0.03664284504974471
-0.015579419870630483
0.010549029406018465
-0.006096237870670899
0.016755520507333685
-0.024718245682971093
0.007763563389754341
0.02375526183177381
-0.012454816185437145
0.011069582521498507
-0.0035145321033638833
-0.025551651580274098
0.039970464017263646
-0.014017003640085707
-0.004339702136484427
0.013045364409572973
0.019279480194339668
0.013209708167676202
-0.0038908275980590445
-0.017602402310734153
0.027465509812192264
0.0006764412451506947
0.011964413127007252
0.009446408346310642
0.03142933104540434
0.005368347876952874
-0.0028427506946067972
-0.005325506779090786
0.014104449051180214
0.0009587536445238524
-0.028495922269218137
0.02030882031740461
0.0055378447253487725
0.014062771575783768
0.034185524032311496
0.015902834291972447
-0.004878562928667953
0.013375901971455533
0.004543609652012118
0.0037565587881952488
-0.005407199317582127
-0.025756807678183315
0.014757597837809553
-0.023474052886027368
-0.023398703771567206
-0.00936511411776415
0.01037662461408694
0.003207465374880097
0.008307712116185256
0.007609489288290869
0.014617632996997067
-0.014638189086960934
0.007469119722536856
0.013881222456897643
