-0.7036519744350824
-0.5953034009399352
0.0068638791856946435
-0.3901922425110038
-1.5254558203265995
-1.4204953743378637
-0.815510452498968
-0.5874302065202752
-1.4370134828850891
-1.3790744648018953
-0.8564234548392125
-1.5372702671268064
-0.7948671751111926
-1.093975961297419
-0.34441033976361224
-1.191125918970418
-2.4185845442295486
0.0423543590491644
-2.1693674862787033
-0.6786701634020469
-0.7111455004409633
-1.1016391004845785
-1.6186324815295716
-1.3829749023243685
-1.0456193539927279
-2.4930284938281244
-1.3205445642515548
-0.6737310384230561
0.5824085671942631
-1.467047515273523
-0.8281572894470155
-1.5228533701133
-0.9608235635879119
-0.6470243021925319
0.5298144950256032
-0.4358845934799971
-0.8079450493903579
-0.672850408540963
-0.27759380571228465
-1.0863371907047004
0.10339161234340577
-0.4945262068518639
0.1440122943172919
-0.05596278386725495
-0.7101361856876909
-0.8839077218538935
-0.9592427698410708
0.17680099554487616
-0.13737595651056678
0.22942415649102887
-0.7793073658148197
-1.5647063450512975
-1.3665691438013887
-0.3647000157605427
-1.1529674230118698
-0.4951716319576236
-0.651674339044874
-0.5607260528954885
-0.303187592528678
-1.6804247143093316
-0.9155701719179938
-1.6029834817456234
-1.2585474725634107
-1.015267121117807
-0.5343644540850805
-0.9251463488738791
-0.3806365724110554
-1.0355892642861435
0.4157048762758172
0.7544109656318426
1.009351502860038
0.6323754571868502
0.06195948546117791
0.7649589956637043
1.0119376516332068
0.6859943596841985
0.3438598767021377
0.9442891546194014
-0.2448687885968328
-0.7118906914032259
-0.9688422067477729
-0.13656277563853503
-1.418193268281959
-0.8240070836548814
-0.9955592948215934
-0.5203836589941451
-1.4746386408382026
-0.5429147862236521
1.7519836662177326
0.2641452777393044
1.4448285037353967
-0.17906220851831933
1.0029078868089374
0.6773563512251617
0.9045260373276803
1.4199279092801547
1.7875956482699564
0.7204472111585505
1.584915895852963
1.4683930109070156
0.9689609386422817
0.1570445723961169
-0.0069879446349219165
0.07381441082359619
-0.1284731956163938
1.4281969133661834
0.49160614767852473
1.2067531054340277
1.5667392797411486
0.05744609816727675
1.497200766345386
0.32731473324600835
-0.08365814525809445
1.0973113100362495
0.5844116703346827
0.736543448866577
1.1313937476901703
1.6138497619963403
1.4877584233460988
0.775425609087538
2.365984411007161
0.9514772173786296
2.764075223842223
2.020143008206758
3.4037786936742744
2.0666845463174424
1.5681230844399545
1.8751004064643397
1.8450524883604034
1.6243147103854276
1.1802864148741623
0.35757838317909996
0.296039801937066
1.8288517400879747
1.681896021777086
1.9897615300719091
2.5251368378718606
1.5703481420913845
1.1478231943820068
1.2224226222917582
1.4614610689804435
1.7988879864576943
1.6853197876355654
1.8831107959476379
1.9704612721801642
2.204856223039967
2.3470131381126533
1.0118553743319716
1.3134795047039651
2.235441639889084
1.646089906206042
1.5098696669199558
1.9680254225428415
1.8576744458243146
2.090581792055575
2.905087261705673
1.6808086486984868
2.14133139153824
1.871715236886072
2.2897213426521112
2.73712187211472
2.222526419512704
1.5680881085683116
1.6786172460177509
1.0192556247700046
1.2113112291783086
1.7750561062228565
1.489047216166684
2.1341796460460403
2.0340764243181653
2.0982433759240426
2.4628091518196897
2.3238172512422386
1.579258845634564
2.1124420439850082
2.572377147730431
0.9306372137877423
1.9102508145917776
1.8442860798381888
1.3078496413794527
2.1833291100855465
1.4369036988364807
1.6407838044888452
1.3747613965461754
2.3725625879618804
0.5324368603487917
-0.011356427195755137
-0.3241803933327958
-0.3030315208580998
0.8770996689676074
-0.1720483602779137
1.4139896363041982
0.9801692952781574
0.8035123794837639
1.102903188348175
1.238707394531021
1.0489063002489751
0.19687282684868423
1.0229764544494553
0.5799866303397749
0.2987201049135183
-0.1357679923253221
-0.09994724902047158
-0.9410347575229119
1.1269524634966201
1.3964350998203836
1.2526388944571765
2.306335947485792
1.4846846352616945
0.30450172042474666
1.1691757203950106
0.4960903958743387
0.39375865130640886
-0.16237174082798056
0.185997805828649
-1.707974980710048
-0.44804016665466295
0.07964701515486183
1.0795021417572515
1.025597792898256
0.24160915851439035
1.067658099832766
0.3673098799847553
1.1240016215602988
1.1960264671076142
0.6784830635804031
1.194484002092553
0.06358474564203609
0.5244417941358925
-0.012763217855100706
0.718691895155674
0.852137334983203
-0.3997953243427397
0.7374459705879338
0.5114331253122087
1.289411170889294
-0.9269484314667105
0.8197229602263584
0.11367693543333823
0.32899359104374937
-0.06906439668659647
-1.5226711809709057
-0.25863226669304695
-0.7203239622033668
0.0060722471728987815
0.9101576283605044
-0.8144741559730104
0.11983173079478726
-0.8559696382236406
-0.5614555614987098
0.7887647184330829
-0.1755760639947368
-1.066511809179271
-0.9551006535494726
-0.2758884237759358
0.4162563112509644
0.2819775122662349
0.8966653634514492
0.8326570920519363
-1.0551522020452637
0.2310871367090066
0.4316148380911011
0.5186750482576065
1.028910880102432
1.1928750567497741
0.7747104844531809
-1.1154430027378424
-0.5585975113140389
0.08615874893176378
0.5246142130927707
1.201283526984547
0.497187064624632
1.2210787511520935
0.3633635553192719
0.5966981085700642
1.1530604191698814
1.2199740665857683
0.21304926040117333
-0.28961859466498296
-0.41927374543425633
-0.23594803782022167
0.7726489763165498
0.050203059597187294
1.373319018978063
-0.29249108044491723
0.2130684010890691
-0.2858363312402752
1.2126601113231805
0.9143612254102175
-0.37075934995976456
1.3384976358339362
1.7298514379950314
1.0616572069606802
1.7609410620341435
1.7854383252509387
0.5521929107629687
1.6731752419750263
1.512730133152306
0.8863692780201603
0.3967329763125864
1.7260373441075014
1.4438886979737888
2.7383876355016925
1.5698611481611362
2.0396879079611203
1.7570691359352069
2.299287889391941
1.10077360000926
2.458272357450049
1.5458100483270136
0.039749517420191616
0.9610545009349347
0.8615040466907888
2.3553820955550346
0.7889422511361697
1.4021402323127803
3.085397867331393
2.364723549919605
1.8894009829154785
0.7388090146849398
1.5714268997827687
0.8711982736519894
-0.40644886877337294
0.18163818803674192
1.127319568944987
0.05471289299296789
-0.2487122056338673
0.8135849157843269
0.9156162536794299
0.45716363773595625
0.06643886106750918
-0.10795005155856896
0.10996557427722464
0.13975776686354768
0.04144915485622569
-0.4249945262962609
-1.4874853277241962
-0.450943814362188
-0.4206979305900218
0.22980435994359993
0.21555299757586432
-0.4961517094978296
0.5230768730192117
-0.004170292883718618
0.8937651976838717
-0.18228776735662922
1.3555273508764216
0.14680757426418922
-0.2708610793963051
0.03118889616099474
-0.3267401172096922
-0.9208250795656525
0.6612411174683639
0.35976771429255006
1.1492363246532387
0.5891076052990509
0.7409628981134275
1.5606515031967623
1.4465436075147964
0.584126404176501
0.15832709131837874
-0.1632034161438387
1.039415898444022
0.5106925809032836
0.866765748139722
1.1333839393077394
0.8016800341539729
-0.1663734089296236
1.2551793720179611
0.7568233884085099
-0.4289223848327506
-0.22482724600013282
0.7611206914003543
-0.19403540892366666
-0.6343898168636855
-0.7808197000433903
1.1429026913606881
-0.05693603837088501
-1.0297211013897583
-0.3485316363440185
0.1334322963766259
0.002128756786449526
0.45664923515885836
0.14833678820455098
2.436406564242745
-0.45529528783198536
-0.3388921782134666
-0.314494227751964
-0.7153268287686212
-1.3848955352426806
0.24533077378671797
0.5439189544572627
1.0898822312719603
1.1891865626627034
-0.21179441649262354
0.39895943127757805
0.5751582010705243
-0.1642981176028373
0.39125940124467506
-0.7589213623925231
-0.278522104510182
-0.6092006065829159
0.6980490299746998
0.2485866545805726
0.43164717046764634
-0.5810938468412217
0.44077741494151657
-0.16894021249939684
-0.10788253359170574
1.5072810860470025
-1.2859353197211987
0.8061089653042066
-0.4877157029042225
-0.44625793048412454
0.40446904561151586
-0.8248462392784428
0.07748269042126443
0.6119025361861047
0.437441820448755
-0.6429177898707152
0.5897184483842451
0.3291310090702546
1.0065572611889966
-0.24635655273087087
1.2123799066610546
-0.38404095939326455
-0.5072373998445674
-0.5702106165065552
1.9691241391711551
1.7308286820543295
1.8126781619499774
0.4313746731662609
-0.18547039174474156
-0.176947320744828
-1.2579362825465457
-1.2374164081382202
-1.0294942071407402
-0.030948725343758365
0.20118709916329547
0.6484688065348401
0.04837023626934667
-1.5344298149204434
-0.5133105358976859
0.7145773307871058
-0.13161892273964138
-1.554251130818796
-1.3477305641978998
-2.905119479954163
0.05040518344267153
-0.6708233671168593
0.09219739781789638
-0.09048697260999261
-0.060565495395879854
0.20615011003914718
0.5407013470727564
0.44273387447509804
0.11710982747279508
-0.31574339381105765
0.6894089137696301
0.5359759015157719
0.18467722606481585
0.7619393540775699
-0.012665079035111049
0.020260069798577973
0.6560942566310604
0.6306078831183192
0.8808145280480497
0.23155990750499367
0.612987156182423
2.4291423274143114
2.2783463714242904
1.0348323286713612
1.899634948733027
1.1216249016698525
0.38133527314713966
1.2113335348713918
1.5399637419800827
1.800611826579468
-0.06457540553660568
0.02324427390795536
1.8896366105118916
0.3419393586352426
0.7083677217568244
0.45225131234611626
1.0677460932833074
0.45908145896384567
1.12370134224752
1.9039998031810499
-0.03895094831449697
0.381983496811262
-1.027999734659263
0.04158110544665283
1.0164323229016416
0.47114833463669326
1.183819145760205
2.0924637468505436
1.4966492035702506
1.0047871185144497
0.9073355076974515
1.4290495848082936
-0.6316724062520676
-0.9067541194302837
0.7944740321233703
-1.0307682335779642
-0.7005767436223271
0.2123940219625995
-0.2658250912208324
0.6708991588466247
0.2659204800967374
-1.1927646835373067
-0.5232471729406296
0.1495194162815594
0.7637816479251195
1.0345037357994538
1.5069094108859589
0.5655554314094764
0.3199073102761908
1.7467412904308055
1.9912860644790022
1.8974505682277674
1.2390609400251003
1.8372591554591122
2.088489167845877
1.2650123200065102
1.4097972372833771
1.0188886278192986
0.9266270957939349
1.4824238353896777
1.6838376313816439
1.8119990646725876
1.247168874542701
2.820185759052401
1.430182633451948
1.6470415811755947
0.8367939838029381
0.03318622179796982
-0.3381134502783092
1.4203633575321604
1.079346318042865
0.05302786853626407
0.18937674266033333
0.25459468382488537
0.6232434066784542
1.7393073807682222
0.6875550673976024
0.30222408841009096
-0.08207833482347571
0.09219205228258853
0.6192345677717552
0.1679811387433222
1.440532559490788
1.1147587861045531
0.44406180635747317
0.3924524644461296
-0.19666800780079297
-1.313856685778183
-0.028925606174919682
0.02808646767546108
1.3797208238277394
1.6310900955685523
1.5495740290639501
2.2259642725186644
0.9899513176127206
0.5270725861089167
1.14437159357658
1.2463604708653886
0.7896856184006078
0.12484982823789104
0.9155638939624091
-0.15756629467616645
0.6414524819047565
1.1682936479228776
0.07745286471510271
0.1464437310016916
-0.36133116035906254
1.0251338630174835
-0.5712235531090177
0.09912887758770794
-0.59170523561983
0.04137951007166696
0.30103436397101635
1.4510502688884406
-0.06304473551583634
0.3037975516717327
-0.6777793265357221
-1.4476169029506876
0.4238040794546831
-0.5350605210846315
-0.48502141809938104
0.08315358881301527
-0.8648861830273176
-0.20418823372419603
0.5242261342086459
-0.10003847800623888
0.16419529101932795
0.11245045111175789
1.0566345297035684
0.9532537269041743
0.250838162958819
0.3321339528326642
0.08689452399393316
0.2114840774553275
0.9102555211888963
0.16005943425727076
-0.6588224888198009
-0.8466661277398011
-1.004074904988609
-0.44778941766833213
-0.08087251553647778
-0.05145253571722064
-1.1187752154038608
-0.836682829621572
0.23698290540093103
-0.6199422728557933
-1.7026831020406443
-0.041525841594723056
-0.46669594487649846
-1.5014748732156313
-0.42119134649009093
-0.6740477573421824
-0.8072381720235919
-0.42325143030941015
-0.665774199527563
-1.2343239159614408
-0.21395003564367276
0.25022329321895587
0.8659201449287552
1.1293103096779955
0.3668773399263239
-0.47649971288527104
0.28204987698158746
1.828554216643774
0.9404807471705866
0.7172152869296289
1.5047359838866874
0.6724570878655477
-0.11401342287682747
0.706011234997012
0.5553229729135039
-0.5226333268290786
-0.48464280920691527
1.034084037330063
0.914813235852535
0.5086025589637428
1.0864029745879438
0.14794466314207777
0.587033978545321
0.17378688689003707
1.199924348550208
1.3023616575584682
1.3512803781569172
-0.1431997041794717
-0.031706716781131794
-0.713883291614194
0.27462482258103726
-0.3300691288553941
-0.6525260827875443
0.610834436926424
1.0738199211103647
0.10073040528122079
1.226834624710514
1.6501767017287907
1.6824407240797168
0.42237150591216066
2.1992354149686806
1.7934679692971973
-0.17379583120995679
-0.47109255084122204
1.1039846043671155
0.521668412477721
1.9555663523619402
0.18373124166761834
-0.9554332013220839
-0.3596259153389998
-1.0097068319923714
-0.0648669131180144
0.6934166968866151
0.6783949117149354
0.44446513286650635
0.33774165340788165
1.4815919703232112
0.7118909961387745
0.2811476691155317
-0.4739874037025924
0.3638053262592976
0.012303633469262998
-0.4483020108734026
0.5064573867278335
0.7309081698703176
1.0415657760845842
1.4421328579154933
0.5137241592796655
1.6167669686801558
1.6351361084526141
1.6128011576326235
1.577346888900625
1.8317855588288245
0.6296416820408295
-0.07937844660036819
0.32263547133444603
1.2142723907496458
1.5359123888682977
1.1740726195923263
1.2506601221459008
0.655068639873911
0.40031080850159606
2.1816663690673224
0.7277975654800126
2.0721448837826326
0.7337658853071058
1.8734519129961096
2.0205150221497465
2.125361851749988
0.23972175026085918
-0.13808167871387522
0.046810728584257055
1.202004472625612
1.6470385214301055
1.0852094383160706
0.7692567004153474
1.2512480865674593
0.5081267487088963
1.0946315169031549
1.5835024006552232
1.6050827788833435
0.7399030101673632
0.2141414952348989
-0.09309789385755773
0.31113866600410967
-0.4482423776986171
0.6407828277181211
0.9650474741966661
-0.5550881549706825
-0.33533375489910733
0.18181781583213574
-0.18842791667559045
0.30409570222808824
0.022954674159553656
0.9703496082153363
-0.662714511326296
0.3015460955454957
-2.025079478333788
0.4894569466882507
0.547710454560984
0.7734699346278441
0.3876157272674585
0.41126849973110413
-0.4621909977480285
0.9449430959228343
0.3535542127792656
2.1340089339595134
0.7152599663851558
-0.4618507631643505
0.7215237856199669
1.4554011785839842
2.0554982309176886
0.36232986560994906
0.7402465711172793
0.8669112636811426
0.5288493155364706
1.4548378720951054
2.4198153227736077
1.1275496613957654
2.003413187220006
0.8865186567402364
1.7662274782968783
0.6720231620394882
1.2350968893778775
-0.24883172970182144
0.6442117885273084
1.801305400329258
0.5108597700961912
0.5346064375151093
-0.5844527790286485
-0.8179613695670171
-0.19644082483013126
-0.6484349625019723
-0.496211916847078
0.2092840232284765
-1.7788565034804757
-0.5707671179699405
-0.945834503703715
0.12346744902293527
0.046343225891972595
-0.30250336371536557
0.13130764758851798
0.7769359490534984
1.3011699091428244
0.6526999259051479
1.2718801922376335
2.244325137635413
0.645564067186261
0.07878050443366913
1.9581512769590397
1.074967625664228
0.08663746007339435
1.5120150647750508
1.7302182520632514
1.6465220021047267
1.508872472487726
1.720143992031588
0.38513940486537923
1.441017042644621
0.2921462206242197
0.8276407637480524
0.736393052808731
0.9161114204102832
1.3844431725851174
-0.876226416056374
0.3722338624427697
1.0541610581964025
0.17935983819306478
1.4191547602835757
0.6671773052531658
0.4306674452185876
0.07573242874601749
1.0553149704548828
1.319332360805891
1.216211994536865
2.2963436669795176
0.3660262351193987
-0.20903325717802024
-1.0769404305218324
-0.8758334343245318
-0.30541630392039987
-0.8458308992031061
-0.28468571787241115
0.5035133013755104
-0.35818314055267053
0.7403889599010871
1.052034967100526
2.15273986106195
1.0661613928568208
0.6081939461972841
1.934052693472521
-0.1396609480557316
-0.24230928567958276
-1.1634657189409436
-0.40143654562762876
0.49070977224397994
0.9279916050382512
-1.7267416786826844
-0.23024692715409967
1.0337122179646288
-0.9343192103495113
-0.6279776684075093
0.46095810231741885
0.7554262949870493
-0.30675989154869465
0.09562876144377574
-0.9147491156541427
1.305821744867185
-1.9896871602717483
0.9689564900715387
-0.1974501677761693
0.16292382567009878
-0.03005175104880542
3.412447948922323
2.5393139578627393
1.2727634858005723
1.4139520936606278
1.9172977562832112
0.6668478095724661
1.1765497566115186
1.000931781509086
1.4952261325723106
0.5465488204499416
0.8966246785671195
1.105079116152331
-0.1864397284762498
-0.6015526336115273
0.5537343357525573
-0.4607718311581397
-0.30000321558921517
0.2983878477701679
-0.23967998758402675
-1.1835765117990782
0.18909099081474245
0.7553339386948621
-1.058608267830898
0.337399906301293
-0.37349520889525745
-0.48470362810968926
0.3411031813857872
-1.7102660228241344
-0.6627997306231797
-1.7267449671566215
0.41451721635908945
-0.39662670296518154
-0.24892920250101036
-0.6490844869933892
0.2708584356167387
-0.4683996645613806
1.2795629563685602
1.3454374707312606
1.3379164396041747
1.330006924230405
0.6077552632000975
1.2843205787621632
0.7208293522804692
0.8872499524398451
1.2250383912773124
1.2272240923002724
0.6100086677215814
0.8385768979397744
-1.1130804871108828
1.0033680809744896
0.7171678249105307
0.48041578555049025
-0.1864770555841273
0.6502305961297865
-0.4767649771976812
0.30146685630100134
1.0767073817155224
-0.30655585640076466
0.0457297283106467
-0.467002436764812
-0.11543432730204262
-0.6941555925360912
0.040899798561243705
-0.6812619354406084
-1.9121619841347033
0.950613602883233
0.5893568084077148
1.818962857213736
1.4742193149139906
0.6729054623151973
1.3388271067180502
0.7763054167473059
1.008253910319548
-0.513973697529805
0.7024787141117976
-0.22757028115643552
0.8980586910512212
0.5176819649986489
-0.20945694676888138
2.8489297778690545
2.0607744165559403
1.430919546862813
2.0138434780756294
0.9912334556014128
0.6175006387139486
1.1930806401002643
0.9103820804758076
2.641213210137385
1.8543427440190943
0.4849908869562961
1.876739244866236
1.9253534423765297
0.5229929754447524
0.023178466692396205
1.8448146359153452
1.3054908966853886
1.05365316110526
1.3843279759655214
1.8952725288092127
1.4426297530839458
2.585254638805612
2.4792281017717706
3.9910736842784305
0.18838327779617037
2.4084220459479013
1.662713593842643
1.035874195836598
1.6214800987886098
0.2165064231763808
3.378267497474604
1.7746390410982968
3.5712485862992054
5.740156397784283
4.632621310713153
9.850929066759232
0.3555153073944288
2.107275267490546
2.180614033640075
1.9627465805120878
0.3644704520123483
1.8136448862211934
1.0796376779953711
0.9467560259157357
0.7688030353436429
3.713860397858084
2.057086273532109
0.6905536072192895
1.783485509823579
1.4784226824014646
1.0952527603169244
-0.3788695253131127
0.9239206605108016
1.286160604632638
1.0156960602149603
0.00418344110473956
0.5827926363824958
-0.13564774461149387
0.37279706586988703
1.2200245331563022
0.8766193379860345
1.7518175934258964
0.3844761471936641
0.4654201952733039
2.507184836692632
0.6683734467555943
-0.19502144332569227
1.6001904978985442
2.0827015325903586
1.5945861589375063
1.8521780737951246
0.9434114194815058
1.3314808018139814
0.9571357707329833
1.5027669809082838
1.3164121980407855
1.427009404840093
1.264887402950292
0.25713141184353094
1.4308422196860944
4.2086212980612085
1.5113566823807036
2.999237173034566
3.459745200574588
2.9970726773756775
2.561333504182449
1.7488351170400471
1.1156499999468648
0.3170960111125274
-0.006907536044944429
1.2750023716149619
0.7707643439997766
0.8883351116305799
0.8070070506370708
1.3650547467198928
0.869571948279332
0.9504189965043579
0.469283281620273
0.8847187171452453
1.1636291367462372
1.8017194748439829
1.02241539119977
0.2877518819789391
1.14303335562093
0.04730019229353055
-0.13921302971081784
-0.07630045275358688
-0.23559747531029251
1.0072832491679014
0.9132274796649862
1.8939430291455728
1.4687108897123144
1.169863465964471
1.7825567549935264
0.32764454801504406
1.3785592214417934
1.5359001640972791
0.38236667067920527
0.5209912959690126
1.813334113307085
0.4919074609077474
0.06437521668018509
0.8086670387532817
0.7774718254524918
0.21278540777719568
-0.24112105360091363
0.13785230529411507
0.13951504468046738
1.165115311829783
1.6822242719308735
1.0003199881040763
1.2466571420537218
0.03466490340001671
0.656654477374975
0.5402905678207449
0.850210496612448
-0.5282486849655328
-0.9310109280636638
0.2339509638935917
1.2741502634342086
-0.11697090221240436
-0.5219457319864147
-0.8242868381492059
0.8170446686114268
-0.9729869531013224
1.5057109933065194
0.8297607125632072
1.1333163914509718
0.036557806660642456
0.9726080256067867
1.8542504514887166
-0.5307196895520621
0.6839576442561596
0.026524552721703953
0.5328023579538246
1.1572348812795674
-1.3391309334169903
-0.10046815610906368
0.8123646040501604
-0.4362511663827515
0.3611187758868798
1.1215565044106754
0.17854105203976034
1.0403412593943673
-0.13481902338623852
-0.48440370585169257
0.6585743874560992
0.7597638325200837
-0.36303442240821515
0.4098121076511777
-0.5942762675074205
-0.1819572424265703
-0.44126151311301065
-0.30610575649267857
-0.344663188025808
-0.3713785301507013
-0.6456455619604997
0.4594903654622
-0.5287112903816318
-0.8598274587159775
-0.9145495264652512
-0.2125915079272167
0.9253162942992925
0.9485192372925534
0.5182395836514038
0.19485622831842153
-0.012381833273716447
0.02076966003534486
-0.5137340609129288
0.8483019741844642
0.31025070724767967
0.5299695664057127
-0.33456738970927646
0.2636047062177228
1.1646612705571782
1.0069086237221052
1.1787199744678263
1.3126985611308626
-0.5054026135689644
1.5643645738130372
0.9850680840208813
1.2323656964001968
-0.0633273323404766
0.48577995313872246
0.6167550974229787
-0.34687073555534265
1.2394515666845825
0.29156346308842274
0.5598836665198804
0.3387964794216509
1.0058180769257508
0.11329287326472781
0.9745789403726737
0.34383577688853606
0.08536780661076482
0.40080597381438976
-0.001272131735550186
-0.1599054410866434
-0.868593545332887
0.953283469366107
1.05240657328808
1.0657490199932478
-0.45701325749397204
1.7460633135160197
-1.120206078149895
-0.352644608787855
0.404295553834498
1.3912497352911632
0.35170151387630855
0.2660569915708184
0.26998357552224983
0.5570212882952812
1.7102122746575061
0.15329096498321748
1.2558930490611557
-0.7894223903808957
-0.5492512386102506
-1.1216093533088305
-0.7747897728986406
1.1595770633985194
1.2088149380634285
0.5756793132631706
0.047588667229349846
-0.25753399255368925
-0.45990848093462855
0.10619596396242537
0.3891240992915942
0.22599569255679441
-0.2524212136427997
2.203524083683227
1.6461422814540692
2.3175461362612184
1.7314746545154427
0.36247265112142935
0.9903273843522349
1.7407878946094375
1.7166797252473747
2.668792727610869
0.9844537796356146
1.3607672139674478
0.9521995295775789
0.9540977587876882
1.2346267300040852
-0.1954400720003462
0.3271229596553935
1.5118331423044142
0.42902047436210855
0.6723997939349284
-0.3261766216937483
-0.49320327772554884
0.042437852473648396
1.147987994983215
0.4565590183019279
-0.8733003783988067
-2.5401628447195765
-1.0469779537620396
-0.41304801547359293
-0.20827937804719432
-1.2524140985147438
-0.7323825763868335
-1.1475125091748257
0.5554108729609035
-0.7701183629300488
1.1142096782587099
-0.6433072579905807
-0.3228528917053808
0.16360100079281648
-0.971816401830121
-0.8174559346832311
-2.0208673904652894
-0.15056937069637377
0.36607994292499824
-0.7404253474810611
-1.0772863519701397
0.31724599123389163
-0.6217528817958884
0.03373364251542632
0.1564026251769738
-0.272270167250932
0.7254080532012761
0.15582160064395056
1.4234085102645382
0.426475038101784
3.4264043974939007
1.0421917192768786
3.540402607636728
0.7791488765117076
1.3334978656566594
1.586100647143099
2.255529288187653
-0.19010320605000897
1.4009813670140652
-1.2775301482059058
0.4867452986508326
-0.23265529393861728
-0.7060264130064009
0.0011162515028094733
-0.015981895118284628
-1.1324201252797343
-1.1319909015297647
-0.1159561590450815
1.2351954920383634
-1.0647114930467598
-0.19185740243072846
-0.08757199859534448
-0.9288421133693305
-0.6658756710435523
0.7035449276689262
0.724333884159725
0.314630906534754
0.6049757898375344
-0.19231324290851015
1.6376770791511648
1.25466784018463
0.9319386392802702
1.349614251452377
-0.08239223775391724
-1.4666208718671725
-0.6136195518587131
-1.7555408805974122
-0.24524298966987002
-0.230252897973388
-1.4692988306983108
-3.1865065764253977
-1.7627303703960142
-0.37409450039922065
0.2178357872322223
-0.23770599118521307
0.8849811220003977
1.1795205838171945
-1.0965724548032738
1.305727457742199
0.9162324183249562
0.46638900662396365
1.1255643180132213
0.8605694080312644
1.618742499476843
1.9719246988489871
0.6725800749637083
1.8456931532752663
0.15353574496421807
1.124647764318847
1.1030678223536667
0.7510599046341286
0.7977662842972915
1.1125811172217097
1.8313752246656674
1.3409970858018656
2.522222588955966
4.546612514334692
1.7234847969603537
1.3327579175055346
0.8854197571311179
-0.39572433634899973
0.022294469874540646
0.18520953464915724
0.29328465154746974
1.1315524252166491
-1.2894455435430912
-0.698687157180979
-0.44015300220241227
2.358694939358588
0.2574780495904435
0.29855145615946344
0.9840299414533644
-0.6593039699296288
-0.5666243523239511
0.5894910037181618
1.1591014826445263
0.9778073876196404
0.673674875998354
0.8322136817369665
-0.28707042360274704
1.9868006192047603
0.2889283473055758
2.73970366730237
1.5934938618034873
3.739974288316328
-0.5962387168622456
0.8239453037527822
1.743579118704396
0.5261780569135783
1.9982399210532278
1.5935603870177752
1.4833936762578612
0.4356630165780495
0.4038191476498538
2.1773932967730794
5.127451438206503
1.122453549370322
1.3926518368032865
0.9776411858210411
5.2721183031768994
1.8255905833951172
10.944983796568037
5.147708574203514
1.5627456443221224
4.863922041176091
1.989347554260459
1.5516121586196476
1.8335535839503918
1.1889875174569653
0.020292807032995075
1.4036724844617585
-0.18209945869557442
-0.18169833425415427
-0.46241969065057953
0.3242698480113184
0.9893056778163393
0.5889570927941352
0.31132804502382405
1.0365009532334946
2.067233439429705
2.6148674944386014
1.6656276003280595
2.592113437925028
0.7790609670083002
1.865707601711183
1.0243246251436717
1.3754086355293134
0.5678642814542838
2.1481209952558618
0.21799083045543954
0.1872102991755774
0.6722244128808503
1.4766255015905014
0.5369539216459719
-1.6231013374746377
0.979497597741972
0.042309859228039426
1.1773188369448948
-0.29273068914340383
1.0607498951286025
-0.7301676015154037
-0.40513254413069166
-0.5512041730011286
3.57754722351386
-0.015579998759368108
1.4226316482643022
0.573480289846589
-0.7190175947974644
-0.33195935186730785
0.8016309580440095
1.9360274479858415
1.6471802415362502
1.1362431183352129
1.4261281357828022
0.8677775827139015
0.5168015388008923
0.7205005027605542
0.000954742767674488
-0.29509825069276463
-0.9302904615103806
-0.5750877136156569
0.4890277491507735
0.06286541860224915
1.0350215569512584
1.0634853910828101
0.5415498777972603
-0.4027748007349221
-0.16684359187166864
1.20508584762135
0.42929239255341256
1.4511847940828613
0.18765901533340312
-0.3693336093834072
1.4223191241379336
1.42752225446211
0.790244036994023
0.05600260995805806
-0.5327291065145989
-0.12886157289895017
-1.3308111883627665
-0.14135496908123368
-0.8171927849248839
-1.002380278841993
0.4797114608444486
0.04561624579371104
0.4712092927632857
1.2048710359641972
-1.5653195381928264
-0.34800151719163486
-1.247489289484907
-0.5648262397177881
-1.0588020066286092
-1.2311904641471387
-0.7872277334416293
-1.1987733098955342
0.7460400479086626
-0.42772601036624835
-0.074444063195652
1.7480025838969633
0.12244465755916634
-1.158042999132085
0.7510593095903729
-0.8425359401313501
-0.3376501223586792
-0.03962054782310842
0.3262440381965609
0.46086486300800233
-0.1374648108721941
-1.658012803650077
-1.2708070791510724
-0.44174795672136336
-0.07534897534979312
0.05150156222365132
0.1719456466711753
-1.9481928606767518
0.6064207439120901
-0.472963168634994
0.6928770609789999
-0.3687467798739166
-0.7783351003617951
-0.9318546055136858
-1.0502199223541346
-2.241211375951373
0.2847479693051592
-0.9934535581059354
-0.943358813847335
0.0918493710093452
0.26764562868537134
-0.6668902179864034
-0.2966460295898987
-0.014124647678961377
0.44645173125885584
1.4012585419028585
-0.39213431009323396
0.10171634482957137
0.21648493475436958
0.0694680902547623
2.134603858218794
0.48518497650679426
-1.035134025372737
0.4567102216696768
0.009542928205182655
-0.12605613143773953
0.4314264263706321
-0.344618328040599
0.12791352410293044
-1.071812212129296
0.1483605941010936
0.23814370180150835
-0.5511178671317927
-0.3003741519954979
0.8409054732027342
0.9168913932362404
-0.5349408417583175
-0.41558571437207337
-0.0013248144990463118
-0.6995915908399333
3.87478905387451
0.982450806730565
1.1821457751363316
1.9024219111149583
0.5475522269479149
-0.6216012940854034
1.2081744394334184
1.07998602744668
0.06626768474690903
-1.4880787367688466
1.5932468257776664
0.1895397225945642
-0.1094263545621359
1.1573786382857358
0.1407743642786643
-0.16236134964352478
1.9213610424241039
-0.2283637749239884
0.4796485337159466
0.20737998885437725
-0.40045706055936914
-1.188585511831302
0.9802704776997709
0.07063791118949103
0.44499672420638436
0.9334826070992324
0.6591997860452592
1.7029316213602486
0.5110371706291132
1.0315880030431654
3.5453771978735897
0.9389139869563652
1.0728823828240641
0.4165394787798532
0.17010477583679573
2.794172753617161
1.1955954274316967
0.3418282344655008
3.671875291288848
1.3682053988724212
1.1365285145409576
1.3202373760346018
2.304125712771318
1.9210688148349142
1.6978040641710623
1.4014627403499498
2.478760328604799
1.9859558205176857
1.951843161486215
3.4816408760951645
1.9338390649482773
0.34491777934086065
0.7547285597503837
2.369044637288868
1.7608162328181471
1.7949289556855001
1.7194381753966925
1.6392222259106228
1.3932643841775034
-0.07908318138389481
1.110168790857312
-0.38282744940443436
0.510078402338717
0.8844183995227279
2.3514902855325603
0.29521418458221893
0.5746337622480484
1.7552478629090786
0.7910098833098554
-0.11533084308133024
0.457809985377049
1.3531023716174615
0.2835723200938417
-1.071521166398381
2.4252357937123925
4.943611550111366
2.4815433109039464
3.906578665808139
3.6892949051245245
9.700824728320226
4.361065521349719
1.1735138172003603
2.303281249417775
3.7177141509697145
0.15846653525937893
1.9495475990718463
-0.00923273731438945
1.8948326656023264
1.12915783366594
0.3041986043140673
5.537903039391704
2.7715898053109767
1.7433142120785883
0.06202833687312015
0.08408801928914988
-0.09880586811985137
-1.5050395319905965
0.040562902915359245
1.1452290726399423
1.21687365657536
1.531879028299982
0.754725683656364
0.8374784344273553
-0.40105982956403197
-1.0977763875477962
0.747734479230751
0.15056792270836827
-1.5000389635925182
-1.7089385093667655
-1.6082045548128567
-1.2778107597823625
-0.0029541148552978402
0.09472848634857989
0.1482371722326452
-0.28968944489044524
-0.028798593610283696
0.9425249389398652
-0.26711054929408595
1.189794681152314
-0.252207085716021
1.6021498630416566
0.5100166823238292
4.827993592191543
1.6015071939287275
1.975559340572317
0.7361214947488353
0.6694656411635251
1.0285758656381407
-0.22537802347319102
1.3454217631118326
-0.03362042091051132
-0.7591996423164242
0.15164294947086798
-0.3801100622155573
-0.6025202817790625
0.16184221261727894
-1.3193477999226157
-0.45803508663687365
1.7117763660275838
1.3978387974459567
-0.9891497283546438
1.5580397366204763
0.9499401255249855
1.5294681245896617
1.1076866583352358
0.608101451929705
-2.530547273238349
-1.4060265348402115
-0.8312788995845477
-1.0947274548372112
-0.17377680464074197
-0.06551378391476192
-0.9194627826178134
-0.48143596513077536
-0.41539318509038115
-0.48980681769092027
-1.6927399431733292
-0.22405227591467214
0.8354509988868918
-2.4768752086396675
0.06200458347848914
0.38493472011082963
2.3544649751808553
0.8711948291349103
1.1437024023701015
1.4665671374464904
0.7187294853474762
-0.03263722190721419
0.43164082057200315
3.3174572376596596
-1.5688053096858088
-2.4793661518950914
1.275180135675575
-0.13338710420959732
-0.7434135159765194
0.241135809110257
-0.2233370491156319
0.9558287724733278
0.4828803497904187
-1.098184214276293
2.3031140160151855
-1.6053281449325558
3.451286689814978
-0.17766523568786097
9.241419342745061
2.4992317024647175
-0.12635333041734675
0.9462484315040256
2.9424950116254807
0.957651646185621
0.3584912828190894
0.7488869822976529
1.0905139868927356
-1.6711458454313006
-0.5331978191095037
4.191867480250561
3.7249637085110097
0.8689909508968812
0.10640266254423691
0.8132881042803659
-0.9864516262381935
-1.2292203846444458
-0.07649528695684715
-0.46908061161669967
1.229834558036574
0.286964923794226
0.9540062147107027
1.32487862249699
0.14074895916457786
0.6181030184153252
-0.16069536478528246
-0.09297859439961398
1.1275848140709215
0.39414450727280936
0.19260117571237545
-0.3975576799903604
-1.3264810578546014
-0.301993510489015
1.0679872466200258
-0.709291911286491
-0.2711844220266064
1.4424088287175383
2.202003065598502
4.2173639732496895
2.096492051584409
4.674315587849213
5.976832722062667
2.373913453215235
11.723303485487419
3.1951766143334797
2.199156933947782
0.39401926024960876
3.3121506520870945
5.51654164685079
0.24109647899659514
0.922114515833268
2.477691868883743
1.4990206870329008
26.25955203265441
9.039042900096273
8.972604059929804
3.682774524177756
3.198766348549278
1.828950572632782
12.13007210821587
5.945421773689527
2.982399999769123
2.9441777000661657
0.5756859258980662
2.2553942512269725
4.949755429431347
10.988444591413606
3.1718198990019544
2.8275162419270803
-0.9253763882960895
-0.46327158730750595
-2.239821396493935
0.6890638150905226
1.5165894726998177
1.9907055730939511
0.32080550003628516
0.1637048002782665
0.6341962835647428
1.0754100351583158
2.183554538774308
2.3716766537539016
5.923291385414091
1.6599684956832486
2.2204095655038953
0.579749111602723
4.2912200577726125
5.397772612137373
4.46585144760586
11.022413036405807
1.3895729453851917
-0.43034248804171304
0.6402355237169539
-2.2025973263391396
-0.5138547635645818
1.023730492090624
-0.9148554497977357
-2.1568123515131545
-1.4836119963302412
-0.49302316434647464
0.9941667038101888
1.7494882780029377
-3.573905905294657
-3.5073454125131915
-2.6969413017816497
-1.220444848929032
0.4923377565477026
1.5446743885129868
0.21841220232047442
-0.3347483242767024
-1.171206071743795
-3.2682617163242593
-1.7774565907145528
0.26649965782972307
-1.1055061771660353
-0.7232537358955282
0.706176649011838
-1.2090102238485918
1.0337126660237574
1.0439878239296216
-0.5716497339177464
-1.26001684398183
-1.3316770465386893
-0.37052703953087507
-0.9250332095719125
-1.5075525667875476
-0.4095116925987592
-1.2543799445082335
-0.4164526487982796
0.5481079280214514
4.1107888054378865
1.74069149086072
1.330040603968297
1.672860460842338
0.10706586387254868
1.4693083233431985
-0.15388624763234926
0.9636572795324931
0.12369328149306669
-3.1429922633695337
-3.409840032535949
-2.9229902844241145
-1.1792894673992431
-0.42701878748263034
-2.4066580970761775
-3.5195883804520784
-5.0556179082101576
-2.1042117819357546
-1.0076162064629055
-1.976278187113893
-3.3461811542732747
-3.2138643751488676
-4.456284142864946
-1.731447616841542
-1.6707868117129263
-1.1533754394870397
-1.8278067513491552
-1.041209856239425
-1.2894323063187194
-1.1586908716222615
-0.03707140506995521
-1.3144673930632078
0.8167712117278061
1.1220679519251173
0.835452824522055
-0.10688773703862431
0.24292873701683126
1.1091138108639538
0.5241477751460449
-0.327979415338467
-2.168115000453607
0.8115484709612951
-2.5877878187375365
-0.3357413136094278
-0.37947182442595695
0.25346355562070255
-2.183397462927739
0.6829713661396273
-1.4006576454551753
-1.2348033366575626
-2.171821886946702
-1.2049263426960537
-0.11807863792201778
-1.6420769130232595
-1.1006382466183848
-1.4389929789163105
-2.5322053072826116
-2.0428296069953635
-1.17395773765328
0.45999616935294285
0.7975077704061606
0.4515944315285314
-1.0605744740910121
-1.136013237443609
-0.6231577853850299
0.1414316330967731
0.7404594483849699
-1.0143636788497288
-1.6449305390835356
-2.2791238052794323
0.4910370114553345
1.3266478533052375
0.4563436029288611
-0.06952323258597315
-0.6715415067424899
-2.829126021291234
-1.0085576746799174
0.46067060142107397
-0.1370824547107432
-0.9858917322226615
-0.6605896162726539
-1.0982546781216165
-1.2186109145444064
-0.5779703559062384
-1.2127286884888275
-1.3368174915004305
-0.37322142379089707
1.0055060976158088
1.6992047936080583
2.5654710599203394
1.2661131658898315
-0.3523779318174465
-0.24446363095610257
2.283987442855092
1.6347814565494645
1.1139531871096033
0.9066149297445214
0.7402717172336424
1.3729480304091466
0.8396970296730735
1.4664753533856858
1.8058826363775131
0.6957320189051457
2.611884376066116
0.9943679133837531
2.0267994428834597
1.010256997165003
2.7138777895679542
1.3492828400356103
2.210074608694531
1.3674718627453961
1.6671665291079576
-0.23123230332112343
1.181682094299105
-0.8305654877473736
0.3320770355387537
-0.29770351376258986
-0.6592687217640234
-0.21597810802965567
1.4915850358548726
0.8705496410166049
-0.12349238562956
0.40243487093490216
0.6506324997240845
0.3706633719960599
1.876970510430314
-0.06180484554368104
0.8612655999507745
-0.9908737583637781
0.8675233887622592
2.1625055200820826
1.5203024394832036
0.7247201822156902
-0.08665325965349457
0.04367850041385468
0.590976896476891
0.531085526713452
1.9771288922802404
1.1032988197000417
0.6679718006883719
0.3868085358549336
0.2603945509605625
0.46170608640739763
-0.018342652632181045
0.952761923394405
1.1002434256640772
0.9143708202693709
1.769637145991757
1.1645876009602176
0.2662010859032383
-0.6438924861486626
0.7510968940272853
-0.1511282380602026
-0.6203001293203103
0.43603440705151353
0.2165091558154585
0.1824621482402008
1.446722845718499
1.8325773955473932
4.753261151095387
1.1523589007250545
0.5045659606597275
-0.47404839095796647
-0.10246126721297055
1.4305289723639507
0.6090091238386668
0.7907197880746504
4.159809325437363
3.9617161532509977
1.5514887461431877
5.7183742431398565
12.040725541026422
1.7341738348051843
3.461715067723576
5.595857400086729
2.06681681752619
1.4742738107056954
0.3420759711174106
1.927666901390686
1.0307124413968436
0.1659422727927422
0.5074553159199968
0.8476620372491445
2.0855867268138457
0.7142702632548866
2.062851942879599
-0.12542275421009808
0.7909940720830775
-1.2811857444865176
-1.2034421350827924
0.6929854578494721
-0.41316695733521946
-0.18856633721020777
0.47834003526342905
1.60481932623499
-0.2706583111655434
-1.1870811126322716
-0.15396265473435533
1.7484880553930657
0.36887898482307113
-0.21498827737686255
0.1554667963540407
1.9121819662632067
0.5949134469087354
1.3192784343598414
2.3000665570618652
4.086248598533174
2.4958626282613654
2.180430097801347
2.4519859460539104
5.010718148693288
3.502734820578356
2.435334353780006
2.5775993447948453
1.3181213407030326
-1.166530245144095
0.34110280436043516
-0.4971611405288192
1.417719353071511
0.10700747551786227
0.4830357419918342
0.3325777246413749
0.04489915800186328
0.37548193133058116
-0.9694307120072869
-0.6587294299748518
1.9674854345858535
0.7359179178920034
-0.471767433291963
1.7913329793485917
0.46246269283480146
-0.2416435130806287
0.7972637251427491
2.7442796749546887
3.1544440835637095
2.9983727519532186
2.0104422380928897
1.4531382682064828
0.9321422919210154
1.4743552956736554
1.6488394216753472
0.9474449459779346
1.2380905023897468
0.1869064597180885
1.2037985036428323
-0.1585506611046299
1.1969306536249025
1.6432966687795236
3.06587034737672
0.4966093203471901
1.5775650745635743
1.6868181437492846
2.0768152489389857
4.092731545397687
1.0148191848312742
2.49985498366383
0.26811745925900465
0.8743158019928425
3.6369465949589626
1.3271854198134145
4.276697046958429
1.6622713282753945
0.5620115504152956
0.5151514611482055
0.1293642589903221
1.1917598633438817
-1.4301874786230484
0.7357569602665279
0.5132270764920148
-0.24058860042218155
1.2785002689759877
1.430356863915768
1.6744210555090948
0.28198422525292555
1.672286346052402
2.2247663817934873
6.110812503424966
1.8458932483321884
11.087356002150937
4.745355142753393
1.572230584354518
3.7257571040208046
3.5186414276898623
1.747336031443479
3.849243946935586
1.0304961949083136
4.151627125903718
1.8469940993266531
1.134851726703638
0.9871118749941328
-0.214261433437404
0.7903010301204612
2.145405061486472
0.12939201620568508
1.7572442950923763
2.917973439865248
1.2613628397052832
1.695773914159743
2.3333004136833067
0.5172885771602189
0.5401482165091794
1.5050183438207947
1.2959844341600935
0.35452184064277503
2.5611179456345776
0.9363523920292836
2.049520919903015
1.5227499323192688
-0.752936098101527
1.311905650454371
0.7498369555811322
0.5533188965281293
0.04382259423339441
-1.5549373374836444
-2.4265775069499114
-1.150230564013198
-1.637403432949939
0.9382910146564445
-0.08727287880658063
-0.11828820199699552
-0.08249232191587907
-0.9925790606105473
0.8483097576773772
0.4345549155575481
-0.7768856878415609
0.18275696651564022
-0.5498686261070069
-0.3342210796314755
-0.42009587023833306
0.1263570776686238
0.27173046936333234
-1.0593441794582699
-1.5405716183086335
0.5271622386054292
-0.9438374926702389
-2.3553850838264085
-3.3999013859071328
-0.7558597960660876
1.214217349648353
-1.8307317608682308
1.7076399113606548
1.6544039524520489
0.4115695955935721
-0.12989787840778755
1.198077800974423
1.327934337272311
-0.21895268393903367
1.1015036390635096
0.8672766730212301
0.42235978065566215
-0.18519845214598463
-1.25430136999731
0.5329474522754544
0.24569921349930413
0.38665822750244094
-1.5747326840917917
-0.06550102879430852
1.3641624745096805
2.118598226002384
0.7633340651487068
-1.8570541145642676
-0.25134732961598205
2.2718194831985956
-0.6281126310329472
1.0346941093863598
1.2239268690271226
-2.0976079604131836
-1.210739464075807
-0.5854830732309244
-0.0064160431046187405
-1.32260041420495
-0.8983468843202171
-0.21710673501824718
-1.2913225633780292
-2.0424067111453583
0.14826649096169842
0.13134373637396002
-1.8000962778952903
0.8203547854115143
-0.1796992112810223
-1.8475814825201637
-1.1098108841342804
0.04449394347269042
-1.0655726862848582
1.2605278664521724
1.7175638985846926
0.4101637001348968
-1.0897530189963818
0.14678045017858787
1.3520359135700712
1.9961674914000318
1.8327875271288487
1.1424252067418512
1.1851205578231625
0.4132879576248508
0.8891774584328759
2.977996037834535
0.46797500611059906
0.6470935411730945
-0.8559524393329991
-0.20901267735057338
3.2144064032594635
1.661762881940768
2.478042731470312
2.037632732817591
3.2599959608834883
5.949505732105689
2.4455787948596086
11.581060429369744
3.6920512114379265
5.724779651461961
3.2391578413710054
5.456213612535879
2.830307568685887
1.9615508575995755
1.8458287232851127
1.7883296475174135
0.04429528220982326
-0.028382202186719496
-0.62906065561749
1.1708569592639353
2.264299021771725
0.7791698910512165
4.1919615064996165
1.8149827277830195
0.6729529378291976
2.6030463395335497
2.963831453962828
4.9020091646656665
1.9669601604337181
1.6095538177799247
6.5012077971375
3.6292455694797963
5.563713679786816
13.497856522278433
5.694617275750973
2.702905120945733
0.9234509535154143
1.0066105990218355
2.1714058739475153
2.4507444753148393
1.7983677849083377
2.4764902548069214
0.5170280365295277
2.5662462589300894
0.20325047670314356
3.1281956603303693
6.427235538298492
1.6232619918886915
-0.1445898042414473
1.635781517164948
4.267700734867205
7.125863361266997
4.300037227798535
12.19889193213048
4.6284328516642415
13.532225441893644
4.426532692209975
26.816607910716748
10.814580817886375
3.418533060634535
6.47494036947788
0.5782662868284184
0.2117773869054923
1.6554530845629314
2.6335423252262524
11.79668482123577
3.9347399336438973
3.4469316725645633
5.19040181566682
1.4773716123895047
3.6155104433423424
3.160580180053051
2.5907978443860777
0.7184553811891918
1.8813818133518743
4.31474645073085
1.5357714775491464
5.043006780685429
10.252171336997467
3.617019755736086
-0.3229500939505101
1.0330819454764457
0.9982916957877823
1.4006295714046746
1.512267578171664
3.0551588456203294
0.06656104815627073
-0.36885924004419124
2.7911249814417807
2.931429082959778
1.80236375656497
2.5428885221298816
3.16063476101355
1.0809830001928196
9.679666983001898
0.35736207420514543
2.344194687043137
5.330960266335038
1.7326783262326226
1.8342920095006612
1.9223291054251073
4.534705677153325
3.6871534090008513
0.2968002786693338
0.7794243339131556
0.5608924843133462
1.882825897492178
-0.5055710392289796
1.4120103416141379
0.49808568547595
-0.4758964108286914
-1.6983377569193192
-0.3161874833438816
0.5167543378554356
-0.029827820033390795
-0.7769113929537903
0.06930176547740208
0.12356428490152482
0.4296463380092429
-0.5452585701222123
0.31404553486771636
1.3496538357890648
-1.353039110965225
1.1817842240850758
1.924813956302705
1.0762945088555003
4.530306108055655
0.7348573636388172
2.252939836211197
0.6897734775486148
0.6393004707363115
2.2656346763840096
0.34822911146001756
-0.07799284673615725
1.5419451426521866
0.010518232689108564
0.7047447496802226
0.25969634010196974
1.012158233582719
1.485216718550032
1.012575849474614
1.805351600395785
0.6028235452382871
-0.7357782505053292
-0.02209135558533748
-1.5436434193175521
-1.2184377034019849
-1.433432501566303
-1.8247199007614938
-2.63359501680677
-2.083263011246373
-0.7809813574074225
-0.7394082408291374
-1.2403757707994099
0.09789110598424278
-1.2228125412488953
0.6307664205588518
-0.3867377690871763
-1.031171182101167
0.24870045872925872
0.8209166412528308
0.7498368915140967
1.2474571161312382
1.7066731877215422
2.6559468181072403
0.4892063286257775
1.7316018445364203
1.6496252865762948
3.4005052386102936
5.267306397247518
0.2935833596045512
1.8224738093847184
1.0122450952535518
0.9582079242512215
0.8820263557218235
2.1713292693265975
1.4626640277368996
0.4620864693644233
-1.0247317530402817
0.5027543591056758
1.4177498704921527
0.934944147258946
-0.8952611141012639
-1.1908583524305478
1.3770291467251803
-0.5119882675581038
-1.300178730683486
0.6454833847519402
1.6857501185022077
0.4638897690391717
1.7195033798353916
0.026844832696836463
0.16315417736454918
1.0636890406270139
0.3720873212171022
0.5363562591177158
0.40062531150790126
-1.254871138096235
0.013122037527962593
1.0258128672441726
1.5319460070311735
0.08717321840692582
0.806290074108306
2.415313955616896
0.44751190689820797
1.918234471821826
3.8994939157393635
3.3821121803224967
2.8192833701731113
1.3575004940908904
1.6723726546351008
2.4907204473909657
1.0416426710705373
0.8773693777853964
1.093003539776853
-0.12761651930171292
-0.5354821425311413
-0.9386342720338676
-0.24374220365160149
0.6272957106927133
-0.919919859785431
0.2580928428626098
-0.9193577258590111
0.016466939767842304
2.616911846414272
1.0019415805125853
1.1613780674537368
0.308102404732304
-1.2371141035684503
0.3836835146320243
-0.7568531263933809
0.6791052981757163
-0.2941787058792187
-0.8542911269705644
-0.84049415628129
0.5514586177245562
1.799043075524914
3.607318892204675
0.13468801332799463
1.9389305658420999
0.7781198275716734
2.263293554028886
3.423273409286662
1.6920950324817725
0.12081986324476823
1.348243074343395
1.2229849468523226
1.3576917360172025
1.9442576414208599
1.6855275205857156
1.4634154741737468
2.5676672586064506
1.439707130066334
2.307561100160183
2.410615092965603
0.1651531772286442
0.2523858809841568
0.8561676925187817
1.5132986342117403
0.7973054303916909
1.291439428444798
1.954206997650926
1.2312763836281078
-0.5834959277272493
0.5966770760598138
2.3721820408608547
1.3058052290377775
-0.8833109659241472
-0.23875872127874498
0.2058142250730799
0.100032523740882
-0.13377638797120706
1.4376246386724865
1.288417323927007
1.1117001389945278
1.4434349984823647
-0.959668788240271
3.9292076075631837
1.864411267090901
-0.22860651677888444
1.6307307638277746
0.9870400270091144
-0.6565410001840255
2.254376415996792
1.2470762684291108
0.6194616170955046
-0.0007541917107964924
1.3056104515001365
0.9783607031397369
3.624835665501143
5.6103042707193875
0.6127365950918926
-0.413774036024098
0.9083792813733551
2.8027477910273424
0.19674526311694773
1.3141613803081862
0.8105082711819136
0.6375883759852798
0.8440870956834738
0.5343066155358082
1.5211981520441367
2.277873174962377
1.222880144243379
4.098976177869973
3.5636021254915553
3.5360631350422596
1.9665048518202077
0.833036219941176
0.5077251295596206
1.1333537861053782
1.298326961654415
1.2110465368765966
-0.8524987823990944
-1.613524012306418
-1.8484662494318411
-1.0475667781992257
0.2752569797624649
0.03689360596598601
-1.6076323477156622
-0.13733274495518555
0.5969355996620556
0.2543937420684066
-0.12916675108595577
-0.34077475702914883
-1.8110950131119137
0.983721367335471
0.9017488717320095
-0.04270945510105939
-0.9777350151303459
0.34359527787915967
0.7192657873970543
1.7945662617989755
-0.06879356935050729
1.9800085136283332
1.1049564998910832
0.42590138196948146
0.498217507515628
1.3035219687613466
-0.0077098627753016125
1.652117309894022
3.765720165338735
0.9218422271200184
1.1156774136358067
2.397687297512361
2.6435533167847254
1.941142040175794
4.78202942537974
10.47012903002801
2.5343147941645405
4.782265693043366
1.265026116263213
0.2532224886798654
3.3916207363301454
0.38258676573016825
3.086497373072995
2.6104856647235612
2.6962466414830852
2.2258708648628387
1.939094020920747
2.456763737442521
2.089386849949139
1.330063458887214
2.8436585585395937
6.2683894468821215
2.3455555105529475
1.175537450258243
0.39879455537982866
4.1531300282833055
3.189326542194422
2.302964394578548
27.56771755947991
8.56379485561483
10.54725723578418
5.947470479218588
3.9169013090231806
0.13630065498637978
8.757180813222918
4.5923903548860405
1.4355758990623486
0.6388591914521689
0.348044371874475
-1.0054789676557792
11.849947363439458
5.132652714276367
4.606440724235324
2.172314433199606
3.9005943522807427
6.157939173809162
1.8444202039552748
2.5010263262138235
0.6725674706950499
2.148130079036048
1.0660219970840332
1.8490664777794485
1.6149474290102135
-0.3463739559605701
3.0047539044676457
0.14297110089402598
4.8392429110703095
10.03246602574379
1.3389746570862693
5.08772612053505
1.5907851649422593
1.609764672658433
1.5285534305016215
3.8576626155888087
6.0237838073666286
11.245864051865611
1.9584406596453379
5.388958450851048
2.336998146804114
0.30831553370369225
0.15228870331584998
3.189251529473933
-2.332774898059042
0.14243610592645317
-1.901518447612077
-0.7298300912658595
-2.554515499693573
-2.447986884193622
-1.8176206250000724
-1.606168625128352
3.4013753579433215
1.3319846546014624
-1.37370602514738
-0.9512136091517633
0.7050051933634962
2.249138573186965
-1.227455368022469
-2.609763443804143
-1.6352043213367757
-2.5399199834662474
-1.8508838249990305
-2.7346623878871807
0.14460076869210758
0.6547013943880016
0.5819975928659362
1.9547575290925039
-0.2017814410771921
-2.832049015223464
-1.3940732073041908
-0.7159312175400119
0.2887454418669291
0.8794778536030978
1.820060333638365
4.488031798680065
1.5695743788718957
1.8233105850639457
0.7650094077867337
-1.1894293635397486
-0.8371577792129254
-0.19423415834554159
1.0871238857662098
2.2831810354492115
-0.19144789346175184
0.25004533179277655
-0.3697241151941022
-1.9183739316202097
-2.2884643303161325
-3.1631467548822574
1.013883469102882
1.8359224888176295
-1.8282639870812933
-0.3736633485969534
-0.4692592324463234
0.1736851797099629
12.003762407121462
28.873221629460616
72.66617122688396
31.630353970250244
8.199391357603753
14.021703135532068
30.152868173315728
12.292257778412546
7.567085761162833
14.161470527529692
12.554447390677508
27.735112245606025
11.715784760316643
4.591261706611723
3.805612789976144
6.347042293881818
6.931769554850271
6.6692624009074555
6.365512098183174
12.378495370567345
29.06757576556553
11.545550926999791
4.510414631405263
14.208413524892608
4.333793246018528
3.122312650000943
4.390848155871174
2.9320766993881455
4.448849398612547
5.742391320395859
4.23282064412621
11.038353121379016
3.9549987456962348
4.822857796834603
7.027356452399484
4.967834775504651
12.948059882471313
3.2107791779202883
5.381081363890441
2.8485878219501264
4.694877804657852
1.3725104795670158
6.082102233259188
2.7679425230649746
4.7430704529286185
4.57389527301262
2.3747155538332105
2.2529428999977066
3.059952370421172
10.436210297550996
3.69584337112891
6.390731969972719
3.7688735384273886
3.7828805488337656
3.351830815751178
1.3455010143816766
12.17300917845753
5.527387157389957
10.264414618131084
27.678083257626383
11.004021057299894
6.2503365751714925
7.781343292761268
2.1638378932980444
3.83586292650846
1.5259985537179663
3.766888918159339
5.585874813163539
2.144684837910541
2.9160457513639857
0.6531054079879357
2.1315823932100493
0.9043099946704082
2.686055830585401
9.278249112536969
4.95215649085163
-0.34637133914151175
-2.8516277691351646
4.985656454907605
3.88172085564545
5.696620724749811
12.852866937879881
4.2962820744358545
6.066711617463674
1.69685974188116
2.8813717386981748
4.650489775610259
5.677776182831663
6.032095286271655
3.4585573401111436
5.05585869444975
13.991345680937936
5.483185016218278
12.063931446599574
26.809322897644325
12.695265783522487
6.701051995559841
13.704001694959073
3.7340509161526128
0.7323033598218149
1.1011287990975651
1.4307709764423355
4.158088130284977
4.2539648942138
1.329316213495462
1.8320767519316938
1.534603955984966
2.0457347630057714
2.9723450666291087
5.2607789764731585
3.7234589688771482
2.9279920476505135
0.7461259621890741
2.3816850234456504
2.7428694880238647
1.9059638867877091
1.0411634953196058
-0.4431628456986687
0.472031290853713
4.625141740730204
3.1890731470173725
2.3052200755221635
3.656780429824663
5.859784353491701
2.602746527206178
2.7841253884511072
1.4714033644689086
1.9303556739852772
-1.1019785083358378
2.3162826358708966
2.1610615067392116
4.256484309599208
1.27191227413692
4.726538775518122
6.476984644919818
12.334899415577047
2.0488662520230374
3.2486562383634596
1.5494153223172318
2.7817286480727343
3.5194643999545856
2.3696333593530734
3.156313801533073
3.2102706404255525
4.890786128248806
11.017161618000785
27.409715709844644
11.25702797480547
6.533031158744434
5.007131556312728
3.361133030420734
8.847872449850666
5.206044955007226
3.0369011585777095
0.9836405338316797
-1.1108902931250646
8.198813762788884
3.201312035506777
1.8600244933213745
6.380083629197731
3.472488966429917
6.360261996042178
12.163261621843967
6.012933139289114
2.376012389773895
2.689394704571799
1.3707294238529508
6.115639591528706
4.317064914198924
1.3925307235787483
1.6973084766676083
2.397917315226392
3.7173746466915745
2.11927584297412
4.445507305347105
2.0689826195190655
1.4721784527065043
2.436329732427299
2.0018268893231994
-0.4182962241272661
-2.145150493375029
-1.5550371226971222
0.5725135232733908
-0.24636366378111885
1.1717126871277896
0.061113556080275466
0.3628319926149096
2.2652416702313505
3.2545017177294264
2.907171208082037
1.7472545088830689
0.8413897730493516
-0.17557303952372205
3.70354941185163
0.9974462746831178
0.15646279551091957
3.9508311248356214
2.9094296313806245
2.7835651077044488
2.090176513053013
1.7626667669841907
0.8249457162800506
0.794675617494671
0.1858936527726568
1.2717816397528825
2.822187698567297
0.7832834588776002
-0.24561065976466545
3.494551138310078
0.9436243481109613
2.287326590661894
0.8601042996719667
10.237333735253909
3.457688117989508
1.3836814621640605
4.721334983504353
1.1034850718921907
1.346503017348555
4.374081849302956
1.983062210570378
1.2634703779766616
1.000062114008663
1.004404335510889
1.513440591422536
0.27041954825973435
0.9745686599308797
0.9024647110961042
1.9189877953911958
0.9153093782314303
2.089787369488967
2.8358268138777927
1.0592988188910442
0.7345198426317519
0.44024166183666846
0.6073484293354364
-0.2912637622525023
-0.42062316054675186
-0.2425360853644909
-1.4835911924698926
-1.243395477546081
-0.4288784815431097
1.6615365761443117
0.37014558817270493
0.4884186858207852
0.41985900460191505
2.5613765314485075
1.917970280403079
-0.09754320293109231
0.29324608592115076
-0.4060152622888089
-0.212325453886534
0.08499967186079205
0.23990467775397517
-0.06891599069364074
2.1163223326201854
0.6721044226649113
1.616410532733612
2.277658426702917
0.46862223569322103
0.9969621217078731
1.451327444118124
1.2475763315741142
2.303831699019054
1.837386043921355
3.3139253226190473
1.8990591917676198
1.2503144226575453
2.021895263548646
1.0831859986760715
0.8507639131502992
2.0423687945477274
2.8800309546441585
1.4331359911516097
4.90936261142558
2.2197325630700377
1.0179308139746652
4.078145746880152
0.47971896844885864
2.899104364787248
0.1610142680052291
0.3153488110115179
1.7280492913777281
1.9515985408144998
1.1441298523791197
1.3186808336643898
0.49522472273769946
0.2598765252464441
1.6992993502493015
3.6887793276765684
1.0744249234918595
2.315389827523105
-0.4558500696430092
3.5370342035232967
7.709691710566903
-0.20510261136288022
4.211121203821223
1.9721952412755162
2.7098788540229526
2.1892094537925533
0.636335421971111
-0.06551260237060785
0.12195252472855778
-0.5807777083197179
0.2219617831970806
1.098517701893148
0.7653935725382983
1.3037711635728397
-0.5092181520717152
0.44520263481448974
0.9436538972386465
-0.16857840111792455
-0.10075033275807388
3.378863833789858
1.1574356741085718
2.2036463541523648
0.8852452518685066
-0.779318769160908
1.359750208713892
0.37166843225611723
2.5079844993396687
-0.3769798842246006
0.722842497755288
0.05742719146833275
1.422582434780478
0.8116761045397948
0.5265090966590713
0.32429429532120524
0.1412453320404523
-0.2792177840858805
1.7195568604283702
-0.1413366502393283
0.4074599415380261
2.5880177794399613
-0.49112462148158764
0.8018017412323936
0.7341903906567327
-0.6650267219852062
-0.3529913844248709
-0.37915905682403617
0.5615480484280655
0.9951293692170874
0.12993456352860544
1.6948827271455904
1.3314311441881488
1.669551052289116
0.6416159464782734
1.228410412703078
1.229647495899826
3.256796727508788
1.461240404705567
1.3067139759667632
0.6177348467751886
-0.6855938427858399
0.5535101204021505
0.6033634252372313
1.7625473820565147
1.408993927575704
0.861564791791813
1.2480738734788457
1.7106586000428643
1.1845889192222248
1.891667608035914
-0.48933098216368176
1.0370039252591772
-0.8819646288293075
1.0377333191674056
1.1657829363783945
0.3019168894135833
2.41634139154874
1.990676763705364
0.6797078929084068
2.0000629228566735
1.3448981357091796
0.09328444679138692
-0.04218127507685776
0.6384628177040996
0.6847386963861034
-1.0665012778626197
0.7263620629801468
0.5679654277873618
-0.3060651688352285
-0.10101089814053243
1.2217429250483485
1.89603543119189
3.8041460141850583
9.175158863254453
3.380184459046537
1.0404897642574402
1.3916428364680746
4.97890718330652
1.63689279181041
2.981740706262643
2.4764638764672684
1.3047869033456472
1.4556617116018873
4.031981786920166
0.9048671016427952
1.2650613467378782
2.5341778671622137
1.8839142507510283
1.2602757000414464
2.257609774556114
-0.03338855114403172
-0.46400930688045006
0.43243636643739725
-0.47768032533259275
1.6213825956286296
1.1531433140014304
0.6235406222234947
1.4310435429388897
1.588765528538566
-0.12913301864285964
4.51296231479704
0.7781097923496327
-1.9298941621485755
-1.1094693633887145
0.9521556671313944
3.002642638942994
1.281772950924073
1.8984620493795308
2.1301748548905906
1.3878019335601768
1.7295420532157237
-0.3323537009066051
0.5292120204213806
-0.057448939562977586
1.451862130061507
0.8074067826557
1.792729639197293
1.3958097750979965
1.7726923028329655
0.28827256706500615
-1.032379258179465
0.5337634754684457
0.6955232986643527
-2.0159881638875636
0.5460824355279834
0.032950585616991934
-1.1105503224470539
0.44363377314015906
-1.5807825173633083
0.03740739111640157
0.30405921596706864
0.6362167487317192
3.4875477631295677
1.1109810833227303
0.05947727532988656
-1.1937088336365833
-0.038329581186616224
0.7336303741391323
1.9235001785942354
1.4270959953239584
2.2548058905522197
2.4794066151359684
2.8771579578729534
2.3919515512057608
3.5617007125154165
2.8981459606454205
2.1370119233155283
3.297692796635314
1.2961044852806864
3.1547444822374313
1.0840206820686373
0.759377071058584
1.2477371959574066
1.6037563924020837
4.525843116021707
2.707394263758765
2.53541401951607
1.4215394507827024
0.41358332652176355
0.4929369986529447
-1.0059579479757907
0.40540564397579737
-0.7896919602813757
-2.1380210166624676
1.3297365113645512
-0.8975004305704151
0.759008748402666
0.5812584395940914
2.672096647459868
-0.3046226092157409
0.14727854632571002
0.45626352360050126
-0.35735140984554725
-0.3578594096853984
-1.394062286372872
0.9098192808706339
-0.6252204669545767
-0.51812621775788
-0.04075001980709936
1.502516566778393
1.1680105862870747
1.480348091303117
1.8052487922574876
0.5744376615125506
-0.8863389746947907
-1.5591300035592406
-0.8113199971250116
-1.4329086630523138
1.5680688265252996
1.9962359772157396
0.3244971000194773
-0.249273232963382
-1.2247732511670275
-1.9591077061106086
-1.4320055961414968
-2.2046861065996275
0.6692022643374643
-1.3629651811836325
-1.8283669389987511
-0.8070135638805105
0.7995439919626819
-0.7150376634158284
-1.0891844109843767
0.7527391789977707
-0.6366768997269481
0.9758192475786067
-0.2555220860737015
0.5022771163171293
3.5419797426043735
1.2297927847588448
1.412551321254793
0.512087884346947
1.0455136414038095
0.11303969198056973
0.22292071117351386
-0.1138182143995441
-1.44134452216419
-1.1461562490940187
-1.6302197415683457
-0.30804263779582985
-1.564089433497942
0.5473025524125479
-1.9292569946596991
-1.9736296607979664
-1.8630537002187895
-2.0879200356417043
0.3520779099717478
-1.2331177700289384
-0.6504315018241349
-0.4979732480317316
-2.166459220134593
-1.6882178813552913
-0.7911747044121413
-1.1385378401582882
0.7491346537201738
0.379172558481483
0.2698837075268573
0.20378968415088305
-0.3149648421286759
-0.5693827928666229
0.2666111597849047
0.8969859845933658
1.194513698988231
-1.2736865381832976
-0.8798616388880192
-1.8174501958417077
-1.284321788455613
0.8232918288167738
-0.001232270668717339
-0.21542481488871967
-1.5198947370645701
-2.8556202863772504
-0.6532014245797326
-0.04156961178566054
-0.7729430966917883
-0.27375402494184775
-1.0934619461517858
2.345630093119202
1.3388424739918878
0.16216262801367398
1.050460036116362
1.015981812931167
1.184683870945356
1.3712294911275273
0.9149828044824666
0.75592969224684
-0.6285441624726991
-1.9291943034567312
0.08968231914856395
0.045860742870607596
-1.0095785251285645
0.4999525063368221
0.3892971021607785
-0.3294518217464868
-0.32633759386947103
-1.4438384771667256
-0.12784230367031046
-1.677604212462712
-1.6136599727830152
0.15369060871914753
0.4349790154122912
-0.07557243343439946
-0.8833659232679931
-0.10468224279918914
-0.19727287722572728
-0.29484498250849067
-1.0170555354516169
0.9623666453894897
0.10784976499589038
-1.5303298577864943
0.42485813643585335
-2.365939625439909
-1.3473479570909377
1.1585212102204296
-0.1132948165106531
-0.4036801068078337
0.21423574671245127
0.5968301023867634
-0.06358526041787593
0.1417552990273775
-1.7265489163702612
-0.4417401949538333
-0.7425260090284342
-1.9762196413081505
-1.7321699821896814
-1.2104461443988854
-0.37114890712760396
-0.39907703675285355
0.7300520995073956
0.25586801599345754
-0.46399139914179943
-0.4573923461214131
-1.0339582389822581
0.2153575043524677
-0.2724062196978323
-1.4654303501111388
-2.191546806340591
0.15259905996428003
-0.15071946953328008
0.7655379201703212
1.3896507212585414
1.3672562397384342
0.5863355176161367
0.8248397773319442
0.25712113971118
1.5704130640728402
0.38249233150569273
-0.6501448645621086
1.4571549765136131
0.5093607836423576
0.2017328354462713
-0.6953565349647406
2.284380930156475
0.42550421604247934
-1.3383224349158467
0.21438128190511052
0.9436418832331444
3.254086961833915
1.3008833174847636
2.678864216652874
0.784451107485446
1.5755145213774306
-0.02287918715628856
-0.5013948917910571
2.445442612057171
0.5937920829286438
1.1479660528079887
0.3563068448340325
0.0069854507431095225
0.75424514010426
0.6099731123096269
0.7802293285236908
0.004258849581115887
-0.18827387938504425
-1.5661306699848332
-0.8934716576637423
1.084430756612222
-1.2814782372851856
1.5167151490802766
0.4798661361994402
0.9554057810698625
2.53200438427749
1.73400895852044
3.7016072575938628
1.6596228626576424
1.5087727191071871
1.0982085765204266
0.6842682326661405
0.6529222980749795
0.13228483429211524
0.6693194920669274
0.2813250675478596
0.48136047924254277
-0.012691815842239773
0.6643863172473006
1.7182472046905355
0.4000063040132301
0.8163917085178329
2.3979049011653717
0.9610986077038741
0.02163206697299458
0.5830569688372762
1.2716798093447264
1.414105085357037
0.5727217600661987
-0.3490388854290387
0.8676643659222757
-1.1007880553314457
0.20540678239735244
-1.4864039582280069
0.2550132473186485
-0.9175188979224398
-0.12539907380153203
-0.5071635613617882
-0.13864115192032367
1.5732181154588918
-0.3149263983557067
-0.1424416461589164
0.49018737069851015
0.90839215444846
0.7550478273697461
0.7360806574734464
0.8832641179536688
0.6545569275854317
1.7178872609900355
1.8249162346289005
2.19146105713021
0.5291309525587282
1.7842243236717374
1.5724977072562476
1.6766622165475886
0.7716388594727712
-0.10014450281266263
-1.0852307895943998
1.20279276598092
0.7695178274817953
1.930448176726204
0.20800348779057842
-0.1645936041140692
-0.4136065762190182
-0.2620897080030862
-0.39526378027812314
0.6843699221327848
0.22379650422045927
-1.4168800691484948
-0.2556266932149365
-0.03525941632636376
-0.43182876560514627
1.072405405987834
1.7338929765298239
1.4864810018036614
0.3422889944034323
-0.5202292710543599
1.5912130596769778
2.3953583271514587
2.0582388584440325
0.35909972488019204
1.0295251485489407
1.4019975660782158
0.6837692384949137
-0.14600666434931076
1.2057142991423273
-0.09218814550905452
0.0765405809589732
0.5906740214784294
1.310887998019405
0.16673972819179306
-0.7951768112535864
-0.6506324628853988
0.25333635198817295
-0.20866188072131653
-1.0933008521261747
-2.315999083404835
-3.0429938148031503
-1.5024700120609804
-0.38012966817219973
0.3150816755203648
0.37966134133456386
0.21105332871329152
1.2748090154749214
1.272476974632485
0.1494955711980993
-0.4452707074715536
-0.6351009550533115
-0.5129715107951278
-0.8279818552804066
-0.7870522813008993
0.2334577297440219
-0.562958725602829
-0.7025446785379255
0.11195002809767396
-1.919797202155478
-0.8596970728868643
-0.06364823000403219
0.4124333181350086
0.08416940729670597
-0.21599597594032272
-0.14980142487329218
0.7461347335241573
0.3408914103784719
-0.024937339138154435
-0.9711438484343544
-0.9755776755086771
0.0780401455221279
0.7504415274449077
-0.3658168325991753
3.6554656634990605
1.3686094928988433
0.7707425315273408
1.8133963541333573
1.0265001115035088
1.0431351225839736
1.3327615386543925
0.5115403318621292
0.23868424326702475
-0.4050617276765378
1.1845607473163708
1.2905064455997306
-0.8255772857214942
-2.2994827170191354
-0.8240536403520908
-1.1756800595637111
-1.0362906881972722
0.1460994698000736
-0.09567196603924777
-2.1656175687090635
-1.1201840989957286
-2.087341921072989
-1.5981578874252853
0.10917795003631303
0.4910781166979482
-1.0412528717109635
0.7353319249068652
1.1535458787535209
0.2897156443973986
0.40894518498034105
2.148712829329834
0.33860205953376943
-0.5059951622431507
0.8587610896884317
1.3920504241159664
0.03921141588425592
0.3187442996622518
1.40219505376546
-0.09727959892585036
-0.42694113480126483
0.2787732241916061
-0.07149185717039597
1.5237556783009472
0.4322305778549036
1.93844402506505
1.0709877364525036
0.27627481809354426
0.8434075124850933
0.836771985275985
-0.5726154801546561
-0.7845269250307614
0.45928251913186524
-0.8276244012793572
-0.30854084144367966
0.20241956045343923
0.14387680168908656
-0.9671728421886674
-0.5971630718504513
0.34728848647072497
-0.49553142581837917
1.3798215911210785
0.8625271607288133
-1.8424922717515066
-1.137168173771181
-1.6441034997825277
-2.025962764832415
-0.6601747277478687
0.7481158041787097
-2.5592035399540785
-0.42205651615411055
0.14229193223755088
1.1768697938007053
1.1680592227961943
0.6898750842008037
1.0758538556871517
0.8216376424190365
0.6470464108316077
1.2711818208862513
1.00185665207724
0.13921133917304251
1.0383467564910112
1.1296473912413834
-0.14873942121669903
-0.17657463820044295
0.277808349537253
0.4103454481695872
-0.150896428516611
0.8235698421653818
-1.195256920665225
0.3556532344931306
-0.1232633224966464
0.13771395368089479
1.3960484838673524
1.1476931727044646
3.0199213793811497
0.15531936217690667
0.4394956142467369
0.6482353352192687
1.4897232486233922
3.898377141768445
8.905047745546767
3.7691201925507922
-1.0522906708428623
0.8263318739759165
1.754761503872278
3.6872982503359393
8.34972325223294
3.2668759145920605
1.817333430733709
4.625343703552408
8.93001824972698
25.45190399684587
3.3562799854537877
10.825446450103621
3.297352239206934
-0.38816706283049185
-0.17506886668042854
3.2535425642723457
1.6800019119213043
2.449900952314406
10.201617254839631
3.1108426190598673
3.6813905765349255
1.4496053329324339
1.2615241815294478
0.5800056335308343
2.3932544230008466
3.047495591721461
0.17912117599876087
-0.8022949394564098
1.4447227157577107
-1.092706948184253
0.10431100214375277
0.6386148367080169
-0.2695925510827559
0.8609175872618618
-0.257707771977014
1.3495887880064958
0.6328924482806249
1.6946287561511075
3.356527343070414
4.451483137687779
2.243734621854853
1.5478773189370534
1.0414782229371922
1.251052585081043
1.4660678807355687
0.4758626000393711
4.387370044890432
0.4920363860397474
-0.24881884669140542
1.0764292275430052
2.1666740042890913
1.4800785404382948
4.757609252435812
3.843856146106229
5.06412477129095
9.870775881187825
2.2599499975440285
-0.0447478639208998
2.0501809375578115
1.032398288390362
-0.10269697254927057
-0.8592351938779199
0.5617139406271698
1.5915320870457674
-0.4628883698153148
-0.7293228003379677
-2.097024790522261
0.2771381296544625
2.7116687958977836
-0.0921264346488686
1.0839509700651
1.2997921723192583
1.5764248574028465
4.287784782505746
2.3040081187991497
0.6425525760273322
-0.9597872385042743
-0.1779468760041678
-0.295929932736114
1.8989151151667172
1.9444234755738083
-0.9558710989000956
-1.0902528285282953
0.07111353313127355
-0.15425900178117802
0.5948026491274903
1.8862167779314032
1.3145484986719513
0.5483459343385455
0.7722317151761254
-1.4075485320628798
0.05752486846912164
1.189093409827845
3.320572150470958
0.8042868464493818
0.6027088876468389
0.22633528369616784
0.37356825193522136
2.7503978850598196
1.9274600395318577
2.4433117130212825
6.695579169051944
-0.9409393092292246
4.15092056402618
-0.9313964967092538
-1.4980009704497799
1.9315951574893366
0.3887036830766174
1.9241243193783202
-0.34720597758585914
2.8715466920004724
0.12900839599190372
0.4435760389236568
-0.138319697394232
0.04289222220731004
2.246775926079841
0.1962229632577691
2.867992105581971
1.7757354067226343
1.386105189142704
-1.5595049408657076
-0.3353043647498799
0.5157540785402752
-0.829857939544854
-1.1840933288087956
-0.7094415030667593
1.9350744109887335
-0.6194369896551921
2.212714295605037
1.1344363068245935
1.6605579923009723
3.9478388360766696
0.527339126307582
1.6542132282698878
-1.9456817958198815
-1.5989240301086665
-1.2341817957930226
-2.0028502844971086
-0.9477472337985671
-0.9523510252932541
-1.6098649905505007
-1.4972660627960326
-1.680015555823842
-1.14144814166404
-0.6371141147861208
0.30230693520302787
0.35487704777407625
-0.6713977598536043
0.7414843097117214
-1.4370104212867703
1.7042076380597966
1.7421029262675045
-0.40140160658055923
-2.399720132043851
-0.06869008578237157
0.13924512332823813
0.49495176110162287
1.5466437345322694
1.3552722536520656
0.5056135559369899
-0.07825912042279892
-0.032008793719229045
-1.2107268030728862
0.924293968703434
-0.32317355149727356
-1.3729329651602895
-0.7390842755064959
-0.000666389688630753
-1.193301079600856
-0.004101387404152446
1.5000076474551753
-0.27191939048679803
1.8297878824221838
2.920657929990156
1.1103009385678557
4.768267851314549
11.504868246619827
3.894130381046359
4.778093867312056
0.966201549995284
0.68381712664223
0.78143790198505
2.0921963382185718
4.177221482505072
-0.9174225750409477
-1.8917058872696209
-0.6217335919323068
0.19192173554047331
-0.7901025420276977
-1.497018412023193
-0.9477465047054716
-2.5243102023171726
-1.8682522464319389
-0.2397267280555071
-1.3239317224176244
-2.6721152977545524
-2.933995294900984
-1.6551182904696775
-0.8645739188665362
-1.148256445917692
0.20658111287753833
-0.21830253824671453
-1.2062628149571886
0.18155288638126066
0.984093140292693
-0.520656582606952
-0.6966204514303775
-1.5574107087573328
-1.2251128927152015
-0.9109612873461637
-0.03867483093527713
-2.0388264677238452
-0.9644795490452283
0.3925945338109824
-1.2282310051029537
-0.5123453833881944
-1.484478627161931
0.35546877062415894
0.8121048338843065
-0.13142996017682895
0.302756775417078
0.1359233040512532
-0.45075530999054014
0.9333868726109446
1.0697069309449914
0.09933161241652333
1.3399090488573964
3.91578022041157
-0.03290538555345823
0.010151362453003965
-0.004386306316857436
0.7462803216377736
-0.9348509178608952
-0.7084254699450541
0.38690883830529577
1.4365321937168338
0.1423605255789575
1.3804836361190893
-0.7611644782923639
0.18833706601006883
0.6500909276131293
-0.15312185954163415
0.6133154886398653
0.20054368672428635
-0.0593848235601373
0.9087431505697388
-0.5587213217056424
1.9750210690584062
-0.029844542009840103
-0.480855361456231
-0.27376924095030364
-1.4536147383420315
-1.167342894052756
-0.38578664057636614
-0.6986052329861248
-0.24328780212252465
-0.6895272592827162
1.2349296867829351
-1.0654968411637422
-0.4495485869394291
0.11318161315901987
-1.7234688876800917
-1.3584742131623266
-1.4548706640253397
-1.9361014210424714
-1.3085990714887017
-0.5246613831046874
-0.356139578535152
-0.5056063032885849
0.39212725250115976
-0.2719655764692843
0.2768127560897202
0.6937097903806939
-0.2858394479842501
-0.7789105572652866
1.2153629838360422
1.662854211311143
2.236367028309823
2.0245601273928617
0.0568987491109304
0.9320855185392303
0.858885533693294
2.422514442292397
1.5523425136597035
1.3578110522491431
0.24662689222096124
0.7435068325409391
2.315112571565129
2.278201717376607
1.7851564820100203
0.8403071156014923
0.5819896159297459
-0.7183563240491193
0.9018448080915891
0.5128946015231207
0.36423388735081974
0.21032248851266955
0.6996841313243805
0.9833421643190847
0.02141185591726169
-0.6263317062471077
1.3253594212042943
-1.0812485193299062
0.7113719941881103
1.096383943792092
1.45372769049016
2.13275764141593
0.4878390982301605
0.17827682264677325
0.35065522286559836
0.66978605548043
0.8649643140837153
0.5432487223641014
-0.21053476446548514
1.088568981982609
-0.6455952641099436
-0.7456418434334817
0.7813215216977538
-0.8763535618787199
-0.2851233261648054
-0.13060789399660067
0.824212776658674
-0.20261635604558892
0.4824356772381475
0.9115305625304071
-0.6491242364564587
0.9236442895185193
1.5753597557860128
0.8112765341983745
1.174775503990919
1.9003504724131033
1.9894938217332334
2.888641291404352
2.001620066499076
1.9328885186819817
0.8667448538961113
0.0857274554072458
-0.32687728635400704
2.3519647729274475
1.1440848633567051
0.7471233143976639
0.30976100492768455
1.0050689477356856
0.36655989511182807
0.29440576106389227
1.1352953406726778
0.8721079636101766
1.9711391038639619
0.32790494562436423
2.2021384210362283
-0.12899625281767313
0.7750954947185019
0.825105532188212
2.027361981437661
1.0892597313770875
1.1406071653904244
-0.8526020284397484
0.2596901632141996
0.3451630626226586
1.5404323365496124
-0.29399074691909366
-0.8278507551325662
-1.6770990685900444
0.11676079943246354
0.707372430589822
3.3404341467593626
0.20423125893297134
0.7633775092671848
-0.6034996168347688
0.23313933662486153
0.8809468112763742
2.811150051025259
2.088747166533646
1.2392292436342978
1.0790960377109877
1.7956037509040046
1.7404138764268886
1.5841759422868957
2.879301426366916
2.1498226044399846
2.1533568676719685
0.6025300170663783
2.314695748138372
2.041518487572275
3.4471779519205485
4.768043980990906
1.198832050967953
2.534645956550877
0.06725145410270272
0.636273218443784
1.2978017794336403
0.6777524940698001
1.7483491363349568
0.758326997608175
0.8309269587976733
3.2335851849149138
0.45327216714488106
1.2241379533943186
0.9493404871520102
1.0560910493548568
0.20412721410801604
0.5131824266995948
-0.30545655791069315
-0.2843124656987126
0.08533093952225868
0.5351367464272525
1.0086834801951157
2.1016956748715723
0.48049879452138555
-0.6123776269211967
0.9038624767568583
1.306624190794935
2.316505470137015
3.5989558528324723
9.399326791314362
3.2320343369186717
2.9627343295793875
0.7416449103340822
1.0774258478605858
-0.2572638697577212
0.9043741579077219
-1.3983189235949087
-0.20645277895051306
-0.06739071027734589
-0.6007542840837046
1.6269874297055655
5.004822870639362
1.7542464361450425
1.38955271004265
1.5824585109235145
-1.7889340051496938
0.15837271481107584
-0.1298553068756858
1.81599018613349
3.1737221297169245
1.9762692859634452
1.151409471888405
1.181989099164614
1.6530129954323844
-0.020117989798263736
1.8289424412757522
0.06684902256519565
1.6652396872103217
1.6543812414130252
-0.12787509708705258
0.988142411560514
-0.06821979712704818
0.8688148498546542
0.959025999855972
1.1052152113879703
-1.2268738252736426
-0.49040937580755517
-0.019542922946016006
1.169444636408
1.3218456283092754
1.1533618912514816
0.04188343769083103
-0.7534219342399868
0.4632340372894935
0.8644595797816013
-0.07039566238958206
1.2574759489948737
0.030546889255474663
-2.167886059001279
-0.640431796793332
0.0002636137066641675
-0.678935116342039
-1.16424231771135
-0.2983618618733117
0.526493993567829
-1.2455426960049012
-0.7525163974131648
-0.8315679222272963
-0.4031898247239243
-0.4827180138874232
0.2585092073802091
-0.18365066847754363
0.20861162338499595
-0.6009804574647268
0.8604650148159799
2.473260694982351
2.787097544735702
0.32860039318069645
2.5482193412338168
-0.3473616370768926
1.0246824921744773
0.08689392109372063
-1.884502323764007
0.17806472837305887
-1.3495980853192773
-0.2615941542895037
0.8539476490440554
0.21856899172821065
-0.04602327834840536
0.6320880891933505
3.1397238580651936
2.2223054156142936
0.9626681370474705
-0.738181049757012
-2.3083354269033345
-2.438499957999079
-1.0189730435783582
0.0028252212592125847
0.20530177975382857
0.04009448891786582
-0.48773528194979776
-1.2601344509802765
0.7250847898995176
