0.0004166067763623303
0.00021282687481844636
-0.00018196111378051644
0.0007865164752392626
0.000811873192485846
0.0014847675820199011
0.0012399125453222413
0.0014120757038954988
0.00218679558490265
0.0010019076485671837
0.001667084900159805
0.0012766206385533964
0.0007259319968312525
0.0018291922231427286
0.00201392095023246
0.0017626953188856695
0.0017172984122391301
0.0006837965933001933
4.7824435908485e-05
0.0005159615707348926
0.0006717851161171277
0.0006840438093475712
0.00048110154690730113
0.00031090583427832524
0.0007748170197961216
0.0007360830819925257
0.0012108784783801511
0.00018523289747822001
0.0009679611211752856
0.0010640924041986344
0.0002972899709737314
-2.3149271351034176e-05
0.0009239696639013953
0.0008420050276779227
0.0005814975132236934
0.00045289682275900345
0.00013450755349572383
-0.00019501649021357135
-7.431215001789913e-05
0.001100374546643136
0.00045331755808410124
0.00021014903689405007
-0.0005064695350841949
0.00011837690413865951
-0.0007134207244723465
-8.006014956246594e-05
-0.0007513769059389356
-0.0002157619036176195
-3.780563953233187e-06
6.038875672498154e-05
0.0001493839612367122
-0.00026075990815179373
0.0003931198721305445
-0.0006657758926537382
-0.0012243767246623255
-0.0009130411654032911
-0.00016152484632652288
2.4355515807305823e-05
0.00038274912026276003
0.0004656087375421957
0.0010016474695826228
0.00028566902428962403
0.00037658268869105794
9.639344461548284e-05
0.0001955462836691903
-0.0002863399754526097
-0.0002792810360559469
1.1834679745006006e-06
6.959873653484324e-05
0.0007320480579128437
-0.00015873930660443533
0.0005005624694881986
-0.0005997001818372929
-0.0007894513110868113
-0.0007112239300670381
-0.0010177666994311886
-0.0014707147291766732
-0.0011529636027401255
-3.735642553728083e-05
-0.0002694885292160509
-0.001321260151105161
-0.0015601034152160236
-0.0016194474463234385
-0.0008979738414365519
-0.0013792861498688252
-0.00014381136914394727
0.0003556656865320633
-0.0006933489057255248
-2.718471709936115e-05
0.00022482254931183474
-6.268541016111654e-05
0.00028820858307143714
0.0010053965556625795
0.00017901815901673934
0.00011178918920095286
-0.0004904028342413965
-0.0003457908407268296
-0.00028156302176621814
9.044046895720882e-05
0.0008542195802834243
0.0012994497444198698
0.00029475487917206657
0.0006981136487429449
0.0005512067544432419
-0.00015823571657187004
0.00020106605055260655
0.0005409598606285161
0.0009362545430566267
0.0004257391061972032
-0.00034752476211301353
0.00017197925809618364
0.0005306936280480033
0.0007510638722607723
0.0008601118418517788
0.0008075617513062951
0.00048567405471701197
-0.00031965501844433895
-0.00013864791877876497
0.0002457929721219106
0.00045118156482497205
0.0008263965434480993
0.0008016711002996643
0.0011014985323822427
0.0014678509902812738
0.0015123745858994942
0.0008473286193662169
0.0009692406727624617
0.0013571140202440959
0.0008289492428330224
0.000784856547432308
0.0009597735413095043
0.0015678496541490106
0.0014059894517829243
0.0008932372712380041
0.0010560454941936834
0.0007782297775691554
0.0005102666792164146
0.0006224088928101307
0.0006638243352211548
0.0014140068002210663
0.0017415621816350034
0.0013401767661171623
0.0016119142262552872
0.0012635902918522483
0.0015557541360467862
0.0015582960646668875
0.001161682295576711
0.0014507700249104295
0.0012974570000891961
0.0010158946870758925
0.001259154825565799
8.987873028425272e-05
-1.580694386209153e-05
0.0007672207164961638
0.0007557192580662627
0.0012467528606190392
0.0009182783134382717
0.0005647851334363717
0.0004482948361025038
0.0019098630814111813
0.002069961901753052
0.0006404235724196023
-0.0001885019125388501
-0.0006066222050805451
-0.00043220372114270125
-0.0005067324763442385
-0.0011690896621353235
-0.00043869121753634837
-0.001376253019192285
-0.0012523708278930489
-0.0009278344886980759
-0.0014098800031767356
-0.0015751803938543756
-0.00041614849055284214
-0.00043095617983791976
-0.00011914684597761466
-0.0010223776263845164
2.4274323597906627e-05
0.0005954250432831654
-4.847919150679581e-05
-0.0004077683672552963
-0.0009357373101399675
-0.0008536053426411791
-0.00034177018690789425
-0.00041847697548375745
-0.001250559901149547
-0.000664144084631202
-0.0004397267838817981
-0.0002743467585471372
0.0005637600238975816
0.00017027626365282884
7.580026837388366e-05
-0.0003678768009004442
-0.0013063978625922007
-0.0004041264668336236
-0.00048037129475621667
-0.0011916210478395343
3.308689924242858e-05
-0.0003759055113710285
-0.0001227175194268622
-0.0004236770507529456
0.00014254369418456603
0.001094064883418005
0.0004598513948122778
0.0005965333319568784
0.0013842622344005374
0.0003893727813763677
0.0015471428666905284
0.00026078843414440583
-0.00032774982752510607
-0.00015888495794705185
-0.00012107230518974919
-0.0004843789910868065
-0.00032807619858675415
0.0002792104311941934
-9.30061390215848e-05
-0.0007675174884227908
0.00016183008942919448
0.0003147035414356715
-3.3110295385194426e-05
0.000753864483646547
-0.0008635460201576286
-0.0016182004545807023
0.0005430872011599607
-6.23794068525872e-05
0.00015963141221653784
8.049844989119312e-05
7.5391319774116e-05
-0.00022463580448174407
7.337179868123619e-05
0.0006163685742900535
0.0004238643660940374
0.000528090061183796
0.0014584527337636304
0.0014978094522500119
0.0010246344843367534
0.001572415455688902
0.0016341285226304087
0.0006171309533354081
0.0015325671983357834
0.0011515937193181018
0.000127314068558694
0.0003062745905391871
8.470833110137295e-05
-0.0006859217644808653
-0.00022511418611221936
-0.0005158026116565038
-0.0006572276017006155
-9.713010068302698e-05
0.0002712545347655519
0.0009489540379800555
0.000670411139444415
0.0005494226478161636
-0.0001224532168549575
-0.0003098706662173804
6.204996195582988e-05
0.001022748782983624
0.0010692413068470285
1.2310781653922655e-05
0.0004891266489498603
0.00043763601329188347
0.0005619922190152317
0.000675669012626353
0.0007682109560762126
0.0010353249927151338
0.0007982366134229103
0.0009366258229694931
0.00018393345027548633
0.0003498231772039971
0.00024054314670765456
-0.00018839834622024837
0.0003083590616846578
-0.0002922920466551661
-0.0002337153198502742
-0.0010660375472141058
-0.0011567195587135846
-0.00018484639562378228
-0.0001371400758682718
-6.790762971174127e-05
6.777203293153116e-05
-0.00035492699423343276
-0.0006725775715720234
-0.0009622009070474824
-0.0008573821793819113
-0.000284103410622544
-0.0006044222948024053
-0.0006651648468655941
-0.0006130480174005848
-0.00072744271870444
-0.0018934576099913503
-0.00098605880129355
-0.0013626239644835593
-0.0016104289403486571
-0.0006220045092622796
-0.0012504746579716916
-0.0012771191256386164
-0.0008291931390917432
-7.35652536502913e-05
-0.00015502891297661248
0.0005169236479240255
0.00038611958598623716
4.853347329236506e-05
0.00033998755149963896
-0.0004782782829771887
0.00047243907480845897
-0.0006106747053462452
0.0003961296535271422
-0.0012736878250896575
-0.0005604683987851302
-0.0006434099187292357
-0.0014771062948067146
-0.0011466148424415712
-0.00012015655216909724
-0.00044720496092725615
-5.4201569377160334e-05
0.00042295590316610894
0.00021418229575434413
-7.038980724221244e-06
-0.0005896803001196977
0.0001595119387465604
0.0005947266227918434
0.00026687033813776117
-2.3766678016427334e-05
0.0002904471973461932
0.0006172442293989878
0.0006658361216975678
0.00020004851642928
-0.000900510769846018
0.00040415494091610425
0.0010313635913745372
0.0008910667758167399
0.00011574962802107126
0.0007492634393300177
0.0004889425687460856
0.0016907026831366402
0.0009511762237694255
0.00010031139979377389
-3.395379767166221e-05
-2.834163981173146e-05
0.00011213822966084429
-0.0009509262558895168
-0.0013993923294935637
-0.0012822411446380415
-0.001399468165472956
-0.0003412856191449007
-0.0005718921295488858
-0.0008037068741442337
0.0005251909378878059
-0.0005531390699886772
-0.0007528565257136232
7.078190539461319e-05
-0.00035965371921171485
-0.0004813451680841966
-0.0007560956517950719
-0.0002655408254918845
2.340363309629508e-05
0.00023238335801738206
-0.0003847415293282731
-0.0008871206765162004
-0.0011876375060043813
-0.0007546329486759369
-0.0004559914331357061
-0.00034414115300117045
-0.0004124352679469667
-0.00045623408232583205
0.0002500172690252671
0.0011111077232580095
0.0008376923067838938
0.0005228283572528067
-0.00010442055938404612
0.0003463608297934124
0.00016688333146570357
0.000920193420774576
-0.0007111651017832087
-0.000942976129699487
-9.698743551936432e-05
-0.00027815911118890405
-0.0010679414693100552
-0.0012556196628964583
-0.0016338112033661477
-0.0008878625748393521
-0.001110212832174224
-0.0011815053243163978
-0.0010454704493423127
-0.0004495079401547851
-0.00029656593481955606
-0.000826599782670113
-0.0005449145340854934
-0.0008832478805885234
0.0008308090555729454
0.0002883657069949071
0.0009642430276189675
0.0016010941917313551
0.0008576765028851192
-0.0006598623511665015
-7.676307082091427e-05
-0.00039783915405755706
-0.00067422265686049
-0.00027668778572569513
-0.0007683897815958874
0.0006487156154973246
-7.705555425974693e-05
-2.9088084046770415e-05
-3.942609671335565e-05
-0.0010146110725735812
-0.00029313906275952147
-7.175240041972891e-05
0.0008078690113530932
0.00026556024615148426
-0.0008420764389518804
-0.0005616652801515666
-0.001954407938330724
-0.0013181550630816477
-0.0018732587060944625
-0.0019074143391651435
-0.0004584291707116824
0.000605905010929546
0.0006411768452286772
-0.00038864425697998216
-0.0004928752784647272
-0.00013021175714913866
-0.0005249282842083366
-2.202232030974467e-05
0.00020270120912829675
0.0008646926661856575
0.0004692352832799791
0.0008943657414147363
0.001974976144653126
0.0010579377472396184
7.104532752841221e-05
0.0003595973528682394
0.00031741693609848074
0.00034233198879258527
0.0005366866489022975
0.0005943625566442203
2.7209416669238544e-06
0.0007601312702399659
0.0009645138994401692
0.0011375912033342282
9.077696435410638e-06
0.0004140063851191081
0.00018344904861514405
0.00024747127020460514
-0.00035831175384514716
0.00018825634198231972
3.70154519670565e-05
0.00032729670537318383
-0.0005800951096481422
0.00019320004370139947
0.0004350486625153543
0.0007454397722784636
0.0003057003970552613
-4.286599061498241e-05
-0.0005397470229297479
-0.0003130956063743199
0.0002036230734062209
-0.00018472803728859246
-0.00046614971217756184
0.0002833854703034471
-0.000579333764129078
3.6022208385231734e-05
2.1697787241076356e-05
-0.0005137617976348103
0.00036782128107162946
0.0011709979969052465
0.0009269711251656695
0.0012050022728765752
0.0010812156377198957
0.0006027601668093592
0.0008571565607369486
-2.8535603411429164e-05
9.493492735701211e-06
-0.0004538612367487101
-0.0006666537610249261
4.8788437128137094e-05
0.0008030751353003541
0.0005854184566645354
4.137762870326262e-05
0.0008437267777029968
0.0010141787347127435
0.00021795549709059325
0.0008046100447193121
0.0002872867527606369
0.0015450018292209684
0.0017296769912871067
0.0008645133866042523
0.0011386110132186713
0.0005801837579602347
-0.0002528172388444682
-0.0002626630162976906
0.00176712936299426
0.0015853639429792912
0.001099415749432456
0.0010049673343309347
0.0008601840960157686
0.0018725963552404066
0.0010976062466760538
0.0005456419743757705
0.0009216139606297166
0.00011802988431119726
-0.0005929434485470479
3.9087758045502604e-05
0.0006005731197549029
-3.6405910418619956e-05
0.0004946964716830282
0.0003041008943657906
-0.0002599167679193307
-0.0008208559354599893
5.3834419656622495e-05
0.0007136882010738437
0.0006983111504906329
0.0007793986524844491
0.00030432975695788737
0.001411244087669209
0.0019060772756867913
0.0008366165979174566
0.0014255642138568795
0.0015059294428650854
0.0016904306483178212
0.0002702801137675269
0.0004259614829612725
6.381964104148325e-05
-0.00036445704880959937
0.0004007659529125855
0.0006223953983813037
-0.00022038099865756783
-0.0006164667019294118
-0.00023614134241679667
-0.0009398594469830374
-0.00013254774070547753
0.0005817715209651237
0.0006397661686276098
0.0005727693616277973
0.000213066555761337
0.00020455272201821636
-0.00026027857689228835
-0.00018108740400217283
-0.0005869652491616241
0.00037066047782873007
0.0003494490698965918
0.0006028112319914362
0.0005488314656973027
0.0006609511794377068
0.0006051757242203406
0.00027954191818354863
0.0006316651379751031
0.000742504628755137
0.0002618449155009961
0.000983165839478587
0.000675836619015869
0.0005696932460779209
0.0007742846124768179
-0.00022694749334117886
0.0008797693703805247
0.0009156198448320266
0.0008814644400394354
0.0011603248243973532
0.0011415973162680233
0.0009148376367279522
-2.8054910374227296e-06
0.0009793875253459308
0.0019495107547035089
0.001713314966286061
0.001129232596175559
0.0014158178543622255
0.0014114311703242455
0.0013639803364272427
0.0015321526638761513
0.0011992839789176644
0.0005146645099154872
0.0017071244110154764
0.0017666071116379006
0.0011158299738386968
0.0006921080751624688
0.0013738307850884514
0.001917863917404694
0.0003518704965697761
0.0006041519009965047
0.0008361099504550784
0.000308975697458893
0.002018802685777822
0.0005857445678474885
0.00035383135814471796
0.00010187941061823823
0.0010092385889801086
0.000674525763609712
-9.729325003408201e-05
-0.0002870819293568071
-0.0005257033168293308
-0.0006183704393534961
-0.0008758036115625158
-0.0007164518540800926
-0.001731500893058826
-0.0009096295080833118
-0.00049122917513104
0.0001641217538999075
-0.0007391109469296974
-0.0011898329337119385
-0.0006552341490809229
-2.9498947557684316e-05
0.000867467216066142
0.00023747095766252446
0.0001133602375902763
0.0003755164275714495
0.0009838087806499935
-0.00020831144729281583
-0.00023947096296575698
0.0006475818824494934
0.0001682237082211748
0.0004876803049136167
0.00147311715444402
0.0012714275905773603
0.00015001615823971028
0.00022904514778795086
0.00032291738395470347
-0.00020809035254640436
-0.0002020176331639904
7.462629091471228e-05
-0.0008046359628119755
-0.0010436281901256173
0.0003649929227705209
0.0008591858177412619
0.0008714598604674054
0.00026377651133385434
0.0006985111041842638
0.00035284108598052105
0.0003855995753620173
0.0020379759040297474
0.0020564990035055355
0.001128614577131644
0.0005662452335363844
0.000546544756132385
0.00069122891097158
0.0005083327359554775
0.0007390007485065608
0.0010372554347176147
0.0014628289201028327
0.0012685611004523084
0.0010067226138198283
0.0007274350156659733
0.0006620686300476256
0.00050658643829361
0.0003032870521943509
7.369555543660467e-05
0.00039250707250395586
0.0014788399718989877
0.0020737880680312113
0.0014892796903415318
0.0011424363009382818
0.0017060426075060525
0.0016539350776686563
0.0009276856081197194
0.0018119247021222517
0.00209005733670906
0.0012069414186039558
-5.944274377666942e-05
-0.0006546966547352196
-0.0007849390556862327
9.867797026596038e-05
-2.8697873668084763e-05
0.00031172570164651357
0.00040622973479677565
0.0003208032420183594
0.00033692125809932144
0.0011052845978040324
0.00037211527752282987
0.000705139538818539
0.0014832279195917933
0.0009549500626852548
0.000876088443637067
0.0010074645230518978
0.0015059265167776921
0.0013754841351366134
0.0005004702783881231
0.00048618853557987974
0.0009364621220881781
0.0009087296174447362
0.0012546588868802835
0.0006965395880502974
0.001228524824390164
0.0016282093522049811
0.0010558213734596837
0.0010831846474598284
0.0007240131988492083
0.0016798904713700058
0.00130284433714425
0.001576532601201545
0.001632771783052341
0.001697664738831069
0.0006881916314025285
0.00029442628146172445
-0.000189618299715014
0.001023116253205539
0.0014418877520951429
6.36932979646964e-05
0.0011728433952664851
0.0012882066801566726
0.0015528002221566078
0.001414792774336154
0.0014760204760910734
0.0024430041285601984
0.0023265915285298026
0.0021049288596735397
0.0010627825991251449
0.0016571764791370896
0.0020150783516967117
0.0018013404341619978
0.002151570666495564
0.0012314244495544335
0.001293232589868031
0.0012474285831496025
0.001794429534457367
0.0014285278916935191
0.0022282253666091895
0.002610763197235764
0.0024724525566552974
0.0023583755403058476
0.001327991154722922
0.0009300741053208188
0.001100501980609869
0.0012986595579044641
0.00194538403763226
0.0022358754180191957
0.000983431888243676
0.0015035412125304478
0.0012145185759901572
0.0008771789769349597
0.001053048645517466
0.00015794204191056313
-5.781682119341397e-05
0.0005252697323473227
0.0011312440228070687
0.0016305758973466236
0.0013775983113478703
0.000852131869599434
0.0008972245683091461
0.0012085117710153932
0.0016286363528372478
0.0007349652183704369
0.0017468297728255463
0.0008070152849908566
0.0013305811538704168
0.00038398452447602736
0.0006477166998857782
0.000791942040493247
0.0010796992157431037
0.0011117496675610318
0.00014838679534822283
0.0011833172271532005
0.00011553178268363686
-0.0004680327523977786
-2.573632183647804e-05
0.0008969588699942585
0.0013005362195624979
0.00013743596308518803
0.0001969591217543385
0.0010285270222682049
1.3462139812469857e-05
0.00024020801913664163
-0.00016105694729635385
-0.000161388458082211
-0.0001967245257762818
0.0008213831418895439
0.00043968101966768136
0.0014022992248131005
0.0009211943092179856
0.0004012958657945248
0.000912065032666433
0.0016682652034543145
0.00102402457385327
0.001228839050450352
0.0010187763798546441
0.000707199752642436
0.001145946235302192
0.0017720270462133958
0.0011559189215200826
0.0016204832776095693
0.001345909223550798
0.0012092130311127831
0.0013406347333295994
0.0011221771935606116
0.00017378944875620536
0.00023028638630293713
0.000529335420888003
0.0010964208721721002
0.0022073192506531247
0.001574259960801517
0.0011541445636027816
0.0005014527773984287
0.0005380370300980731
0.002430219544338987
0.001703630429160624
0.0005293705081697662
0.0011124548432887048
0.0009151866502433887
0.0006885059433196516
0.0006802488185244497
0.0008498578999235877
0.0001550542042354023
0.00021774202131216974
0.0011007221432059035
0.0007758566236505776
0.0010541295428378099
0.0011477352666280514
0.0005662528709845811
0.0007252208230180456
0.0014566844229249804
0.0011449994163373355
0.0017536088008188494
0.0014515462807789324
0.0010370202354074859
0.0014069932412036261
0.002261877904678274
0.002903309199121606
0.0024573248323821956
0.0023682596122529933
0.0028406844902679903
0.0024588906464423077
0.0019361973077353337
0.0009467535727754805
0.00041321194371152654
4.3955453001462224e-05
-0.0008053706312255201
0.0002379662723867246
0.0008918795711830036
0.0008204063345335429
0.000455114479031117
0.0008729598977699289
0.001134757714039694
0.0008285625576857076
0.0026637230343560425
0.002394941792504462
0.0024776443273637704
0.002567907107458374
0.002581244065000109
0.0016618523973633155
0.0006196321249311812
0.0013728184681274607
0.0015491677569006782
0.0015740475076966558
0.0008304785220700943
0.00041334340442371353
0.0016594641765931555
0.0013825425597168563
0.0015248527439964646
0.00095057890438717
0.001979832683049583
0.0014445068295526012
0.00201787185107335
0.0014553946148548181
0.0003816203266502764
0.0005281546548138803
0.0005871648151458827
0.0005605119104389726
0.0006789048152400106
0.0003888136724693804
0.0007008005355504071
0.000578850988006329
0.0003735231315019321
8.263102403093463e-05
4.125665572970094e-05
0.00024984997861323083
0.00044199451358838213
0.00124885525606397
0.00043223389895436133
0.00036273940608286715
0.0011547504398682345
0.0006955201386649052
0.0011615643400545697
0.0017086027914265617
0.0019896778935901533
0.0018797884846635505
0.001993259112309781
0.0021219317731725447
0.0016784086703742127
0.0014989770979644363
0.0021503903114474276
0.0014976387847979184
0.001563579787567996
0.00225263621234299
0.0012634339637042596
0.001512991901059633
0.002564734088518182
0.0021639117260618666
0.0021733320809451404
0.0019947813538692383
0.0014897248814038449
0.0016007998999855826
0.0009320597007269517
0.0009872648162383359
0.0011284774587416457
0.0016675194326768953
0.001773838570038835
0.0005789650276862108
0.001885393995797395
0.0017272266600679479
0.0014276173022322856
0.002087733007727093
0.0012060416190629382
0.0020745152778339575
0.0016124997236455477
0.0014058224499002554
0.0014641700834134876
0.0009315519673257964
0.0010747631243845156
0.00033131772140075253
0.00034670141555287866
0.001128112160856363
0.0008585027292364161
0.00047221326811534804
0.00022130907133990633
0.0011265225503125885
0.0006663256084212651
0.0014504375819642053
0.000792871235137459
0.0005955099423648844
0.0013919680725282984
0.0011353479298535085
0.001764218528494849
0.0012318100514932076
0.000565376078892958
0.0008919122358162174
0.0013108805922448128
0.0019368808131883766
0.0015285319458891462
0.00045339663246523015
-7.060157169773602e-05
0.0008310305564868787
0.0013718793852003617
0.0007982153030656614
0.0013541248685741314
0.0015271415459751727
-8.291084961526516e-05
0.0006286780764465797
0.00025976273929573295
0.0014419828678862206
0.0016633584149565559
0.0019994758458157084
0.0022899502471244743
0.001823408609249413
0.0020881302102736675
0.002672971224580813
0.0032781554477779758
0.00296470684670272
0.0026970309848851756
0.0017661678384725877
0.0009412172609958815
0.0009702579747339041
0.0017801560276311172
0.0025052914848935287
0.0018788164145381204
0.0019980707633650728
0.0019414755106121264
0.002333395871866689
0.0009290226698371955
0.0011497835987335555
0.00048678400501823526
0.0010523076211360139
0.00013961736962329592
5.9527964230236916e-05
-1.0519580212073494e-05
9.141172233317051e-05
0.0001259891130791516
-0.00012942430872672458
-0.0003398916836619531
-0.0008420046961944658
0.000500022566194265
0.0012882508734838685
0.0007791160680014426
-0.00031124801138636426
4.2292489966799264e-06
-0.0003804859926267799
0.00024049462331355613
-0.00015329479032603763
0.00012653335652361116
-0.0014710077466294276
-0.0003530032989458414
0.00020138220072571275
0.00024862118719782997
0.001625245346470904
0.0006237474908904605
0.0002723061051244099
-0.00011166877598277748
-0.00012458734862115826
-0.0010152101075048354
-0.0003263469924918446
7.264230639496944e-05
-0.00016171820204652403
-7.307677925998699e-05
0.00037363021767517846
0.0007830487920050149
0.0006564374059142568
0.0006906902457544999
-0.000269677427520296
-0.0011565513363090666
-0.0011753411278391354
-8.133508990859726e-05
-9.686210453339741e-05
0.00026074903387860327
6.911222880961135e-05
-5.360216155958248e-07
0.0009723105879019667
-4.169553003206404e-05
0.0004933465609493113
-0.00033695225124241886
-0.00039769931255868504
-0.0003641440713188903
-2.5072119523667337e-05
7.244050387919271e-05
0.0004821321724772903
0.0009849502639489652
0.0006523171667949042
0.0007763559954285589
0.0013523274919428703
0.0011278953096891657
0.0009872106411267525
0.0002475699494094354
0.0016176906931743159
0.002540606800626952
0.002450861357453274
0.00157158523039717
0.0012192100712294738
0.0018895308678078776
0.0017925507464775082
0.0014312294329078858
0.0015612286386705418
0.0010027111511521788
0.0009297138671331296
0.0017953705168354342
0.0025194537900493827
0.0018943676462738247
0.0019482342601555784
0.0024312156775263116
0.0014700447123055138
0.0007034322034705875
0.0019215131352181686
0.0010763512461767304
0.0010065421767303327
0.0018621789561057886
0.001728267488022552
0.002559852678571152
0.0021935434475578914
0.002281581660548358
0.001691491123262189
0.001979313598318396
0.0018994314841931535
0.0016071515809372825
0.0014193115782720161
0.0020133919109136377
0.0015596971919184595
0.0021398655145233292
0.0023823290685091748
0.0009484577199848446
0.0008368015120172837
0.0005684866795098464
0.0010394558416605055
0.0011921439167220304
0.0016103725567188762
0.0012796367296000915
0.0003902449990583469
0.0017567272258068012
0.001332039199743803
0.0012607797285563486
0.0016634004225021992
0.0010620074094186292
0.0009215355931904991
0.0014778502517490398
0.0025597377932857707
0.0018312966710041063
0.0022145303854758966
0.0020222547471377894
0.0021006103209631173
0.002607454285864597
0.0026747318919016407
0.002929297133569493
0.0032273163873418045
0.0021180670585220804
0.0013640694441932539
0.0020567079668294148
0.002212772181476336
0.00261114870844341
0.002487137559642636
0.0024719858999121443
0.0015948385588710136
0.0017683267698884561
0.0015782599024456456
0.0018036131919353803
0.0018448295436052445
0.0017685459512904716
0.0016874086062159859
0.0026696757587681757
0.0022342029206734513
0.0032410877710377655
0.0021049781436003013
0.0026304402381004156
0.003970175491169117
0.002603366868306904
0.0018496497081683411
0.0026965378926483655
0.0020198195798505356
0.0018501328124818192
0.001800470560173199
0.0005249187181550219
0.0008753923706542619
0.0007333904545902682
0.002181506419429516
0.0009401170214328286
0.001206035896753286
0.0012021898295721037
0.00019565203614974947
0.00047655009273401747
0.0009337578043799494
0.0011212738340237584
0.0020111369647417008
0.0016984952252393178
0.0009743802953377755
0.0007304280744056205
0.0005895170738688838
0.0006645465442572044
0.0007639661896529371
0.00022874843973019472
0.002193654366491087
0.00120416782315586
0.001284633914212419
0.000808519517358879
0.0002739469284818649
-3.773241808667526e-05
0.00029921163152235705
0.000621621383701704
-0.0003751451786400532
0.0002145220224215417
-0.0007708894195705097
-0.00016093289937206296
0.00010830584409334508
-0.00046647180332706366
2.139210070094784e-05
-0.00011460050642397797
0.0001437946008502499
-0.0004115114529107941
-0.0002294507572890479
0.0002228342382585307
-0.00010995309710503252
-0.000894918030455656
-0.0006850123228086574
-0.0001622145678860795
6.074501400016503e-05
-0.0008309877510771875
-0.0006705119674162321
-0.0008928529806401842
-0.000460328474440759
-0.0008956963783814114
-0.0006020742306018781
0.0006852145104063326
0.000537577630589797
0.000218375138344531
-9.759854182910877e-05
-0.0005574052217329204
0.00022553277065160695
0.0005383286095658684
0.0007539689790768267
0.0007673721318145277
0.00038878834401669707
3.572089310280725e-05
0.0015979983331429885
0.0016535710107184153
0.00036822421401597476
0.0011802343159098723
-0.0003270341027174979
0.00026814859669875004
0.00010491472217686248
0.00030421484884647567
-0.0007793013031955141
-0.0010788265317946725
-0.00013036784468211884
0.00031802024165009893
-6.446927039684757e-05
0.00029138016220167
0.0001333453077307943
-0.0005186395718605367
0.0006475035024882718
0.000905516099576236
0.0010177002697187934
0.0009885623294025444
-0.0003204229636498716
0.00024281655338807286
0.00020833012425125268
0.0005077653657130311
0.0002453878432054732
-0.000653161468482763
0.0003400517996722666
0.0002179435665470386
0.00045324884297746865
-0.0002740385435653066
0.0007857630395482708
0.0006472968990120419
0.0007386559729215125
0.00046979392161277246
0.0013347573861975486
0.0019076822778022005
0.0007587569981246308
0.0009815659110831085
0.0010976102875103653
0.0008971101810758732
0.0009330541019963794
0.0008962391318282979
0.0008852490272687141
0.000245376307633915
0.0005424437423863894
0.0005513342903831621
0.0002800440205640935
0.0015388288550641344
0.001663177202513415
0.00016307805460103595
-0.0009115896069375267
-0.0005158258466388301
-0.0002021194220815339
0.000971770854799743
0.0010373988812281626
0.00023217026919304022
0.00025470878479305793
0.0008613227514071404
0.0010729571219787694
0.00036138636644322174
0.0006281672732911071
0.0013441864730388995
0.0014551326161659208
0.001964375050415893
0.0012026527918899124
-1.720150873948305e-05
0.0005364739962474202
0.0005406244660372808
0.0011608748968649396
0.0027063706164886076
0.0017363557836632575
0.0021930747842605616
0.0014174876706428872
0.0015198276919800545
0.002125997111195237
0.0018698563257511128
0.0004766233780535581
0.0010789446241751875
0.00175652722918085
0.0013224281658245954
0.0012296759771469575
-4.61036585190767e-05
0.0008073286509379634
0.0012697785737570877
0.00014748397382720357
0.0003641186125813946
0.0010431507091197417
0.0012202003813097607
0.001027301965964799
0.0005615172874852596
0.0008335763635615314
0.0005318046981242214
-0.0007908352593555198
-9.64203463800955e-05
-0.0003677804915081717
-0.0001947048860322881
0.0009031645702314663
0.000396635940602803
0.000556086403019496
0.0006151235828640106
0.0007480239516838095
0.0009146163717300999
0.000493608137214402
0.0004221560461196341
0.0012366336801608378
0.0004941465252236855
-0.0008086991661633074
-0.00038347105253259137
-0.0005997332384321363
-9.864552867638963e-05
-0.00024676213074194384
-0.0008640700069609327
-7.417620077638609e-05
-0.00012621007384998865
0.00010548086014542087
-1.4322108452825865e-05
-0.0006013143093989758
-0.0011864830193396912
-0.0006033566843027909
0.0003912692309088293
0.00020876882302781324
0.0002130830726634204
0.0005424630479140987
-0.000818857689525147
0.00045253700929001703
0.0009562399053830235
0.0007394129798539106
9.252990208834461e-05
0.00020704064968336383
0.000540601747845322
0.0005351717808252131
0.0007407909586034881
0.0016357752786744374
0.0008723221473553027
0.001151737173193997
0.0007653782385259463
0.001777011920283453
0.0012888148680595627
0.0013079794486420605
0.0016790831233649433
0.0016716877843491072
0.0003019928069855071
-0.00025718935703485915
0.001062899308713573
0.0007879278631531678
0.0007897950166749218
0.000498462273070012
0.000300473600964188
0.0006456554253058847
0.000867300591762959
0.0003343078474091249
-0.0004653420172070402
-0.00021021828778070424
-0.0004369011072451243
0.0007170074976347615
0.0011369186873448085
0.0015148508747922294
0.0008868262225231346
0.0014455647906886579
0.0013200339775852974
0.0011397331592970144
0.0006387150042841932
0.0007122174846878303
0.0014980474926196792
0.0010381481097880246
0.0005203262392184155
0.0009740492883526662
0.0018898382306717994
0.0014874843319281586
0.00033863210291822825
0.001216300739834559
0.0009936447010134325
0.0009187170833303512
0.0012010735036350507
0.0002855600366351144
0.0006742957576975962
0.0012004797975518813
0.0002977969771172544
0.0003499613573419036
-0.00016517568743756267
0.0011819859903882564
0.00047861219669490933
-0.0002936547175583833
0.000644642700436073
0.00037018611264282757
0.0004906223885401563
-0.0005895418794339606
0.00010262749993474702
0.00042882199309820645
4.573836937667348e-05
0.00013813842934431617
0.0013882389237587218
0.0009847019223839931
0.0002974501379874195
0.0009542011075300204
-0.00020055109249211318
-0.000533714388288504
0.000665832509198339
0.0002901698033504664
0.00090642162870995
0.00032055894108540056
-0.000262347760870149
0.0010809390447602753
-3.144976441164424e-05
0.0010058053853739942
0.00019895538862308804
-0.0007508119684822849
0.00016501831377649064
0.00021692089442699992
0.0006268234512500405
0.0004020825515901951
0.0017656822855433743
0.0020977976947114986
0.0014228890172960254
0.0010444525224445889
2.514150729000851e-05
0.0013641761075892682
0.0014176185380956326
0.0011508353911667073
0.001656606378999296
0.0012697178618562303
0.0007213603423523954
0.0016841626202457795
0.0009755255449227086
0.0003888989609681854
0.00026692456217928943
0.00021328805521100787
-0.0002880766900927955
-0.0004705392503737254
-0.0003324338964986357
-0.00033501008397086017
-0.00043949565016901946
-0.0009857585230215627
-0.000896777839515511
-7.650687088080763e-06
-7.722458320880086e-06
0.0005202826135558471
0.001721963558206697
0.0011906914205977118
0.0010006983670941072
0.0008485706388039214
0.0013915521292466773
0.0014070402905103287
0.00023920581057566197
-0.00012587015683295584
3.2864390213291545e-05
0.00048111168726693704
0.0012257692702172531
0.0012439333701098694
0.0024416009246288114
0.000955928516648188
0.0016437413669645067
0.0008959679699177217
0.002056736876224676
0.0013687760283248693
0.0008636865762607626
0.00072811018891118
0.001275474507328511
0.0006882241653031799
0.000663128584799981
-0.00020603156555056425
0.00017217024520385356
-0.0004076741282599666
0.0006645697019850501
1.819097696130305e-05
0.0003334731624779644
0.0007399094021271258
0.00017971487132488083
0.000524563880965017
0.001089998652846581
0.0010896228190866955
0.0018173069896448325
0.0004347364124962273
0.0011065007950963348
0.0008022472112683235
-0.00025306397465541615
0.00018773191564587407
0.0006048415986416628
0.0016012765017857531
0.0010105481028312782
0.0011830987605613145
0.0012266030224632376
0.0015493067514555185
-0.0002211785548208039
-0.0005656787908273039
0.00027951369600729315
0.0011235436922973757
-0.00020214828922726893
-0.00036985867084684783
-0.0002232948138614398
-0.0007818016426981932
-0.0004332044647881215
-3.2575749693329205e-05
-6.119359509916631e-05
-0.00012814135701518653
0.0008062271186508289
-2.305300093633834e-06
0.0003144457407683025
0.00041409576487087937
0.0007523163409045106
0.00015626318740089294
0.00039018645561487346
0.0002501387815533069
0.00019119191383337397
0.0003649786704962878
0.0009370271361541022
-0.0004199164413704106
-0.0005731018626085998
0.0011795050408608858
-0.0007700430356505097
-9.370514466260099e-05
0.0003985364069299031
0.0008020259108890143
0.00042808307827424256
0.00024694555800040867
0.00022832314806431114
0.0009804098819946082
0.0009156819244863321
0.00037193634075290756
0.0006797450027681179
0.0007360438873583726
0.0014426158369581098
0.0005489321544012889
0.0011323075196121206
0.0019651094015890407
0.000659590550607949
0.00047140949442980553
0.001019057856221048
0.0006341520873717768
0.00011563000887142695
-0.0007456842069940494
-0.0010563928928658552
-0.0002200549668570353
0.001044607863820773
0.0004201546210956134
0.0009280630180793269
0.00027062993580231085
2.3090442258000225e-05
0.0009264373621442637
0.0004444424561635393
0.0010168581950185235
0.0007725110844455029
0.0003313834319488987
-0.0009296116552405807
-0.0002845985092970124
-0.0005399932294783388
-0.00038430395637593863
-0.00042531387866050847
0.0009389545566979533
0.0008009712798323465
0.0006680676231397504
0.0009447505690423309
0.00027699451284027315
-0.0003064312800798199
0.0001957727230873607
-0.00014827482827163397
7.942937870872248e-05
0.0002588391732593774
8.981278947640307e-05
0.0012111883026092634
0.0008207291635543355
0.00021065664557868717
0.0009452636418456789
-0.00012560033172970262
-0.00019312128588741388
2.632897522181874e-05
0.0001005890612428618
-0.0006168106786893238
-0.0001419104150543728
7.699596150999892e-05
3.3597727713072185e-05
0.0008489320910381086
0.000382403624652993
0.0002624671323226395
-7.169914564064266e-05
0.0008596638047509787
0.0007722641107681498
-0.0003348603229061361
-0.0008709371342660456
-0.000998481103435921
-0.0015138553075510252
-0.001548432105608822
-0.0021745292270701094
-0.000865691477053689
-7.215361713021492e-06
-0.0003551528629996303
0.00037869137436733586
-0.000177086983519178
0.0006210720031476676
0.0005282455341331882
-0.0002854934623590247
-0.0004278602758619165
-0.00037033429783518083
-0.0007142106550759629
-0.0014356783808169445
-0.0006822883118020333
0.0006524641068581702
0.0006050222408133872
-0.00023889229537407875
-0.0015846041703360136
-0.002078668401446341
-0.0011829859241412597
-0.0021791913384226593
-0.001849438970193091
-0.0014893604815547096
-0.0011957349331225974
-0.0002452149324783283
-0.0011471444140568289
-0.0004018779940973264
-0.000249759428010578
-0.0007839657583611537
-0.0006428973683522373
-0.0014793621129679845
-0.0011573552494665658
0.0007954793574763053
0.00018251169224430146
-0.00012291796015458247
-0.0004246472129418603
0.00015375147067119585
-0.0005967862374728354
-0.0012097294374034397
-0.001475548776915774
-0.0004877508056804101
-0.0008276938435424269
-0.00039433112965147385
0.00046062745076068753
8.888505364159662e-05
-5.184013462393618e-06
0.00022346357585362566
0.00012343178875068344
-0.0008103396373900951
-0.0005719972003048746
-0.0010141220637426421
9.386450828592998e-06
-0.0005314041064678613
-0.0005517391006158318
-0.0010543556719346012
-0.0006886547355193416
0.000508601137908144
1.5163345148472849e-05
-0.0006521769097745419
-0.0012866360958345344
-6.488692018110972e-05
-0.0007780210066880274
-0.0015441316597729928
-0.0013332599209939541
-0.000372686486909792
-0.0014427538758665338
-0.0017520291176836432
-0.0013256622922613983
-0.0006966894885784289
-0.0006313910822372649
-0.0003376009233039044
-0.001002855994576747
-0.0015312403988683061
-0.0014782020043014195
-0.0006581459014253319
-0.0011403307401589506
-0.0009658550027121379
-0.0011631560630611356
-0.0006185053814748119
-0.0012126177185288278
-0.0004165917590582553
-0.0007707684718890181
-0.0011289139361752988
-0.0006159320881945085
-0.000623451852740215
-0.0006283698858815642
-2.855431685109736e-05
-7.100641429790309e-05
-0.00047623242935036997
-0.0002463771962663289
0.0005797732720421672
-0.0007287898391727317
5.592093973870449e-05
-0.0004448169361654258
1.899830318278649e-05
-0.0008221811109122872
-0.0002395102698465967
-0.0011576201901198162
-0.0011940831889308272
-0.0003933352610914831
-0.0003005550384763512
-0.0008874959424892434
2.4122899008723e-05
0.0007399757776228326
0.0004150930113042704
0.0006757347499075548
0.0001416905484231272
0.0007181480785163706
0.0005729562994501694
0.0007426453079645251
0.0006647024323345117
0.00148668126413343
0.0007746428411517629
0.00011590104482373099
0.0012749429892161815
0.0011672045726035278
0.0007845595789095001
0.001433560360794536
0.0011206313745476771
0.000568673244579304
0.0005046324610350076
0.0008904190614199071
0.0006182955255520689
0.0015583493474291587
0.0014577908766306186
-6.785660255723917e-05
0.00010365576007831303
0.0015259967662535926
0.0010609321070439023
0.00011380035875528096
-7.303434812887266e-05
0.00036152280407542514
0.0007177993587190415
0.0007463640664557142
0.0012347481410668682
0.00029592091100904107
-0.0007234140731436521
0.0004428727388193478
0.0010636549712379508
0.0004373983244201313
0.0007120286129734235
-0.0003701553277597515
0.0003856792525536128
4.424784846327465e-06
-0.0005707144124096862
-0.0002877747455948801
-0.0006194512226427775
-0.0008368001143556701
-0.0012145791737006592
-0.0007560368370994254
-0.0008107409064137635
0.0001070244794973935
-6.69679583605563e-06
-0.0003929906976799626
-0.0004423153176287411
-0.00035606175414156226
-0.0015495932263020788
0.0008308054581145502
-0.0005314931353600327
-3.62691278320117e-05
-0.00044708810054854854
-0.0002335031033762543
-5.9393634140245664e-05
0.0010238570410492061
0.00048515018204350934
0.0016603604278905993
0.0017623644774730257
0.0017703748819179253
0.0021000835037176383
0.0004162050616266929
0.0001624796888187068
0.0004074517652817332
0.000638846355054004
0.0006187259727816607
-0.0005126495541171237
0.00011079397020817246
0.0009076881552119709
0.002463507932114372
0.0015326638189150947
0.0007638499095018237
0.0004273746854207473
0.0005561507221680486
0.001076748723178266
0.0010381516529944547
0.0019632002329482536
0.0013618302220695555
0.0020169550701172262
0.0012344452813372235
0.0006945944274951594
0.0016973747877976118
0.0002617477270997053
0.0008607610004798779
0.0008819453521641952
0.000992545505509348
0.0011323458141253345
0.001376741901533684
0.0007030701756215228
0.00034132978472956006
0.0005287889872203203
0.0004610858568152777
0.0005581681316212718
0.00038045067767914496
0.0009001140705801134
1.4916695586853542e-06
0.0008095437745123251
4.5913722328256364e-05
0.00013519456304055276
0.001999882560693158
0.00178305994022494
0.001104939255622562
0.0008448820656194795
0.0012750579412333864
0.002074984280674876
0.0025124736047279416
0.0018527559978053416
0.00207218147674533
0.001694635247384225
0.0016154537373575168
0.0011600172641216553
0.00019173233367911902
0.0012337479699361506
0.0009063300201036387
0.0011531063985947723
0.0019706255670519446
0.0006691615889748692
0.0007070134468367246
0.0007696376103141172
0.0003211137369585514
0.0009918112790067509
0.00011953850213116226
-0.00016178190217280754
0.0003553557914942239
0.0006709705604278091
0.0004848310153793202
0.0004975926315330147
-0.00036830046997261796
2.221824811786074e-05
0.0009528356259784067
1.8707854164853996e-05
0.0006560646368569602
0.0006232993960138474
0.0003427266582895982
0.00011582226361207663
0.0007766848943939247
0.00041292318489386773
-2.369233299271843e-05
0.0005777040578477452
0.0007379347356655599
0.0006450217357125463
-0.0008400190569356304
0.00019591872615797848
-3.780080726725429e-05
-0.0003437165811291729
0.00043216639495022383
0.0005567258334886656
0.0013281970188273257
0.0016923163593954022
0.001662642206063221
0.0013609329549856294
0.0007072118817638902
0.0005904278504023997
6.769313534735514e-05
0.00010379375145725824
0.0003755299236631508
0.0001783836266924822
0.00015524294748889666
-0.00013772893346375247
0.00039155188326702703
0.0008692673431875795
0.0019661986548480366
0.0009699906622272068
0.0006998814643357124
-0.00043111764198074825
0.00011299373781278551
0.000495400275742111
0.0008181405946851284
0.0001315695601678418
0.00012556277455603537
0.00021952855106798029
0.0009198479449648573
0.0008372510578476771
0.000295378671824888
-0.0006967908715488082
0.0005114602934921961
-0.0004277276464545558
0.00017423629341653052
-7.230464666395972e-05
0.0008184369625914538
0.001218829071245695
0.0009678135409060722
-0.0002568451762199088
6.50150125182902e-05
0.00041322322265938095
0.0009267427393120055
0.0007791775511958561
0.0012704886048374477
0.002242915707284591
0.002652861961004787
0.002244809585335672
0.0016894599693194515
0.0024602386208303333
0.0015906569751755841
0.0006398466208129477
9.115373265774986e-05
0.0010095541101236651
0.00011283353866674093
-0.0001423590217036332
0.0003638490918034757
0.00023774672328728618
-0.00037895300636432336
0.00022981760279421786
-0.0005335018546473415
0.0004796508471738618
-0.0005538704571253684
0.0006272885265321609
0.0003205505079095812
6.183600945626054e-05
-0.00046895519174726017
-0.00038528667418585757
6.50862754089954e-05
-0.00029750516759386196
0.00021141676689768703
0.0001705577848431635
0.00012888499130578584
-0.00063451384320686
-0.00031946386276648925
-0.00013230725045790227
0.0002648058662331933
0.0007349020233169113
0.0008158917592345021
-0.0002607965901406065
4.4599425964726746e-05
0.00035797858054446033
-0.000796599503560452
-0.0008438990538263203
-0.0003282727945881631
6.964001018162767e-05
-0.00016883369969692818
-0.0003502329548877144
-0.00035624082944309094
-0.00023444438336087933
0.0005953255638658264
0.00011475344847753461
-0.0006649374983900986
-0.00025035450933487316
0.0004426864490805353
-0.000271828259818366
-0.0004883840532669073
0.00027150311178108746
-0.00034421573920734435
-0.0009471188465041604
-0.0005610182573000881
-0.0004400248320434142
-0.0015921561191617343
-0.0014510758330974816
-0.0012922217130927143
-0.0016356512185679703
-0.002377963223822938
-0.0009378152450523826
-0.0012864101649408073
-0.000699554074680451
-0.00045051902600751475
-0.001161556756870066
-0.0001216235288603745
-0.00023117549004468562
0.0001860680695210731
0.00022187937691103203
-0.00097374248931359
-0.0009952952857950404
0.00011018346802361934
-0.0006015158481189251
-0.001030135540227348
-0.0009243864637391386
-0.0011034742878950343
-0.0008137363708285509
-0.0006961208340562365
-2.0643274861209407e-05
-0.00014996441041650941
-0.0006823041582754684
-0.0005572649992520544
0.0005180225334578507
0.0002741998876294991
-0.001420081460310211
8.900601526673846e-05
-0.00024931478577720274
-0.0003937514394689608
-0.000367671343368248
0.0001527448909132304
0.00043575118320955246
8.163607686731417e-06
0.0003345289658012432
-0.00018028364308955898
-0.0002013744245642126
-0.0003107774335594599
-0.00023928577115661334
-0.00015714892841035691
0.00013542781777102438
-0.0005387355729943632
-0.00015646910116354218
0.0006051583366620855
0.0005481358050386178
0.0009991205686089666
0.001392861441054644
0.0006584443426302599
-0.00010903897527877841
-0.00014011725831803898
6.595244037616618e-05
0.0007980189783419064
0.0005612085039864292
0.000520706638381114
9.250184199730224e-05
9.965429828852953e-05
-0.0006719557155617868
-0.00019210297790515652
-0.0011589166960914706
-0.0008085546354975516
-0.0002394777852375855
-0.0004786145196668645
-0.001428360797568759
-0.0004438113704816777
-0.00036285755932377345
-0.00010564193527347186
-0.0009905654032930098
-0.00040500983718103615
-0.0006590523329525476
-0.000781304510819526
-0.0008137123548282245
-9.956735009489682e-05
-0.0008750859319269198
-0.0009361569306300701
-0.0008291944859801987
-0.00036694710547167833
-0.0002228425075895129
0.00010650009562160421
0.0004551755959963693
1.9969205875855316e-05
4.7962853161650565e-05
-0.0008334993968806897
-0.0011323018073790244
-0.0009376574267419395
-0.0007851944481501825
-0.0007897481204056188
-6.555658497639933e-05
0.00026924129786182356
0.0002443447633430259
0.0014970641870284103
0.001472056478123429
0.0004854301781587092
-4.059803167250314e-06
-0.00039062427676232297
-0.0011559891802114673
-0.0005140696926447069
-0.0003733036969627179
-0.00039572337872185206
-0.0006348067055708762
-0.00019110018294764394
0.00016317274849356634
0.0008592005348908892
-0.0005338463681537317
0.0009318120720188216
0.00045351941775339215
-0.000436858740550731
-0.0010147304777719252
-0.0002307799572808173
0.00010329378519972627
-9.46605794409977e-05
-0.0003550507518155158
-0.0007093708200456683
-0.0008651701953525921
-0.00044266063733757057
-0.000583953962447036
-0.0008466791290152495
-0.0005642645168363875
-0.0006100185726852378
-0.0006593233110704707
0.0004845186246465751
0.00010098944121600413
-0.0005434322793645291
-0.0002997841600493188
-0.0005885662353705826
-0.000994208056627363
-0.0013317522745581408
-0.0003881471152340763
-0.0007350485692857126
-0.0004163484742401545
3.43274735555277e-05
-0.0007571012079306545
-0.00022550120620473473
0.0002840810740178898
0.0005960536165035356
0.00044812297553229846
-0.0006738620582295821
-0.0006313806825078482
0.00013961016899621516
-0.0005008531587708966
-0.002291632430633816
-0.0016434626781487056
-0.001188059530311188
-0.0007637213199211375
-0.0014065231382661514
-0.001397230747488536
-0.0009330650536493376
-0.0014027925106465822
-0.0003947590673259286
0.0007640311504219022
-0.00013424814471880774
7.232191267881092e-05
-0.0007903019462430259
-0.0006470231949847268
-0.00043069189847706285
-0.0008346710628044465
3.284170749941282e-05
0.0005436594699391701
-0.0003248220541219205
-0.0005517390154480177
-0.00025683944630305807
0.00045401233467363966
-0.00047762201865552746
-0.0006528139062743905
-0.0009488570829924131
-0.00020511389048621812
4.814811388940293e-05
-4.998092869920812e-05
0.0008970861543792386
0.00012572664300511692
-0.0005467543470252024
0.00027792642035005246
0.0010159639297271147
0.0005698715897266181
0.0009764505504418228
0.0022685128409913246
0.002598073295732765
0.0017132482184072431
0.0017994600185438573
0.0022145481310936886
0.0007715832719138077
0.0010658727423495102
0.0013690430845028998
0.0022601781340809085
0.0009823597479791265
0.0007130127687901561
0.0010648276770143551
0.0012986771731328243
0.0008117185853605564
0.0008424533210135447
-6.661368012582288e-05
0.0006791952321823576
0.0011037567791502196
0.0006456908378831702
0.001319879765163394
7.542795595294602e-05
-1.4522215092844232e-05
0.00041388001251022353
0.0011566662148225575
-0.0006151390614625137
-0.0011307214929521204
-0.001732537163682663
-0.0011219084577498923
-0.000844925594598941
-0.0007668611246519426
-0.0012484325740448198
-0.0010490442850148505
-0.0008745237159132866
-0.0009849965718623384
-0.0016831584799580546
-0.0005828086701037991
0.00037129683326142787
0.00043234027155256914
-0.0009877036337417708
-0.0008634062933975478
-0.0008931129558566878
-0.0008489441693184795
-0.0015851219627331216
-0.0005918327017161685
-0.0009341844748606531
-0.0009938866309704417
-0.0017057713166514273
-0.0010784502538307734
-0.0011486799681350319
-0.0005685062502870326
0.00017302020946594965
5.96468890812198e-05
-0.0005579534391628805
-0.0013990331729757247
-0.0016047548527343587
-0.00036825110021645254
0.0005612721611155364
6.791962300002651e-05
0.0008282275079724567
-0.0004363885547161514
-0.0003469492276924828
-0.000799414733386616
-0.0009605757995213176
-0.00048084210914306117
-0.00022901566439246243
0.0003933928798434301
-0.00015626061231807087
-0.0010522593138136873
-0.0007202257381499241
-0.00027287115507793356
-0.00043306183531669504
-3.074893585055033e-05
-0.0009963118363707911
-0.0018087205088585805
-0.002106831941608139
-0.0018821425676483474
-0.0006837420072792245
-0.0015431165651486342
-0.0007927287558114531
-0.0018341488373132008
-0.002117816733519286
-0.0003510026881543728
0.0003478638405338192
-8.670429246483074e-05
-0.00029656825019135937
7.556406174568579e-05
0.00022457626349810803
0.0004187765332534745
0.0002578660026470645
-0.0001275318700860476
-0.0006340607818271531
-0.0011892141992111502
-0.00036880605915097297
-0.0005587623770770915
-0.000964446016975625
-0.0005411412256856154
0.0001421129715778
-0.0001970931896031423
-0.00022442599770569084
0.0004005709974187412
-0.0006037203300123
-0.0001606381352074499
-2.8980504210719845e-05
0.0001495123002439034
0.00021197708864908408
-0.00038879021111049895
-0.00037394315594124154
0.000943784814674143
-7.105937330717017e-05
-6.153892464247788e-05
0.00033719444262069105
-7.422782543276663e-05
-9.412034101942033e-05
-0.0008644307569382821
-0.0008131761387468008
-0.0002286159900072415
0.001371512359984116
0.0009071129189739627
0.0007277760108169905
0.0019072790743067751
0.0004817177746200107
-6.35322358151242e-06
0.0005181719503891645
0.00030090750042782645
0.001026144733110156
0.00021360499611138193
-0.000339142182990335
-0.00030279866083864494
-0.0006135206053493707
-0.0006958594434944097
-0.00011258535039205904
-0.0004588991862859257
-0.000806923189571258
-0.00037294732641738335
-0.0004455922642659719
-0.00039262903844659717
8.396820068421005e-05
-0.00013931046516026406
-0.0006464324264262966
-0.0014033755591210816
-0.0013453639236123021
-0.0016974001928269857
-0.000614792328794054
8.170700066834308e-05
-0.00042555595284555375
-0.0009495142757754595
-0.0015406114352253886
-0.0013799648085054276
-0.002167397796995622
-0.001851551188974575
-0.00156302033481189
-0.0024657964623575252
-0.0018710127190813216
-0.001322163480583677
-0.0014943720162551655
-0.001090538843150433
-0.0017445226370493112
-0.0022147112264882486
-0.0013396528873820292
-0.001748730871218312
-0.0022959779429179207
-0.0015420746281274232
-0.0008180400904052394
4.538131698436911e-05
-0.0002527879510773669
0.0002641944982733072
-0.00016931225130648086
-0.0005280891386296736
-0.0017660408377125248
-0.0012790811618061744
-0.00031990860140528293
-0.0003323787087605248
-0.0005055328696894868
0.0006467755069885584
0.0009210262285334157
-0.0004233586661927577
0.0003341812039467763
0.0005738297948716677
-0.0001348102447980569
-0.00011972526613240084
0.0006625087125411745
7.868488085651908e-05
-0.00020588081203621992
-0.0006390977466370424
-0.0007162303106104703
-0.0013493273578825766
-0.0006246322650664152
-0.0010837470723527977
-0.0013190930554370594
-0.0009527019310201065
-0.0015038510262995286
-0.0016945080853766306
-0.002158835472797561
-0.002073199498740799
-0.002175910676759996
-0.0015706537506226226
-0.0014402801265974892
-0.0018457295327598377
-0.0018446286417587252
-0.0013426570488586553
-0.0018645000231295621
-0.0017999716502853664
-0.0023776953075952526
-0.0011943696562403028
-0.0015983713380510484
-0.0016639824987649708
-0.0016635066136213173
-0.002190364137608579
-0.0020281134352601727
-0.002303397304451396
-0.0018261301573305234
-0.0013070197966015703
-0.0009843493707632255
-0.0015554641926558413
-0.0012520373499251027
-0.0010122882337729516
-0.0009691484679182238
-0.0006990208332252851
0.0007026095173390879
-0.0009864027456685642
-0.0011308433575835761
-0.0008403581324532305
-0.0009778416724039898
-0.0010043419227895435
-0.0021384104579406176
-0.0009839374955482832
-0.001006396293104095
-0.000680978367371222
-0.0012920356881743512
-0.0011457621741881243
-0.0008801304155156591
-0.0009681552576292191
-0.0007133371665697032
-0.0015386628507529465
-0.002135801823618047
-0.001535071444945679
-0.0011514597767479943
-0.0016622295362215727
-0.0008696488667366317
-0.0013932568386498545
-0.0009859795683136736
-0.0008057298140857114
-0.0002566153153428782
-0.000259999671166914
-0.001093648836558388
-0.0006781297070669011
-0.0010282135483840014
-0.0009108475450505395
-0.0005016737775510205
-0.00037823294068248524
-0.0007308021216822181
0.0003834391626231867
-0.0005675555145705866
-0.0013476448101477803
-0.0013785967481020262
-0.0010078094840689654
-0.0005577562236067561
6.93597679761215e-05
-0.0006719376060868228
-0.0007597432784748274
5.238010760645926e-05
0.0007072426908006041
0.00026484177845167165
0.0004820033317834312
0.0007489663393565846
0.0008384662233401117
0.000490853735981063
-0.0005278025357477956
-0.00045076706080653665
0.0010877685369980318
0.0009015126165987557
0.000774344397972029
0.0008031103509187597
0.0008178948068428361
0.0012900576727345994
0.0012537915073200742
0.0005258745966337441
0.00043457764693303797
0.001075881649505647
0.0012866999584200674
0.0006843274514362267
0.0006565327209590211
0.0008360481241053326
0.001211978920670598
0.0005525297845478762
0.0007775523953971878
0.0007673021943579436
0.00020127660993927648
0.0012986770919205537
0.0014247737473064913
0.001244042832302295
0.0008381831873290127
0.0007737848424115207
0.0005785327616657717
0.0011232856101766513
0.0008823232321872684
0.000908351748432051
0.0005911697765462377
0.0003497322843988718
0.00031280493031623753
0.00030450054310676743
0.0004973841065203267
0.0009360764589537461
0.0002634777660104981
0.0001458390975164051
0.0007579024816957076
0.0008387102703198701
0.0008108391654902268
0.0008890456142604897
0.0010856290183198726
0.0012453873366212638
0.0007373892483285583
0.0007596704726025356
9.865543589669174e-05
0.0011176694252517713
-8.444838797205074e-05
0.0006109961294420354
-1.6986553641142673e-05
0.00027790562405255394
-3.0922783933100305e-05
-0.00044692808105896214
0.0003774238622123104
0.0008132532913804907
0.000714718422408194
0.0003398473627153056
4.4975519517574544e-05
0.0013116788563166445
6.287066403095064e-05
-1.5232478906698104e-05
0.00022877488340472413
0.0005613464424043316
-9.082883201324546e-05
-2.225384163426561e-05
1.0076378870353198e-06
0.0011065722986538
0.00015033998695783017
0.0005856454845732681
8.53187787484754e-06
-0.00020689954755954163
9.798724400127265e-05
-0.0002858430806042407
0.00036333020341757205
0.00045238544759648784
0.0005730613773417032
0.0011102167088185822
0.0014049489274431132
0.0002015834370439901
0.0008036850484560743
0.0004558297145007845
4.7048842906563504e-05
0.0006721164780412951
5.706811690795138e-05
0.0010612123201195814
0.0010694892540292441
-0.00014199344510861385
-2.9996376770169875e-05
0.0009034899934129067
-0.0003296214719080212
-0.0009809220412370393
-0.0004592002205192079
-0.0007232694720801435
0.00027621795784096446
-0.0003045096448228218
-0.000528548650958675
-0.0006584730735143892
-0.001065559758112356
-0.002180993674606033
-0.0022753353643449616
-0.0002297674544459517
-0.0006760325108328122
0.00010959402627534385
0.0002514280880657434
0.000516037847567756
-0.0002157183574621169
0.00020516371439270606
-0.00018116834050256166
0.000286671127120774
0.0005034544828248907
0.0007701019816430152
0.0007063705495911764
7.721433699515296e-05
-0.0004968593023467089
-7.185352952899821e-05
0.0007875803663692627
0.0002818444515862476
0.00019725382670880904
0.0003537290824822439
-0.00016348643185293667
-0.000471703420948785
0.0001546219484211343
0.0011790221488105093
0.0012930365964340714
0.0008903187356050146
6.808193117434277e-05
5.0308730058892185e-05
0.0010732596534449026
-0.0002664177754530113
-0.0004260156382706726
0.00046296977812541434
-0.00030469092161107417
-0.0003638966168433111
-0.00019747188943759243
-0.0006893192643818103
-0.000657789728771074
-0.0005584197288408075
0.00028772799161244346
0.00010501118675444499
-0.0003283915444814664
-0.00030618581395552803
-0.0006134603614462387
-0.0007759831200806889
-0.00010707470979113437
-3.0943693163973314e-05
0.00014852600236092486
-0.00016979769053505922
5.665145922292066e-06
-9.589115877624963e-05
0.0005939281663588792
0.0005635282884065957
0.0008274697197536262
0.00012239176679181875
-0.00021424055684033115
-0.00040355441263546684
-0.0004516255014793113
-0.0005716918580076655
0.00038629603000937254
0.0011178661444016466
-7.062566132464734e-05
0.00045225593626704267
0.00111348568924105
0.0013999602116009848
0.0009054826685863128
0.0007261211657513206
0.0023869696139805652
0.0028653364616831574
0.0020143488515476193
0.0024741562936105048
0.0012854948719373852
0.0026187870088826026
0.002044625740572075
0.0013302724499052673
0.0011072851695171347
0.0007401951519057522
0.0008039935850929329
0.0007649227604361276
0.00047329108179982335
0.0008748292644729153
0.000574234699059052
0.001227625030613078
0.0013219628944453566
0.00154646531476723
0.0003415482857280752
0.00022093243191910028
0.0005023435631996713
0.0007458749830578941
0.0014473879429997276
0.0015221348664074947
0.0017480877357527933
0.001115984465433231
0.0011972757041201001
0.0013370599931465373
0.0009536228371624769
0.000950803223701458
0.0009312467292429594
0.0006064187744603921
0.0011407674740772393
0.0012669789411175626
0.000934599696640124
0.0009114398874444294
0.0011788772953151266
0.0011223800152997865
0.0015801164003179196
0.000934356326803927
9.160808350436696e-05
0.0013694642826004562
0.0009444273245192826
0.00019603477566609192
0.00034379639149335385
0.00014870441473134423
0.0006407262538491257
0.00037810789783549505
0.0007760851894458792
0.0002929151929469315
0.0004964642053983315
0.0003984730294516041
0.00027451645568800023
0.0004694462395588586
0.0006030329271718898
0.0009169792057634415
0.0012820220244368042
0.001478961776135054
0.001432863922777928
0.002189159871766453
0.0016138651203985485
0.0017642642640432744
0.0011038431341536979
0.0011750108188314339
0.0008554251003502589
0.0020342958160366703
0.0019054936782289017
0.0024756250561023627
0.0016452271729535378
0.002489724217883598
0.002016545637294391
0.0006251355704769613
0.0017323326955913918
0.0010804301466036505
0.00116934940340897
0.000939464174076336
0.0006009281200690156
0.0007928428969213276
0.0005684974463988463
0.000743893506956384
0.0003569190525912762
-8.972251418006309e-06
0.0005886526503643295
0.0004763251958153472
0.0005716158318678366
-0.0005882297182698625
7.591960821073625e-05
-0.0008364025664358985
-0.00019232328612226796
-6.911915736784833e-05
-0.0006983679659170162
0.0004932744174659243
0.0008062880714639535
0.0013117001016446962
0.0004441786685506682
0.000685276185243926
0.0013083422598336224
0.0015324790866101195
0.0016123812063539886
0.0020921404750009367
0.001211694591255281
0.0004782932393772569
0.0007966480056730068
0.0007624601455235607
0.0003905573579278977
0.001503902170827715
0.0010600632445666943
0.0004177368015980461
0.0004376883074740674
0.00030729323722390934
0.00011478857351772485
0.0006422517154972983
0.0005075853601052993
0.001502907292128729
0.0005164675375121192
0.0005338706727055871
0.0014967943827919206
0.000646482003501564
0.0011757390593360765
0.0009578569130793179
0.0004883837702556178
0.00018950242455474076
-0.00028904662051050636
-0.00026311399037376513
-0.001039026931449721
-0.00013860603417296935
0.0005422389845942111
0.0008471444356090651
0.0014445226610852752
-9.127974013383995e-06
-0.00021985493181501944
0.0006774372302744138
0.00023203518131827887
0.0011077668342736186
0.0009959248512723114
0.00014168914500094584
-0.0005286946081844684
-0.00012542142850398128
0.00021701640569185294
0.0018114496392860786
0.0014359057336039494
0.001770960884008399
0.0017629308559934448
0.0015569783491274527
0.0011696251394814469
0.0020769194128516383
0.0017534542601617819
0.0008011454094896298
0.0007223780363530277
0.000437885708025268
0.0007980851372275851
0.0009981594665133529
0.0014624291862293855
0.0015966949094868414
0.0010632024535222552
0.0015990140602868865
0.0005688202916381983
0.0005705003328701286
-3.159486862358346e-05
-3.585440780986648e-05
5.967997650372319e-05
-9.488310577743711e-05
0.0005086122989465763
-0.0004209888207820518
0.00033627165097351014
0.0004831630323646356
-0.00027637189997674203
0.00010555204354073219
0.00100195772325929
0.0005596543334992364
-0.0005269801281031282
0.000764220509494546
0.0005188709707862957
0.000491513445439899
3.240576180325496e-05
0.0004014316855051515
0.0008162500252355885
0.0005715791723987211
0.0010705757294174132
0.0011898767960204595
0.001425122747602516
-0.0002487602703758395
6.496957691389823e-05
0.0003285629797203513
0.0007030308747455838
-0.00011906917934977166
0.0005498638202217781
0.0008094431652313026
0.0007798875281282439
0.0011693208621260328
0.0010972377788311834
0.001322203568780325
0.0015968096397813332
0.0004477367464789021
0.0008306229351187305
0.001514224712164283
0.00046118321545166464
0.0004925465606100297
-7.222446720056325e-06
0.0001509690579238449
0.0006210741311227777
0.0005635965971403306
0.00012549889340895628
0.0006501824234785748
0.0007409323500175194
0.00018083821124635597
0.0008313987586570091
2.606339016184478e-06
-0.0004561287438771616
6.702703003221217e-05
-0.000269577551532085
4.9578776167911076e-05
0.0003372847124221509
0.0012015488132268819
0.0008488240917854943
0.000657176115290612
0.0002975860156657621
0.00020131269963774285
0.0006052267607376057
0.00023336813369611892
0.0002905543893957207
0.0006667916872596932
0.0010883103004965201
0.0012251101937874758
0.00047398439172833634
0.0007996134767706982
0.001090115512210988
0.0014178625619910446
0.0017435472818718022
0.001151730193663862
0.0009670173281291522
0.0011644744866254658
0.0009881789155547134
0.0010290658346572537
0.0013684193249266059
0.0005623791749428742
0.0014294908042120384
0.0010509295498361728
0.0008753385632494278
0.0009071164959704166
0.0007342900943147282
0.001270462491811732
0.0003463740251096935
0.000564544685830078
0.0008342765030160628
0.0005061480471401922
0.0012153207628173026
0.00015030822686120824
0.0003656421908123355
0.0004150779240328183
0.0011003559978147056
0.0010013757668704882
0.0005474665895516234
0.0010758965194864922
0.0018371721454455846
0.00196876112752623
0.0010195883985179327
0.002066443717004934
0.0009206812283987214
0.0007560222223302806
-0.00010079761766408943
0.0002735384014177629
0.0008378744454727956
0.0001001690269299832
0.0007293196728966147
-0.00024156566572576673
-0.0007749337556846642
-5.4152371767709356e-05
-0.0004469855688985177
-0.0010315690176688538
-0.00037757971912739805
-0.000745606303340227
-0.0007316217430410468
-0.00042420561095807947
-0.0005514209106498597
-0.0012750038943931067
-0.0007903128851892269
-0.0008856190237381176
-0.00030187568005231183
-9.955286217621501e-05
0.0008280952601497319
0.000948292432491999
0.00033938895240830883
-0.00010061875727280752
1.8582838487329434e-05
-0.0002538639403606255
0.00022789070423394564
0.0004100395217564481
0.0012065243251631916
0.0006111985395876027
0.0010949443160734674
0.0019180871907488323
0.0010574474573965941
0.00030901186790164084
0.000991411768998806
0.00032005270924759715
0.0003023667759177952
-0.0006364908479669974
-0.00028247125935586454
-0.00015289524459261152
0.0009028816081710959
-0.00022742474906797545
-0.0007039661955398479
8.769659912890443e-07
-1.0043092672223843e-05
-2.4580097618386856e-05
0.0018116203981837034
0.0007930709992900782
0.00029036313401555367
0.00018312995461510937
0.0005329685425834698
0.0003059048833777778
-0.0009333928817025128
-2.34172035830047e-05
-0.00028839776317854474
0.00010630224729399603
0.0002258793489583465
0.0005276424873594217
0.00024404084688278086
-0.00015471052507506347
-0.0010458168427089375
-0.00032646708089627795
-0.000736419708367451
0.000300079490196729
0.00042551426068189083
0.0002566153664279802
0.0005128096974198163
0.001006912048481372
0.0007769794033868226
0.0008460565550275583
0.0013835875078385752
0.000969130552820339
0.0013764403681679627
0.0010224894280190767
0.0018965566971213463
0.0014704986324481232
0.0006352271995819457
0.0003416486290369541
0.0013286633917878156
0.0017020359119549748
0.0013562904983764378
0.0008126296583613981
0.00021453835945073107
2.290211129252483e-05
0.0007344804506518392
0.001060359198042828
0.0003164273605402421
0.0009531763786182775
0.0010164249497780116
-0.00016240358280358066
-0.0008825544659121908
-0.0011819493918523588
-0.0014905486741564038
-0.00038040388482857084
0.00024076964349539168
3.480617004971597e-05
6.28082760875193e-06
-0.00028733072131067517
-0.00028176493258141866
-0.0004279175389762759
4.8277632502780944e-05
-2.9602220708522522e-05
0.0009614652026251887
-0.0003432182631933255
-0.0003142725479289768
-0.0003394454393031755
0.00026552632879958183
-0.0005163828842389947
-0.00025054335666376774
-0.00048641224116201584
5.153309085639021e-05
-0.0004432016726154199
-0.00011373691096720144
-0.0005711413501115503
-0.00025459223089589224
-0.0006465485307043733
-0.00044783375050525497
0.00071485078017234
0.00017593478226999174
0.00016369588498363889
-7.581358482001947e-05
0.0005862417284858051
-0.0002914984359367001
-0.00011396065545206331
-0.0004647605574168201
-0.0003349858070943797
-0.0006577871729167223
-0.00016924595724621334
0.0005959468238050155
-0.00012858679731860679
-0.0011803111841237413
-0.0001240227924192378
-0.0005513154564527531
0.0005102660163529808
-0.00020603935564354
-0.0006251027309508656
9.069029709414029e-05
-0.0004997421041751128
-0.00164902857264565
-0.0009498504762022181
-0.0005641058488110953
-0.0007532668023686232
-0.0008427121769519563
-0.0006280289564299098
-0.000369670698394152
0.0005485527134710624
0.0001198196514372292
0.0002792767775389534
6.503935062739027e-05
0.0005456212188103403
0.0002631163121152901
-0.0005966185475192968
-0.0007705191935010408
-0.0011822362591501167
-0.0018332605441374297
-0.0018724857030700541
-0.0009671036024531261
-0.0007940278758722985
-0.0003011144303637055
-0.0010500695945855603
-0.0017368981091733348
-0.0016302264507004264
-0.0006733906405932158
-0.0013341950997323654
-0.0014328000081410195
-0.0010901682081930464
-0.0019520538263404644
-0.0003846980304177867
1.3407518525152613e-06
-0.0008267514599977111
0.0006471365477560429
-0.00028042525719430936
-0.0006360095551763319
-0.0006802712436865014
-0.0011607574453067118
-0.0004215286938651473
-0.00013652719968591613
-0.0005408985816792095
-0.0011697287009567734
-0.0010518270032090291
-0.0014885833740591213
-0.0010820520259192563
-0.00079638597730488
0.0003557562722755151
0.00023887913416604554
-0.00046524435019564117
-0.000309097324986812
-0.0017162331962604304
-0.0005516365246655956
-0.0012601651308346983
0.0004950312565183601
-0.0005419752367443107
0.0007536257242033082
-0.0004829790974649208
-5.023735663542943e-05
-0.0006356024521936995
0.00022736694177756718
0.00039421762544937527
0.00031828786290774184
0.0007496620329127098
0.0003671947604626285
-0.0007633088094450357
0.00019812624417698144
5.897189474845339e-05
-0.0007115388947885493
-0.000566559325941987
-0.0004922538156190806
-0.0005061995642590774
-3.1734071325197055e-05
0.0006935097253118471
-0.0011136285689461942
-0.00023078368046382705
0.001014837925330376
-9.63226871678571e-05
0.0004885516091864077
0.0012403390971936548
6.995708967269174e-05
0.0003810012805770653
-0.0004321054085536923
0.0009380546697301671
0.0008038567249160517
0.0010502353475022428
-0.0006817221986123267
-0.000230094812574934
-3.612924941643665e-05
0.0007271634608088823
0.0011177606379952475
0.0007116828998286121
0.0007604351787701172
-0.0007082520237677744
4.005611379830033e-05
0.0007166361933118612
-0.0006653468928649764
-0.0009964780814061013
-0.0018107501678129132
-0.0007638723914431778
-0.0001504588556060656
0.0008756980080374638
-0.0007448122411562706
-0.0010041773318675614
0.0002092203060661288
0.0003869168013848343
-0.0005186970088485559
-0.0005538163798533512
-0.0013737944611524363
-0.0008302412078462765
-0.0006708525105830485
-0.0006790521607050426
-0.0008393048462840543
-0.0008682349144244812
-0.000271954607186856
-0.0013149426728629007
-1.453922598913728e-05
-4.0120376565427754e-07
-0.0005287871737301173
-0.0004836044133187127
-0.0007589134679786958
-0.0012905925125347674
-0.001766915739973675
-0.0015631926929329217
-0.0012922899041499626
-0.0010165491924510634
-9.930910546540953e-06
0.0002579231565796541
0.00033597625278382565
-0.0004250456474102298
0.0003599286456317033
0.0011675494333980684
0.0004623505519862668
0.0008489933722582808
0.0013163819006152368
0.0007311902659667131
0.00026285548718204285
0.00024603196363761606
-0.0002822569689166642
-0.0002881233986427255
2.4930132643002207e-05
0.00026539583389482426
-5.227922808458021e-05
8.127599973398323e-05
0.0003239967478910113
-0.0004522232725155153
-0.0002996672910242485
-0.0005218824510204417
-0.0010218515371444863
-0.0007291500434643044
-0.0018314069495007424
-0.001686492236233711
-0.0015073188688180762
-0.0011666785262704085
-0.0009557629742576462
-0.00029345136700856185
-0.0008883407075760811
-0.0002783464061441377
-0.0006065191783739988
-0.000886992737906675
-0.0017401149906873415
-0.00029226437672957926
-0.0002733334014782971
2.2652290573289997e-05
-0.00016172861858305086
-0.00031766916801263736
0.0002370462830231915
-0.0001305352746284145
-0.00011471782651973315
0.00011694796964001276
-0.0006436150605749717
-0.0003685063897306251
-0.0007862467775042405
-0.0006921055603616769
-0.0013681181792000606
-0.0011283317756261922
-0.001404451957283795
-0.0010885633055532857
-0.0006517291635346903
-0.00015551009124966145
-0.0016313245520327964
-0.0010925443884917943
-0.002360141967654781
-0.0010926931964326649
-0.0012376656374607764
-0.0010717767200194672
-0.0004770005358346055
-0.00028691120178944447
-0.0008623601669691428
-0.00018688754676885442
-5.814353663579589e-05
-4.325000160636705e-05
-0.0005025039681483855
-0.00015277496108828898
-0.0005775953357950383
0.00010107846180569687
0.0008888894109867269
0.00042480869186911825
-0.000543012303361083
-0.0013069982232081219
-0.0007677399137999354
0.00019691559847417038
-0.0009664298075486499
-0.000504908613046121
-0.0007298767700790887
-0.0013124235773408941
-0.001048079169081903
-0.001149077981299651
-0.0006820478089428075
-0.0017387231518191915
-0.0013799643251250124
-0.0014287411746995082
-0.0018414101469637117
-0.0014276033570888344
-0.0013563742904063477
-0.00044464452052345627
-0.0005420684234764125
-0.0005196504904560846
-0.0008055104848679418
0.0005791076895074855
-0.000488136978672304
-0.00017583845028361464
-6.67245361233445e-05
4.9877141723048916e-05
6.771893424089388e-05
-0.0009390630226229279
-0.0012661704640451058
-0.00028446066529526836
-0.00025104045700014325
-0.0011008233027923555
-5.67501356494403e-05
0.00013679816451152185
-0.0009417041107059741
-0.0003441547026206746
-0.0005140797698492412
-0.0013678628788262215
-0.0008347091206957822
0.0002981993874217317
0.00046186475697636677
0.00020759988124168004
-0.00042576034143646294
-0.0009277036391269623
-0.00023444820699959103
-2.5690452398852625e-05
-0.0003495970665683755
-0.0015485361083260485
-0.0007568392338238963
-0.00011333411708721474
-0.00021075869673786956
-0.00045798078072250897
-0.0012777657313009219
-0.0007898939025909654
0.000130166808269136
-0.0006924361905407116
-0.0003331031707047564
-0.00010368257753149942
-0.0009017985767890758
-0.001098878188015854
-0.00034954182492029557
0.00015825622577751692
-8.417519129091787e-05
-0.0005644643055709713
-0.0007441638810951291
-0.0011613474088638116
-0.0017288348420614445
-0.0014496355586092716
-0.0002763868565532764
-0.0018030062310761608
-0.0013592359934406187
-0.0007947671715063307
-0.001198544503758912
-0.0005953116929938014
0.0008772787431449746
-0.00014777030093012804
-0.001016163916973754
5.87036326744455e-06
0.0005275818284007816
0.0004380526929250116
0.00021519605954122744
-2.3874789544917668e-05
0.00022685628796766366
-0.0013608532625841007
-0.00021366551517260286
0.0008185100860148536
0.0002274472904972133
0.0001073048932847278
0.0003775045042733627
0.00021654908517604803
0.0010922345177262235
0.0015644131297172894
0.00011109580505365419
0.0011818741262382625
0.0008493395784520992
0.0008513543278813952
0.0010861504599382807
0.001604637482785191
0.0012076249063427908
0.0010932277360537774
0.0006366950265879326
0.00022189034902979083
0.0005961329610721922
0.0009494703438048374
0.0008672444084664596
0.0013170264303690288
0.0003897810168316907
-5.213365685433866e-05
-0.0007411543105121778
-0.0005403207973431643
-0.00011311854608336554
0.0001199294050360508
-0.0006411023843306064
0.0002947268099169857
0.0008991072097312616
0.0016229137572277186
0.0017309222695275001
0.001761899549091568
0.0006941226850674801
0.0006220949633226266
0.0003268815913698551
-1.7199722388771573e-05
0.0008913327232381338
0.00037745609667968235
0.0001632271266292475
0.00020711737409806228
0.00026119325561596286
-7.497878209065663e-05
0.00037707982773224115
9.592992692914926e-05
0.0005883346515509227
0.0007533583043158521
0.0004687200271718626
0.0010691659477807102
0.0003782569795363368
0.00023296368063983888
0.00070529810692934
0.0012537662852061633
0.0007729181275196674
0.0016057278597479284
0.001193343469604616
0.0018028453263889974
0.0023104009201501624
0.001568532004725739
0.0004251968503919657
0.00031777986994148465
0.0013791132400401635
0.0015018460507051198
0.0008663318813879639
0.0014386147975236263
0.002063911038559021
0.0009263586955581569
0.00032192999927251243
6.856297666465666e-05
0.000385351374451842
0.0007789561407499819
0.0010973466407440155
0.0006038020544730498
0.0005188808706931539
0.00021777440529246762
0.00021747703660315867
0.0011671121305141603
-0.00011325051135841835
-0.00020984216307656626
0.0006181969391141246
0.0010535844527487241
0.0013941072368891774
0.000663861808949761
0.0006702161847582863
0.0006646340747696596
-0.0001696003320440176
-0.00033486696016251554
0.00043124583201811957
0.0020256243522756372
0.0005872393915496208
0.0007016573162621566
0.0008643922579307144
0.0013422351143217645
0.0015466882476345444
0.0009409240119086359
0.0013482526246048716
0.0012944091559207698
0.0007814846658808264
5.157597566598842e-06
0.0001976013607155456
0.0006801038617784058
0.00030068158605135227
0.000787246621185077
0.001271635793119391
0.001237299029531617
0.0008141198948417724
0.0013485740341368775
0.0011210188626868632
0.0008171212838265708
0.0008489229681580962
-4.11259918229966e-05
0.001069909842258027
-9.897690512239698e-05
0.0003770419913145736
0.0006097465371000108
0.0005433880909443148
5.973651838657809e-05
-0.00017933172510716297
5.324006302811051e-05
0.001010946321898662
0.0009877057798107546
0.0016792355589660209
0.0005934497294582433
0.001306700055136114
0.001354307371971029
0.0011171364580087485
0.0002907159660392782
0.0006466994649093065
0.0014282779694211396
0.0027421227696798993
0.0013544385498019049
0.0007268541158468758
0.0014566040623708904
0.0006903684894989789
0.0010416112855888213
0.0010229938798343213
0.0010008345766175332
0.00013430459986848038
0.0004278667565318688
-0.0006927879633791328
0.0006726077714383335
0.00034659681749069993
0.0005555668286020611
0.0004822099839196091
0.0002457770211621618
0.0005419342529059893
0.0013790102945779774
0.0013691476834309132
-1.6768331097021314e-05
0.0003565047570018801
0.0007467317033736047
0.0005939112540738908
0.001102374312639125
0.0010460975129097487
0.00022360269442280514
-0.0005112587499840572
-0.0010909897969318893
-0.0009322727420216425
-0.0015127359983323127
-0.0019040849963342296
-0.0013546108432243046
-0.0016973079609653567
-0.0016233430556745047
-0.0012413673021653723
-0.00045729774608816657
0.0004510161132362015
-0.00011760245002006893
-0.0008998885246034967
-0.0008386970072745406
-0.000890707657314349
-0.0005576654557393208
-0.001091149750113735
-0.002194303091265959
-0.00012818946526773392
-0.000151657280842106
0.0001558473525297654
-4.97891758523954e-06
-0.0008052866767199507
2.3997656239762178e-05
-0.0004924995110719056
5.0620446724840306e-05
-0.0006104476835940266
-0.0007758978168272703
-0.0011892712546927044
-0.00039555522927631063
-0.000532498415244904
-0.000560900843806737
-0.000581645743326739
-0.00014766110141104232
1.0167105045461044e-05
0.000520659107797234
-0.0002852800949131807
-0.0007974635143543453
-0.0003019438997407081
-0.00040001747308519874
-0.0006431849052032451
0.0002837466914250788
-0.0006934337780846231
-0.0001408840518153809
0.00010475755752020408
-0.0004169852251495221
-0.0008905844901414038
-0.0003012703776339374
0.00012656313141235027
0.00025258306555747136
-0.000340409632094282
-0.0002850416224144607
-0.000985490928347083
-0.0005051334068365782
-0.0008355664023534992
-1.6011862136872817e-05
-0.0010981708969122232
-0.000513773621644087
-0.0005567976230374149
-0.0016963592033627855
-0.00035210747735120755
-0.0002891195133248719
0.00016355085651813126
-0.0007289828509034103
-0.00031613306699816013
-0.0003107862976527273
-0.0005237606129096805
0.0004934879714887322
0.0009859830267897182
0.00045974777963074336
-0.0010736980056389347
-0.0009321810885012573
-0.0011738055308700486
-0.0006173359092829163
-0.0014982668802821244
-0.0017040794505240853
-0.0013275724571294575
-0.0016378808901175857
-0.0006065693499287907
-0.00037596612908705917
-0.0005935334251105668
0.00013553443464304495
-6.279419934318922e-05
-5.040014471290586e-06
-0.001325340241072624
-0.0005844374006825108
-0.00045835991558319995
-0.0015500143623447412
-0.001736836173520398
-0.0010215520501645552
-0.00122717294410151
-0.0007211340050804013
-0.0008786254558848681
-0.0015536305737349112
-0.00149086313928661
-0.0001524811206695896
-0.0005053189382744903
-0.0006010148667101209
1.1891497516603692e-05
-0.00022223297210039144
-0.0013342455001662144
-0.0002708442578146727
-0.0009569214319600644
-0.0014361456412385098
3.6113312217635654e-05
-0.0012343598381278193
0.00014001760252448266
-0.0006132292640065461
-0.0008636535439129207
-0.0009547678124779973
-0.0010629665596452534
-0.001835841734637457
-0.0009074311369417788
-0.0010519781630028925
-0.0016067635942120344
-0.0012045346747174327
-0.0015478190390300235
-0.001792184885497353
-0.0009866988562559215
-0.001372988157985982
-0.0003542548210493532
-0.0006869615747371298
-0.0009470591039110395
-0.0007438305275922247
-0.0017413317360539771
-0.0012904700945272176
-0.001754673531763103
-0.000680415220390555
-0.0004088890328870264
0.00036424134757279385
0.00025412812631813586
5.6096202746434224e-05
-0.0002452923439015028
-0.0005648213174568929
-0.0005957844960231728
-0.0008235343515997167
-0.0016504421753671772
-0.0005307769304078849
-0.00021868249977282652
-0.0007065830127896836
0.0002447268710574004
0.000539232121470564
-0.0005031289687374709
-0.0005291668300818284
-0.001274458809282588
-0.0007058053745215126
0.00046357663897822016
0.000936701177461728
0.0011928194030487163
0.00042871436094973393
0.0015703023955037703
0.00013458618283484092
-0.0005991537091356903
-0.0005194087168651295
-0.0008181893247626705
-0.0013316235876564468
-0.0006615201953688687
0.0005711357727835128
-0.0005599910054336322
-0.0007248785219515384
-3.994284606458054e-05
0.0001826416680795771
-0.0003734652929838847
-0.00044843743848902557
0.0007683589268347423
0.0012356960471965172
0.0001869747048054532
-0.0004858313827727019
-0.0004901481729625947
0.00022548150510904495
0.0005858673467759489
-0.00031568546916922605
0.00011435835955901085
-0.001223587205343857
-0.00017501929795836534
-0.0007219310036903037
-8.466403378792713e-05
0.0004556393366582142
-0.00027169395011622115
-0.00047952571332481123
-0.00027846112016506
-0.0006556529944119575
-0.0014735021532195562
-0.0004908265171605162
-0.00026782550568222544
0.00013852342289199024
-0.00013001821401935104
-0.000826036629674851
-0.0005395321648967716
-0.0003754241783958526
-0.00012969527104351032
1.0623091364281344e-05
-0.00025886124912073423
-0.00032979349758346206
0.0011978213980647736
0.0009510754235616951
0.0004984165369525973
0.0001505655833507459
-0.00039287602090054704
0.0004818938101402519
2.5486352988666962e-05
-0.0005100662042273324
4.958409617137314e-05
-9.597871919261029e-05
0.0006577003731942786
-5.6467936709824954e-05
-6.776780040586697e-05
6.565015126677872e-05
1.843312575275545e-05
-0.0009527460878856651
-0.0005326462824754091
-0.0010518305584926416
1.3063078120537281e-05
-0.0004985777953898523
-0.000635912747142197
-0.0003324530332657848
-0.0006383806213635898
-0.001208574601990762
-0.00031756178738061454
0.00013898013235141116
0.00016300846629562567
0.000490516576279238
0.0003637149459230117
0.00018987263237502442
-4.888122847122327e-05
-0.0008315789265298709
-0.0005139591864823355
-0.0007214839936213585
-0.00047501238083483743
0.000520596254934752
-4.4474583418315416e-05
-0.0005855101050920686
-0.0005335018743052971
-0.0008275721403703496
0.00018164273321142789
0.0005446263512892077
0.0005002280211437786
0.0006543105219153248
3.642365317367616e-05
0.0004512122001739448
-0.0006288476546001708
-0.000581590373345862
-0.00032351982554025836
-0.0011708610125771937
-0.0005239914913359948
-4.668512197183853e-05
0.00033553590419667194
0.0005408908499635761
4.037295595557869e-05
0.0004930990564421556
0.0007010481724910436
0.0007205336353648649
0.0010310253726375225
0.0008438611726002365
0.0013181009497269438
0.00011370777438781939
0.0008480795541318374
0.00044149066729929005
1.688949204872389e-05
0.00027004853269536487
0.0009880190743352811
0.00030615635362589357
0.0005128382861910163
-0.00034399070004913836
-0.0013177960243001062
-0.0005717342353748955
-0.0010949123734121436
-1.7588027183117487e-05
-0.00018611178931558884
-0.0006998456616206437
-0.0008740747514172384
-0.000387761426188205
-0.0005849898084456556
-0.0005703609205816147
-0.001405287616799724
-0.00034843302379253195
3.366540630231048e-05
-0.0004000678405213909
-0.0001622107511955033
0.0005412347803430544
-8.088786686774591e-05
-0.0009008701929490993
-0.00047669263083229143
0.00014285221628749
0.0008670450093961863
-0.0006799319114402522
-0.0003914831178379727
3.23734347983728e-05
-0.00046824167318912916
-0.0001306786202283369
-0.0008164893773000946
1.1569161234915729e-05
0.000534580387543218
0.00044775732849753887
-1.720323834277014e-05
4.2243054567927076e-05
-0.0006611671447853766
-7.042478345229168e-05
0.0008347940630317929
0.001108974569793703
0.0007109770384184656
0.0005231912152099511
1.0949495749521085e-05
-0.000224701769287163
0.0007421112383888676
-0.0005429376884570573
-0.0006962710878029372
0.000119591337535328
-0.0002032889406686862
-0.001634528387486467
-0.0015999666942146363
-0.0014725871015680368
-0.0011423658472670224
-0.00035045599479944416
-0.0005498291330797667
-0.0014782767276848505
-0.0013873530643317413
-0.0015031423744388318
-0.001670320457501112
-0.000988206946688209
8.296288687882814e-05
2.8251499866210786e-05
-0.0005697513348903874
-0.0013111052177615119
-0.0007694575308143641
-0.0008733719359795482
-0.0008275176812169675
-0.0008252795820384048
-0.00043029760954837597
0.0004175671570737688
-0.0010880362076434644
-0.0005623220492104333
0.001033069875142607
-7.475774605621187e-05
0.0003034868920143839
0.00013830419176651717
-0.000515045015409275
0.0002583509326998557
0.0008705348172542763
0.0006077828424864807
0.0005280882306475296
-0.0003687585069868268
-0.0006644527189381223
0.00037283832473489605
-0.0004697646763243015
-0.0008848474389163707
-0.0008068056719954042
-3.105735075766487e-05
-0.0003828855968595287
0.000627794536504768
0.0008715220214727237
0.0009664006069869483
0.0005078275794401497
0.0004218679138141135
0.0008397179234455694
-9.275411525288532e-05
-0.00020044977281221863
-0.00020417983590873207
0.000551879734501516
0.00020355513928539806
0.0007859162561381745
0.001064887609944675
0.0006085120339917715
0.0003623750834165964
-0.0008904999325186347
0.00041722220677888
-0.0011199974308442298
-0.0008198257902051302
-2.580416825019474e-05
0.0006960206264422927
0.0004489539054568514
0.001119454642068919
0.0007977320619339778
0.0008765757265227262
0.0007431686283449707
0.0015906940352406506
0.0012441112237822753
0.0016744447057063447
0.0010804006828380964
0.0008853630913592086
0.0009144499800677482
0.0008888530524951501
0.0007323430517028251
0.0011067410942310284
0.0012486996489453773
0.0007203086921683602
0.001023371130402092
0.00036289604935628054
0.0011045980855988718
0.0011679005875716959
0.0012952247771607474
0.0015478563554648219
0.000791899394662492
0.0014515356121872379
0.0005484414269194525
0.00011852545270463335
0.0005763292044274785
0.0008094081020645213
0.00015750206104507672
0.0002553335249937714
0.000925943408175767
0.0025458844668769624
0.002272560335212575
0.002358344369284259
0.0019503260903406842
0.0015361447149284187
0.0006464508434500286
0.0002072187156371176
0.000734285072393246
0.0005533975462896205
0.0008171760261330148
0.000864268580073697
0.001576787409678676
0.0008540795241831331
0.001956892338803943
0.001802259143848818
0.001455152913991019
0.0009485885397951613
0.0013596180242963427
0.001404449682318437
0.0012486817823809497
0.001537846042276231
0.0019476175929116753
0.0018570465406718118
0.0025544705249866306
0.002366801569694997
0.0028276132337471706
0.0023491181950383317
0.002276682169942784
0.0021292474701220658
0.0009236130106150475
0.0004664646697621848
8.273285880239126e-05
-0.0003256564319207154
0.00019498648958785568
0.00022603002064338295
-4.655565352412435e-05
0.0003684817874669093
0.000613286536883231
0.0017981778134482775
0.0016634265660215768
0.001470901730561963
0.0009009773490450621
0.00028638097489712064
0.0008063476262168325
0.0013642509335628288
0.0017848797617123684
0.0018281979634306121
0.0019146882110120797
0.0011876923115612824
0.0009155280249994604
0.00018072863893603126
0.0007443981086514732
0.0010778882046850683
0.00014227532992635585
0.0012115436343595246
0.0014899892491763832
0.0014736658788399315
0.0015012885330799924
0.0010307726705583325
0.0012042042747130157
0.0016748933221621058
0.0008266650677200291
0.0009170458088740713
-0.0006463716879050137
0.0002847224966393124
-0.0005114856800878518
-0.00035078423085459904
-0.000646315792485573
-0.0002025492426165088
0.0002145020902703313
0.00010405104133161464
0.0004443851832806816
-0.0001124445750263898
0.0002521363554653205
0.0004206741454034293
0.00034275658871787897
0.00045958702706255
0.0007873700671546637
0.0009682940597846589
-0.00010620512301776723
6.552614419619399e-05
0.0009201475058975143
0.0007353487401620914
-6.565050618278888e-05
-4.687624448824199e-05
0.00040930736564180793
0.00024754291991042204
3.485196108907025e-05
0.0011225080515472501
0.0011657840694593341
0.0017865994652977158
0.0018712676230534856
0.001627522678691185
0.0021390536922977327
0.003120486022428125
0.00187454680480887
0.0010953794967857992
0.00037419265039907983
0.0007685134876569031
0.000845737987600452
0.0006530930993217752
0.0009119079114750379
0.0011949014450753207
0.001051182884891953
-0.00015251553817456707
0.00032065204565253074
9.259044551643823e-05
0.0011032624146382255
0.0003929183481150883
0.0008820619796301458
0.0004992564076276918
-0.00048535925252236997
-0.00012289872025742632
0.0009734779194860556
0.001340901651198058
0.00024643095185750326
0.0003664748117954812
0.0012589208523714121
0.0009923286616684772
0.0007998573945660233
0.00105481058979619
0.0007881221334700933
0.0003382754092400295
-0.00019242729161893636
-0.0002754644876415576
-0.000997289891537632
0.0001079478866243468
-0.0003001979909854532
-0.000932836465544294
-7.400677091480047e-05
-0.0005463956403798648
-0.001002031985896652
-0.0005442819035678364
-0.0007643775940055131
-0.0001570247054957801
-5.2126457125008306e-05
-0.0008738231323229291
-0.00018399588667696672
-0.00012822913358996417
-0.0007807292885473766
-0.000992307376828109
-0.002120183841374697
-0.0012174811313603398
-0.0014646435261347866
-0.0012149270033691444
-0.0009094650895510601
-0.0008470287899792624
-0.0010050259953058628
-0.0008014223961244897
-0.00033790337387394983
-0.00048799534380705213
2.0179669653854284e-05
0.0007472896431916635
0.00017836344038587188
-0.0009770653365429782
0.00025711372083790456
-0.0012342114570601758
-0.0016339552936261903
-0.0011940681435674795
-0.000932437311135092
-0.000459960883948756
-0.001013891992674835
-0.0007641679424382052
-0.001511996794515622
-0.0011630396172970779
-0.0010348134606773638
-0.0012093978181894722
-0.0008127153308140112
-0.00019521110980580912
-0.0007979911731197564
-0.0004747084958913525
-0.0005029731358713394
4.744732495949426e-05
0.0005963324593210044
-0.0001299588814734795
0.0005059240463793557
0.0006013975114144041
0.0006207997092629668
0.001109050559923256
0.00020655711339708866
-0.0005629181088481396
-0.00012424745125179344
7.748782909041974e-05
8.783745296450857e-06
-0.0001966201438829419
0.001208003125835887
0.0007220592319277317
-0.00045586314921874563
-0.0002646936642214642
-0.001018086457236517
-0.0002977105926301063
-0.0010608844926657357
-0.0001009321238969337
-0.0003051286995077509
0.00020930769390206267
6.476045528348135e-05
0.000802219586729134
0.0008034174376451528
0.0005648305029217449
0.00021509690744391397
0.0002628071303411528
0.0006389866861194386
-0.0001441919162301728
-0.0003558263011634998
-0.0007805646875607229
0.0003081264277465923
-0.0006440624076220412
0.0004336333672715179
-0.00030644080027053446
0.00041661276122812233
0.0012715573114831667
0.0004663437791345144
-0.00017162803075718549
0.00032214571032140936
0.0008882330788604645
0.0010691570887848543
0.0012833961996264365
0.0017977938084674976
0.0007202439081857436
0.0008885778096460841
-0.0005025561591516358
-0.0001955427734053639
8.320707450390616e-05
0.0007012329104685872
9.274024131814853e-05
-0.000168217465250022
-9.668260442799795e-05
0.00021584084838174823
-0.0001230827046497327
0.0005907221022354227
0.00032188474381089345
-0.0006118042853800311
-0.0002027336873741611
3.5639681465712164e-05
-0.0003180208176957129
0.0008200202008654817
-0.00010875273407339261
0.0005562424410467086
0.000504950137570891
0.0004593324118504073
-0.0004574536315056867
-5.379188798115603e-05
-3.8043831590544555e-05
0.0006065217773952764
0.00030898436866847324
-3.427582506332501e-05
-0.0002401205592044985
-0.0006771885132562151
-0.001055577498927204
-0.00036827308907052674
-0.000681444211541208
0.00039684418454400284
0.00036188817311482845
-6.539178909235226e-05
-0.0003971029641517103
-0.0008246000704023097
-0.0007372259971951411
-0.0010048897319191528
-0.0006578509479621669
-0.0003906534274564533
0.000356938755664838
-0.0002822612661978951
8.34829945708969e-05
-0.0005054744235163233
-0.0011140384623688556
-0.0005805633821732078
-0.0010562043544130174
-0.00038984890419892877
-0.0004177589312610619
-0.0004661678483281564
-0.000847093852409037
-0.0007174954953579657
0.0006467476676942994
0.0004105496690776534
-0.0004110574620167475
-0.001343584929683624
-0.0011537026028543348
-0.00013718551615899018
-0.0006982547541254313
-0.0008430237884906879
-0.0005464110597914525
-0.0006485728636598522
-0.00010664092004649458
0.0003015600897193016
-0.00023096834918762642
-0.0005501697968080875
-0.0007876341494353488
0.00026691447087283577
0.0006397977868385695
0.00029911329558381816
-0.0003129188097959221
-0.00016363880241625545
-2.5515401149885962e-05
0.0005244581421762057
0.001188809090406116
0.0007366465795261149
0.0007000825750112209
0.0011728453303215508
0.0007400864452869448
-0.0003584668039725512
0.0004276636528921186
0.0006032631299588945
-0.0003772921463809274
0.0010437995485125871
-0.00011394098008881055
-0.00014906312428010097
-0.00020694353248322176
-0.0002591564177105144
-0.00029150352576916207
-0.0011053564844615822
0.0010364883908218574
0.0013196269426981064
0.0009460959090472698
0.0014418871384276244
0.0005199738273790845
0.001304437212584689
0.00048614528530998424
0.00019523962776766028
0.001419196165379196
0.00038539481047156703
0.0006916961993310641
-0.00032366091176065333
0.0004687999104607237
-0.0001264249916429227
0.00029667533398412317
0.0006225657834777372
6.658364033867497e-05
0.000128353585503854
-4.580043065271275e-05
-0.00033815464093722106
-0.0008119396222858118
-0.00024968471615336026
-0.000244455213975801
-0.00012374508749053866
-0.0003825567346348724
7.941609646034331e-05
0.0006261949951666347
-0.0002410638456691401
-0.00045153258926648374
-0.000686273249397242
-0.0004971961643664697
-0.0007722690378383617
-0.0005492310622190646
-0.0007603027488693681
-0.00028581203641362606
-0.0001775865753630612
0.0005110570049311111
0.00021147258119315554
0.0002802400281966761
0.00015790416568262674
-0.00025425059698532557
-7.2385752824993864e-06
-5.8484523672073184e-05
