-1.49658097707207
-1.4387190591072654
-1.3668446943871215
-1.2168067103756117
-0.7846749773421822
0.5966774973777556
0.9277769650971603
0.3279133860710398
1.226845743359621
-0.8654784274427965
0.4097484514032734
1.0885171617839289
-0.08122608523792245
1.3584647456248393
-1.3413949659687983
-1.1429333709499627
-0.33121170740591205
1.2828188357445651
-0.9345834325541296
0.2237236201624828
1.3106543170682876
-1.1344700926709257
-0.08940867820959386
1.3648919807426871
-1.3904967639224124
-1.3449544642489275
-1.1141650368573794
-0.21346405261300017
1.4109401110425912
-1.2679045854683784
-0.7831721097700302
0.6412741977108766
0.7330324423492833
0.48801185142984904
0.9399127384130084
0.17943784157079168
1.3822693983020817
-1.156422571845474
-0.44492129075474435
1.1584760186035123
-0.6617573570601137
0.6810002381986539
0.43624493215748295
1.0349945426963894
-0.22566375721432402
1.3048389935038358
-0.996424142611718
-0.05529452978370906
1.402633109084146
-1.4775697076775123
-1.403805881510404
-1.332464335323983
-0.850787504850641
0.3521113594168429
1.115325482558004
-0.511531732957368
1.0230067767993563
-0.19247298924127493
1.3322012285982288
-1.2950941005037262
-0.9083672067481293
0.46347180733363813
1.0379372284976387
-0.4787466880678382
1.0758318100081723
-0.35096482397340883
1.3063822496431388
-0.9103485979092986
0.43036267854089555
1.1399667926342314
-0.5355488594695696
0.9743757578918036
0.1815595640324805
1.3427662431673317
-1.2543053130545179
-0.8623741374755374
0.5718433311235674
0.9428909512985514
0.18328553881584939
1.3240148223791388
-1.2200845487422602
-0.5900043496209485
0.9249201642092705
0.1424965463855725
1.4083878333049238
-1.445461967501745
-1.2773671845835255
-0.9179140303098344
0.3471039365470645
1.2292479468541035
-0.7476101188989439
0.5084414032688942
0.9990855616648565
-0.12235034862999211
1.3812297067758812
-1.299788365282439
-1.0577655070813197
-0.23985934107907694
1.2864450911887342
-1.1097227546219712
-0.27073458602254447
1.351914629498659
-1.1807545725535136
-0.6718936738850416
0.7147400494742201
0.7194340825335748
0.6672706445491836
0.7506827574450896
0.45810537544726243
1.0440832510361813
-0.00021670627242272494
1.383767513949076
-1.5098899036389617
-1.3962505426170422
-1.4816025084748414
-1.4342090434929886
-1.4827957792293223
-1.4351240311074769
-1.2291404565068789
-0.6288406572645219
0.87907111596
0.19530077203489424
1.2603265762914306
-1.1535065407383602
-0.29932031923048863
1.3075391162572532
-1.111556979642503
-0.09470365453541978
1.2979179885121235
-1.4131667489092516
-1.330349281422626
-0.7915676496116097
0.3529113636732774
1.2744343664154665
-1.0272822922842204
0.019894196839451945
1.4543020014067733
-1.4064054903604974
-1.4510672416728083
-1.4731022046713202
-1.4455722154122006
-1.1948937577023648
-0.48818502238197325
1.299471173252345
-0.6930514029666482
0.6728885387075996
0.7806159045906612
0.5977563605220623
0.939057569553139
0.08582321632216769
1.337248515696471
-1.3929911615718287
-1.2223386704241483
-0.535748282263376
0.975388706201189
-0.1300765198435421
1.3679079108350682
-1.3323808806527744
-0.8451034323566615
0.2553268274384923
1.318946093254618
-1.0113134689047
-0.016379646702173924
1.4466876235213542
-1.4420782737286513
-1.4995041170475019
-1.3878106105457504
-1.4230999853754345
-1.1669830263437628
-0.8076435128725834
0.45229795399834927
1.0060263515051242
-0.11746967558250845
1.4241947259190502
-1.418489704767223
-1.2897328306413904
-0.6963335035209279
0.7329730327632661
0.7206326915027242
0.6964714986742645
0.7901185793767989
0.4868394137793161
1.0916747591911382
-0.1295516144316236
1.388211644886055
-1.388588171007241
-1.1449813249874043
-0.41824180601173144
1.2332641948966185
-0.9857052536101131
0.44953417572817
1.1068672582184342
-0.35240538723894865
1.1206073242981691
-0.601844677693328
0.9335594812940696
0.20009721803480734
1.3954754343218554
-1.219267988510101
-0.7232652939170696
0.7526166046857466
0.38821807249026924
1.0461691036948644
-0.4682051811778615
1.1965829031679893
-0.5064351946450966
1.0848213015495307
-0.34753271923498436
1.2522337611359915
-0.8930935716695054
0.48753243929992807
1.02821134060915
-0.22201737306851904
1.3017146395828312
-1.2377846965386694
-0.7261007769085156
0.6595897470680874
0.7123669349503239
0.7248459857936048
0.6684322500627503
0.7081740728884004
0.6164196190865067
0.8074334231627243
0.3485851145392352
1.1791130514004107
-0.5332167837991222
0.9558623812920423
-0.03575330877962836
1.3992677466362033
-1.5061732947132829
-1.3799407984448362
-1.328040584150024
-0.8981086398011269
0.23215892238871666
1.3695082315995932
-1.1121644279455145
-0.2356291828187305
1.4022980206321605
-1.3336273384313289
-0.8732594695670396
0.28535823521997117
1.3045650001946372
-1.0106071427643744
0.16613692342803138
1.3538150482414926
-1.2699014223008376
-0.7028340267451822
0.5331001780283292
0.961798139678368
0.05673991801179134
1.3995691667573926
-1.380793931574918
-1.0571393288551942
-0.11849023899364107
1.4159024695600704
-1.2101351423891142
-1.0267998235282283
0.20143193945410423
1.309115375169005
-1.1756107762344048
-0.4770247586455838
1.126070201551733
-0.3902750079222657
1.1928506035311732
-0.5116347976335075
1.0168421810433725
-0.27063626794606094
1.3796320730680116
-1.2008565000885947
-0.7595373068428047
0.7683068296119256
0.5679706700983633
0.9009015109538591
0.07891550159715094
1.3838142381643375
-1.4195678181305058
-1.0651926994700587
-0.29289298327023805
1.2890863796982264
-1.051189118299737
-0.10297095933097644
1.403369676594597
-1.449411586849531
-1.2613037181739735
-0.9111733748149445
0.3065733597376744
1.258437177936506
-1.0907885665200387
-0.1838365290364362
1.4014922785732449
-1.3411596392048952
-1.181038016634851
-0.4864553683379755
1.1577935281362342
-0.6855308291318313
0.7564496147226019
0.4999580249194654
0.95852745389293
-0.1670017901510194
1.4164820510211076
-1.3978228450715824
-1.1318827381747796
-0.36076303659427317
1.239707871285859
-0.886988347087655
0.36792122926118187
1.247308432736553
-0.8743784454173043
0.2182760192031106
1.178936000868518
-0.9592085923928169
0.3914411683568752
1.2613362418238874
-0.7584216870014745
0.5870662906310274
0.9138343129938314
0.15032355544436451
1.445606996523065
-1.2316512263105495
-0.8033237553658775
0.6808416776298718
0.6427183323804824
0.7152583901753978
0.7032091144065729
0.727659738695212
0.6372738946669106
0.8868155141408335
0.5214779583586958
1.0208258156871066
-0.4604363017870467
1.233962620339494
-0.8992867110393624
0.1989734092520205
1.4086425765368533
-1.3478113905760272
-0.8735111085357212
0.3129221973489442
1.2011181057111544
-0.7164310627144186
0.7319583723973889
0.6195122197405593
0.785529923530649
0.512369408025096
1.1353627095948629
-0.2090831768144652
1.355106039573114
-1.0827107640541571
-0.19950884838340194
1.3496175673461004
-1.3704962053420209
-0.9904684474881904
0.1970371054226416
1.3014975646672489
-1.1677032848380922
-0.41915790245210277
1.2529985649507513
-0.817160835853014
0.7291284210796465
0.716992722266568
0.5159862620050496
0.8902747812513878
0.3047061459908049
1.2241483288115032
-0.9241875996150846
0.15783053400678848
1.3214134804358848
-1.0813464489534808
-0.3709158785667911
1.2737594692331298
-0.8607537290937393
0.4512917185808701
1.1144380678301236
-0.097807807540829
1.3965162381621918
-1.4357042062916514
-1.321151970523163
-0.9963300533451777
0.2602223049872979
1.3124829795170128
-1.0225559537677225
-0.014431664344322394
1.4622740823550886
-1.4686658632109475
-1.4173005764078574
-1.346541020979241
-1.2668725278195117
-0.6254353903189394
0.7769880406991281
0.4994795268965185
1.083624507419444
-0.2406428632150836
1.2915711393823697
-0.9776012471082139
0.0500225289686453
1.3645851540168683
-1.4713500938462023
-1.336695313267615
-1.0113089589590256
-0.005401732907533062
1.3882492415178131
-1.4398585025311992
-1.4717612605968553
-1.238386302458094
-0.7622128406473024
0.782677281299329
0.6418645361787271
0.9130467947698693
0.25590225384345316
1.1456392327487799
-0.8240385244366664
0.548027677401672
0.9686309616162141
-0.10033766320202528
1.2998786017296498
-1.4265777395145047
-1.4235738987968842
-1.329259728419618
-1.101258262828494
-0.1838960866122583
1.2399201963290802
-1.1003650046814535
-0.32708536417594886
1.2822260940135224
-1.08382205294967
-0.20910303880767797
1.3694035502910937
-1.1714055538005352
-0.5966465863804956
1.070076250691626
-0.0547967734745214
1.3849978557609623
-1.4220938059875505
-1.3292427557426443
-0.8870035667700396
0.2513970043657583
1.2943986740027076
-0.856106382955619
0.39544083655193263
1.1002595424326729
-0.40135071764579466
1.212724138121925
-0.8234691750190247
0.49265394299186555
1.092995927282914
-0.10171685025117949
1.3701341889164294
-1.4287083960362121
-1.22539334676034
-0.5537364592564756
0.9972324257309277
0.12225742595163548
1.3723189658417274
-1.4884770212955338
-1.3027677306244063
-0.9543121473709248
-0.015592889127314472
1.4337056355695958
-1.486304410261182
-1.3913809517638969
-1.2324951931611736
-0.8230961270265208
0.5000182678265854
1.0159690134485304
0.08195287977668674
1.3650962507764222
-1.4149237189505641
-0.9101451901283317
0.15260692067301507
1.3659773180864354
-1.3415487427052368
-0.9469765097350425
0.2220031919287884
1.280398273266057
-1.0605986571749204
-0.09464890880200376
1.3682739423538106
-1.3981171292358165
-1.3570844536535256
-0.9633069986933467
0.20004559374109282
1.3479002277502317
-1.2054196925367464
-0.5855083160960018
0.9466932830129896
0.0942278888853132
1.4404317604997792
-1.2673325276840355
-0.959257639162906
-0.04193578832860941
1.3437229210435402
-1.4458533984039101
-1.4324619990216187
-1.355966457785321
-1.0105025265713958
-0.14163695974340315
1.4214490427782578
-1.3776142165867367
-1.107375589672542
-0.4832370893490924
1.082816850183088
-0.292600714213718
1.259245494389168
-1.1628224244737515
-0.24621588013407156
1.303380517320079
-1.2602409565189492
-0.6269273073843585
0.8637508566386964
0.1475661658530511
1.3294134732716043
-1.3443720968581852
-0.7661390004719099
0.7338135924113287
0.6130876283571155
0.787884452198404
0.35632031607481895
1.1418354777317445
-0.5266656547659452
1.0453745414106768
-0.04049737651583238
1.3692860598508414
-1.466580562373651
-1.3707834332784186
-1.3811429818693814
-1.2801476513609507
-1.0721255866004045
0.08847698463779255
1.4317960626529658
-1.3603696638117695
-1.399079480610963
-1.3215099478845056
-1.0718480427295827
-0.0885398135347933
1.427776210187579
-1.45127458741595
-1.1619638635546023
-0.4694938410024108
1.1249827118948879
-0.591562751635085
1.0444086712265845
-0.32966805401756655
1.2525914360391055
-1.0800601543238568
-0.27878137922481544
1.3869456392575736
-1.3185553450033216
-0.7122786626752684
0.7033088106211649
0.7111225490215689
0.766354437911505
0.5925561116736616
0.7799378600973456
0.34026913242563134
1.1387047320783432
-0.46533897395122853
1.0838416770968575
-0.26976450293430504
1.3303869377810655
-1.133460960767104
-0.16988732807249612
1.4015777973124275
-1.2781123285945661
-1.001763562260165
0.08911043255718278
1.4310044905111454
-1.445818317921089
-1.236694310171249
-0.8746325319637229
0.49696444603905343
1.0765501686149688
-0.30354832859180986
1.267085157810229
-1.1063537835976731
-0.0655479163766131
1.4491333651610252
-1.3561293121965918
-0.9570271822517301
0.07933382382388154
1.395978601784042
-1.3822007882897087
-1.341549206920386
-1.1918290379831702
-0.5072182382736368
1.1616610074595808
-0.6523405596052311
0.8462789731205532
0.38579516506983524
1.166324568917569
-0.709112847885345
0.863470049216943
0.36137977153630313
1.170641023525238
-0.7980785914943815
0.733870144853547
0.7694652393277986
0.557295714891706
0.9296543654753555
0.07251721571488498
1.3624836320256555
-1.380598127524167
-1.156810607568849
-0.20622691917243366
1.2879073172399975
-1.2533970752900176
-0.6397799047565762
0.860101169411862
0.23713847915799274
1.3676606987629039
-1.0304613404380465
-0.10279684871846267
1.4314565792555338
-1.397939957278102
-1.4388650330805972
-1.192338602027777
-0.8932243232346164
0.44083771249481335
1.0021241923494588
-0.34822111616059065
1.3282626921558323
-0.9926666417832987
0.022975610032919896
1.4011358163500147
-1.3830177590481758
-1.2831466674300624
-0.8511905957037588
0.4097636271952209
1.0905001315725746
-0.6516566034343545
0.837015408278476
0.27336789546013174
1.2692635475614036
-1.0383640304818094
-0.004714073710125924
1.379091813686344
-1.4566014472587285
-1.424326135166638
-1.260622543404218
-1.0730381085032572
-0.283594428883882
1.2800325990058912
-0.9970624926884991
0.08466239623556367
1.3206277651744764
-1.4301790296898615
-1.3907936964756427
-1.256284459632702
-0.7712093653254368
0.6306135317306031
0.8989275462172374
0.13115663726824955
1.2836247392257187
-1.1843334727570287
-0.6766930056123736
0.7625092706128094
0.3957991138264083
1.1926059025025815
-0.5848035162355381
1.0343926074730936
-0.06387639773937429
1.352959848920063
-1.4078904378768629
-1.4275176398705662
-1.0444507334242374
-0.15417093531296913
1.353659440559316
-1.3497258848358742
-1.0442649648174314
-0.012591344682672076
1.3273495761882537
-1.4042555053568586
-1.2303180239629377
-0.659683443302682
0.7542685195023933
0.4765170476858198
0.8791200262676404
0.4940043713951328
1.0771486280163158
-0.3109877027551733
1.226419991133471
-0.7723537018498678
0.5792310315813105
0.9578086659645554
0.17530497579852997
1.3388234791358804
-1.321798513505346
-0.9349447549739422
0.20612986767598385
1.3085099811659429
-1.2028051134951256
-0.25172201185388
1.2425273047718155
-0.9642819282549238
0.19902165928689933
1.2958256146439873
-1.071590366695149
-0.2553056598206309
1.3072394670959377
-1.1691933828355194
-0.4823082250986662
1.0929825594554035
-0.2018847586780908
1.4277173884469416
-1.2950535126947154
-0.8703285342418989
0.4953041052971956
1.101574497896725
-0.45659606856318935
1.0610483765657204
-0.31882624489806677
1.2777037262230022
-0.9372534854192892
0.45097275706770057
1.15672058694511
-0.28538995517898447
1.2303421365597076
-0.9160719922142537
0.245247642073026
1.2768518224678174
-1.1863291014092854
-0.435765491979819
1.2045722139887882
-0.8060006725190861
0.5912505834418821
0.9615010164744345
0.1022539002199539
1.3659331790836546
-1.3078490775680938
-0.8032521331887592
0.562876161645918
0.8439214420427819
0.31865478368027794
1.2679981315207696
-0.7729090606827079
0.6491593937425862
0.8548305271724629
0.4437031462853907
1.062574962023824
-0.4780676232380751
1.0876416426426538
-0.48751422596773536
1.1517313553453552
-0.40174200463114296
1.1470985411026722
-0.5026193457669872
1.0708685883309605
-0.14509256456765818
1.3098968356986989
-1.1606041920998484
-0.5596277823596136
1.0301866101729669
-0.14527455994124747
1.3768982148033087
-1.3957287151033178
-1.1328194597849357
-0.2405093355810637
1.3125415413994905
-1.1484499671366433
-0.558564979148814
1.0539167823751285
-0.35063247075697024
1.338545103123142
-1.0911704147100378
-0.05157667919921297
1.391861108521521
-1.460920192278367
-1.3913668463185112
-1.3585128564951887
-1.1196927178669784
-0.2347427275568889
1.2743140698532105
-1.216548360143094
-0.6021455629042335
0.9751196183221209
0.08025582114673178
1.4232672733480547
-1.3041162595703724
-1.0457886518467747
0.004065381662835646
1.4287091929055318
-1.4376859280869154
-1.4125099062453228
-1.3785323598610746
-1.4771079970270236
-1.3056188945378246
-0.9063477224818343
0.17591094288840392
1.3869225475482552
-1.0428682918638972
-0.22202838317258664
1.402093925066068
-1.2762058270469059
-0.8396391954286381
0.5196269142942528
1.0091561577161927
0.053142152562496665
1.40793573084533
-1.4945998460648944
-1.4402857844006407
-1.5833449643212436
-1.3875984681957991
-1.3358943931841172
-1.1559648481624758
-0.5615398619012221
1.034043885553468
-0.07987800689391608
1.4077508794527487
-1.4109523318222599
-1.1974721189464501
-0.5118899887846879
1.052983150624627
-0.4309514606280311
1.20911395827211
-0.8147455780759227
0.4443948798984953
0.9166917095184383
-0.08300822930051836
1.3729477364123581
-1.4389727686016573
-1.339669435342806
-0.6631096094073748
0.6196072239348778
0.6331004367765084
0.7483443711046371
0.4089330451576478
0.9623419486836848
-0.029651181733117416
1.3779636643958082
-1.3509650251090746
-1.395993711973678
-1.4238561866427637
-1.411096141241706
-1.209760945084431
-0.6218541591613397
0.9659100549848076
0.26568481645965264
1.2669469926605206
-0.992823448332624
0.2897491338136904
1.3129013842491393
-1.0439793218342688
0.11520411005828464
1.390090257731353
-1.3400957925182588
-1.0210453071796106
0.052069110365291014
1.433738284157934
-1.3592630150239862
-1.2680011957647883
-0.8263342374892672
0.4754192725626146
1.126618829744435
-0.30908972034997967
1.205411589524586
-0.8699622081337276
0.3039664144645857
1.2941797533590524
-0.9590125448338062
0.18611614666837092
1.368068613291925
-1.3943230265215942
-1.0159154408636117
0.14233235913770675
1.437132563044826
-1.3324462068890066
-1.117229060372039
-0.2168847006056548
1.3094012472456447
-1.300043247888727
-0.6190911932001495
0.9522768931363804
0.20103918516277008
1.3874427335706763
-1.2687823472649558
-0.9083757629528699
0.6441047130542285
0.8386035155173059
0.501446619773633
1.103985855714476
-0.3861704172300809
1.253556408795886
-0.7184272049454821
0.7357296636874565
0.7122256940080184
0.6634262722392987
0.8247470567516698
0.5020247709816968
0.8775210554035807
0.05182725215529986
1.30983392502613
-1.3817132696537207
-1.1933902964179317
-0.2791457587835904
1.3859525567506303
-1.1269426455093003
-0.24702413599522322
1.2746067991958272
-1.1664930772535833
-0.2646054844310028
1.264661695968431
-0.8998645058937329
0.18899587676373872
1.2980305949306299
-1.1571065425177611
-0.28068611040241415
1.2772558275702866
-1.0748629724409984
0.02711676560305047
1.4135116170670912
-1.3704749250186732
-1.3972674484649739
-1.1806346225187803
-0.7536136997986244
0.6954612105186928
0.8593141502844732
0.2737072020560531
1.3247638919116544
-0.8639582000986945
0.3476943760886074
1.174051842632331
-0.45946136261918347
0.9488567499058309
-0.2476886513500132
1.3101602202758715
-1.2128523526611676
-0.5033627523800883
1.049552419170997
-0.37516917255510684
1.1430805696136646
-0.8068106283780195
0.49498906353875444
1.0141517265064104
-0.13990785047993484
1.4234871406246767
-1.260365990559601
-1.1902024797439943
-0.10139679486982223
1.491928656624156
-1.4958032901766865
-1.2561692544539942
-0.9461859096709582
0.2963885668749993
1.3257825936935619
-0.9251163813832162
0.1509902575639521
1.330505837930552
-1.2421755754335748
-0.7588817776073891
0.6739890525937973
0.9453768171056269
0.07302972166332485
1.43639824437206
-1.3164456587537314
-1.0684810529362605
-0.25545487513761267
1.277996537798145
-1.0529202685747334
-0.06435613971473797
1.4306556310267424
-1.4434700337019855
-1.3179134882913202
-1.1224240640801435
-0.050978556391403536
1.417327885697142
-1.4613750712195361
-1.3849253298249775
-1.2249307594935364
-0.8042084722671127
0.43225488155890246
1.126935863799375
-0.485328051104472
1.1606688606081288
-0.5108930541364968
1.1074635435017641
-0.2051274196634281
1.3191200902239004
-1.33839245014943
-0.8713480216232794
0.2718362018331554
1.2778258666219964
-0.9730266483028692
0.22779940323326972
1.365024809417594
-1.068226789383986
-0.24467096064310562
1.2586050300791642
-1.1387200885950464
-0.20151352942819079
1.3353556230321297
-1.2708274594482327
-1.1129381873334978
-0.38957552825625397
1.3623291719282686
-0.9698691966310243
0.030675639644225608
1.3130354434257887
-1.498097673974492
-1.4448659145701495
-1.3993047624379198
-1.2520147689022691
-0.8496024478677712
0.5501082850903724
0.8422439732401092
0.17323425775719511
1.3852387399106265
-1.2707465226830439
-0.6582477267982213
0.9028824493842696
0.3724093861856777
1.1385432635863677
-0.6360322511631806
1.0184064121366447
-0.000805722134623929
1.3835452038334857
-1.4590671254249012
-1.497542855263769
-1.3789799881815878
-1.148307726609154
-0.5228617031644499
1.140087854530632
-0.5811822473427093
1.0799067466414891
-0.31275897405331804
1.2660047436205586
-1.1446351420611591
-0.4123533766994696
1.2477680832747216
-0.9231476807750386
0.2887309702947133
1.3223140894869252
-1.0261151777164152
-0.18660247440973776
1.3259056755577303
-1.3569216271545588
-1.2019717637147656
-0.3432772287513964
1.3344612953722745
-0.9382090156762559
0.1513182748266546
1.3555291781674255
-1.2860908124664978
-0.7383245672769173
0.6763129489215499
0.7234480669843635
0.46119819639586485
0.9977380958937939
0.18286384315486584
1.4171284577124468
-1.4304124152843807
-1.4017376762479368
-1.218643476215329
-0.3842059303442964
1.1831625781515747
-0.865700734234216
0.583819972528419
0.7614367923613515
0.4371738295542976
1.2511860310640641
-0.6929895515205396
0.8301227140367642
0.3815246709413005
1.1120324599225644
-0.3766340489727551
1.271677153285392
-1.0234031191579815
0.1458302288310042
1.2913506051248937
-1.139058774439592
-0.6117973060062507
0.9072908372699267
0.19824034307690516
1.3236681706892723
-1.3226709410312876
-0.8134076404195157
0.4056280102437518
1.141295263872646
-0.23976414279817002
1.3748768520453345
-1.149156452913502
-0.16935784748764948
1.3618220184537533
-1.2614407287765927
-0.7275928734168392
0.6926346678862457
0.6392749343607573
0.715725344962793
0.5575995266423999
0.7264692227563397
0.45419284031690255
0.9759345079931637
-0.2740982790071298
1.3523688990046951
-1.3241014692030892
-0.8268611170781416
0.45080497177699674
0.9080105761594262
-0.13524083392043584
1.3841851066777642
-1.4074246614447548
-1.2454124437642393
-0.7022958975374023
0.9122531629354931
0.15634633201396445
1.3463345002749167
-1.18575691585594
-0.6582523904416875
0.9315099645010614
0.16469072798898912
1.3525601918510506
-1.1093222428032992
-0.3641996471699212
1.2906564312236166
-1.1004958609737037
-0.23354130724559907
1.3338570607305067
-1.276867288568451
-0.92289082687602
0.5175307918074563
0.9523529544392357
0.07014385140446346
1.4171694615925468
-1.4828682808913494
-1.2088800520064027
-0.5990298729453141
0.7127339251613477
0.3980763940650316
1.2010222971288187
-0.5718540503733227
0.9698592442661053
-0.03360180021728493
1.364673629352203
-1.4529899874784673
-1.4569324648334125
-1.289409846272718
-0.847421058828959
0.48471153218705404
0.9409663887132828
-0.0693275403352608
1.373772968434498
-1.5175215198223195
-1.411072788122583
-1.400814254809349
-1.3275679453987466
-1.1046582391302293
-0.06342510444969517
1.4076561483008847
-1.3806566039320645
-1.2825206595578733
-0.7072023897470457
0.6663266608401834
0.5841208739793756
0.8399574923571693
0.06659621795268153
1.3816469950056436
-1.4047206609373626
-1.0945049612844773
-0.42122062951021655
1.236404661505442
-0.6938560598880811
0.6725897778843017
0.47914122282162075
0.8287321714600495
0.31234503162182353
1.1380197442768167
-0.7656955907436985
0.5980473207994326
0.847074159343583
0.38921456530071097
1.1023088451270184
-0.548740792740456
0.9541452117045693
-0.062383192347680194
1.3419569274371497
-1.4851429736482873
-1.448484470121074
-1.4502271872933303
-1.4273392878129703
-1.455632712829857
-1.2430187411727145
-0.7083023510691536
0.8531323875584996
0.4605362928976758
1.1404515547854732
-0.27035707657000313
1.1949563090455366
-0.9908407934842106
-0.07834578818738709
1.4168951896963233
-1.4384442657551062
-1.383568174522839
-1.2915642338923008
-0.9901611968845112
0.0075068835923135496
1.3656797978047286
-1.349453360052169
-1.2689709275376209
-0.6044175260959119
0.8524456450009428
0.4373184555895692
1.0985244110913
-0.4553785547191387
1.1292094498773655
-0.31675968855487957
1.2641599627375402
-0.7378093756301088
0.5515596122330768
0.8145070817045126
0.19037823211038973
1.2847979170208434
-1.135569111096241
-0.5078754644135756
1.146510270733438
-0.5016390960987573
1.070233909691847
-0.06561173570840106
1.3345332839970547
-1.370577714412485
-1.3383251887030327
-0.6684750443970732
0.7591757282622751
0.6507976913895311
0.6964876272122915
0.6728957355347892
0.829386205666945
0.5117528656688325
0.9725081419157677
-0.05056303070002245
1.3974937980229711
-1.4129996287144029
-1.4811812108621407
-1.1837029294317993
-0.6071044200739721
0.9395329772983196
0.12980063487079618
1.349772536378066
-1.2282688875096641
-0.47598267699312613
1.107460510292839
-0.23323442491855917
1.364133053584071
-1.2671213361481564
-0.4946235295939598
1.0725580990213042
-0.23355040333223123
1.3208106783373168
-1.1670896192971814
-0.8270824621597287
0.46334570464540425
1.1405135898045775
-0.5321656594076515
1.1751370453417311
-0.4771322388547524
1.0120668671569586
-0.13694885759614236
1.3714239041574945
-1.2510082159364924
-0.6410405652580949
0.7808215822477272
0.4544001089962605
1.166426369900397
-0.5082711468564725
1.2086282210824606
-0.5662293976765806
1.0142311031843458
-0.060757271234756105
1.411513721222799
-1.4873885584248903
-1.4251054581128137
-1.4861264304414628
-1.233800730968995
-0.6423416349121104
0.7823142690564835
0.6109820383889797
0.8805293883006341
0.48047009096711313
1.1224012862872255
-0.5126438932038516
1.0459264714090002
-0.23378862008612947
1.33213499583179
-1.2493708862438593
-0.4759276457456929
1.0943390007353075
-0.41565989064373515
1.1983326829546588
-0.6553616223013068
0.8741026363271123
0.3021415512785002
1.2244458370848161
-0.8409865194890624
0.6162428683416551
0.883660735532809
0.1454971917576408
1.3706344592033146
-1.1579287934214941
-0.4784843828804103
1.1450931924574834
-0.41086143467395153
1.026514440742137
-0.36028693748947177
1.3571466614320973
-0.8279962158973224
0.3590098652026481
1.0416228317385168
-0.6258305499381117
0.9289929639932749
0.11548759190606966
1.367932139184244
-1.2895279608882544
-0.7989480831247986
0.5856206019095023
0.9637585856090838
0.09408905899841621
1.3406533951127626
-1.2435123963808539
-0.8070991260975481
0.4774209365404626
0.9636590260748434
-0.058647006343516155
1.3506928850073472
-1.478796434298766
-1.2952069229922747
-1.1964656561572116
-0.44135183941275125
1.20532608746055
-0.6834410863477869
0.6020771049873641
0.8868826702908998
0.3906341179265017
1.2054731591716052
-0.5057559225672885
1.119160355617904
-0.4175439846137872
1.126457274533649
-0.3124989378470822
1.1453409909988734
-0.762462899015355
0.8727915705948045
0.47858145369286686
0.933765974712628
0.028458899069925526
1.4265959653730358
-1.473499215529575
-1.358860216499598
-1.363220003888705
-1.1899077362405708
-0.38841104644502694
1.2427107768160148
-0.810046036846744
0.28059340031539765
1.2790016865173552
-0.958367769810583
0.0553538163585271
1.3827711177589954
-1.4437125602645557
-1.422877441667326
-1.3826234079954656
-1.1429745758172587
-0.5054119300588947
1.117416855709287
-0.1938254205688963
1.3525259083934944
-1.3153539771812295
-0.8183473982510465
0.3772514278535181
1.1372527971194246
-0.2617321757432111
1.3287760614491846
-1.1091980378271848
-0.24808683695702188
1.292012783304199
-1.093651934061106
-0.18238664448988415
1.3714107103247888
-1.3183853283064517
-0.677645816208343
0.7662325522977425
0.4939464063001025
1.0492672614583076
-0.11518804906307933
1.417924794534715
-1.3806562868140286
-1.2523687342735204
-0.5152430570636031
1.1299071264854168
-0.23487554929483012
1.191151217347987
-0.9008599212656345
0.4614212201359316
1.132919322513764
-0.3184884047534106
1.2971325484186091
-1.1149816313274827
-0.07010304974108782
1.3544389798011884
-1.3825718640111282
-1.3244493057302642
-0.7949206741708382
0.43190894784401307
0.9920620345719879
-0.33785331157577186
1.2876430939798484
-0.9121357095060791
0.26701465566673327
1.2599352664384476
-1.0418930502728825
0.0310403295010868
1.4441807213726865
-1.503232785319608
-1.4030258149559613
-1.260393010889163
-0.873381341019191
0.4696839441674772
1.1541580009468548
-0.5528715826237852
1.0155150178724952
-0.09038133045310992
1.4442134939779911
-1.3714117127716616
-1.329936307350727
-0.9484312568833401
0.3002052760502194
1.2337896041996843
-0.8116029808380916
0.516592722253265
1.0497063229289973
-0.36396927066084467
1.2616807877068204
-0.9639055261704592
0.25032804526445845
1.1214846910925655
-0.6939574458717556
0.886199112804126
0.2527984521544406
1.262416156677434
-0.8213191408697694
0.6990488269350051
0.6190989272538269
0.8461093482584177
0.5300107926704625
1.0070703470230358
-0.22413359455477885
1.2729558671133316
-1.0302136482584088
-0.3114100122194353
1.2828457137900993
-1.1071177199789621
-0.2442724095533997
1.260283251123448
-1.1427888306926737
-0.4069013524310091
1.2467095355483908
-0.9385305464940312
0.19147054158315194
1.4064762218266456
-1.2524647665534794
-0.7461958418668921
0.7002463960872577
0.6171312102568101
0.6056607126249122
0.753327194016109
0.5275767093071947
0.9808291984215711
0.11868945118068283
1.3672698059714623
-1.323977133536054
-0.7542575462566706
0.7263115667770558
0.5498359765829899
0.9573594239457595
0.04077926195835572
1.3968451147831789
-1.431227465215551
-1.4183127143096734
-1.278374358563992
-0.9266860922072974
0.3681270539886407
1.1925289830859187
-0.7078970142531055
0.7673887633622339
0.616882407988254
0.8929628930142911
0.3290078925197538
1.3054179678697717
-0.8529073819094045
0.4046498680671223
1.1423356171783476
-0.7935440811694545
0.48816010921278014
1.083989686027408
-0.2759856752277881
1.3783180575325114
-1.2151470376626403
-0.6539082054040593
0.7908989332237928
0.5318654526217169
1.109032327539842
-0.34874108605023896
1.280462209026065
-1.0343067967433843
0.05775659447793717
1.4462474143052584
-1.3637011251199789
-1.2342786778858899
-0.4963255511450377
1.0444833490143077
-0.3605620644101599
1.2899997534959635
-0.9918859366251176
0.17424608812453155
1.3473057908466104
-1.174147221867257
-0.36987971452968527
1.259651244516261
-0.6626230399332175
0.8111325298277003
0.3137932592713805
1.220414781830992
-0.8522596354078965
0.5847837438293364
0.9868324902459966
0.10823042182972101
1.3558509397535312
-1.3291752345085601
-1.0850431926436916
-0.11099197313057804
1.4717953310084644
-1.3876366917081906
-1.2107633925887777
-0.8481085324524944
0.5282940945852292
0.9937802216835553
-0.012602035704191408
1.3471870546263476
-1.4009343021234706
-1.3921455899006006
-1.364543441121118
-1.0568455167980946
-0.1739464763737665
1.3007719524776975
-1.2367517819279474
-0.6646615022764402
0.8633940645248793
0.2908801619134113
1.1674171750355975
-0.904080004277934
0.2669400199071038
1.2731730199866576
-0.8054118612241098
0.49496225544950867
0.9977522330968778
-0.174010480881886
1.2665989270581512
-1.2143445687439631
-0.5817449057938286
0.7548465732690632
0.4077012302574339
1.086555612949361
-0.2992203447728126
1.2251205164611554
-1.1781540552489396
-0.4123195438688507
1.1788577349254803
-0.5091898684469595
0.8709040921187721
0.1352040399088908
1.396848591921534
-1.3338387290775775
-0.8826689084981125
0.48631483754424737
1.1760721207653908
-0.2184760739400772
1.3221105670000515
-0.965919803416455
0.05428085486866814
1.3194802406606583
-1.3457003705508355
-1.119951964122926
-0.26315534333494905
1.3607405883232948
-1.1052778534791017
-0.26076770923183784
1.2789526223106256
-0.8679069230237489
0.4133787420892174
1.08140702574135
-0.3491551132266954
1.1822920547630824
-0.8483218155042398
0.7848321441696796
0.5946801654894799
0.7905141279295267
0.38285391152675646
1.0797487068480034
-0.48166717689213834
1.0860891053195367
-0.41003091059323976
1.1512571955289648
-0.5724455227480721
0.9685770604410228
0.12125967048440076
1.3583801606447288
-1.409743220854624
-1.237600726700257
-0.7029283772864736
0.7279135270427628
0.5587355222261253
0.9882956497127185
-0.06005363364561139
1.3924051495232572
-1.4624118289928423
-1.438151370845851
-1.3062186713255588
-1.2006656267687446
-0.4872942163407161
1.0834441747399826
-0.4276619963671889
1.19359149410905
-0.8384090382272686
0.777106426853857
0.5532015455161491
0.9086883041369532
0.10076905909378063
1.3306738321650748
-1.420525687559458
-1.1281129100214498
-0.3378031303122421
1.2857095608510498
-0.8908262011849141
0.20217617335906532
1.3468773003703975
-1.2038453694148195
-0.4887707312494286
1.060212842760027
-0.32238701487069205
1.2327025592452394
-0.6800764134959746
0.8434997354699181
0.496237016558454
1.0316135669375093
-0.1335773662190188
1.376704108908802
-1.4109288596376275
-1.3587294282087736
-1.0091196612906201
-0.05652937057694233
1.3413195663878097
-1.5259321207071055
-1.4332336964364256
-1.4087733213533284
-1.466906708317834
-1.4907470005163972
-1.380287310427941
-1.0061876934691574
-0.19811190210900004
1.4122475526270313
-1.3179584309600525
-0.8856423762968606
0.4462884189318753
1.0977035109113906
-0.45202798523740817
1.2249251503175869
-0.7215987795411501
0.8489563178363048
0.4494067320503512
1.1233910972701941
-0.24632361765422237
1.3129717498731175
-1.141507545254227
-0.19484706079748673
1.3784789763458922
-1.3166474001838013
-0.9952273774489281
0.002981991773895605
1.4618340896562843
-1.5104115210742906
-1.3713423218571785
-1.2401246233766485
-0.49171068036171095
1.058144557502637
-0.38815322153485166
1.2205617023563375
-0.8118973510608282
0.43981777570811526
1.10388663596621
-0.5067004449654078
1.0278363912815143
-0.07161561984045707
1.4673936849175828
-1.3907567316804477
-1.3520477319665465
-1.050294270401594
0.1512542389703946
1.4028904817608412
-1.394717466408195
-1.1298230115920898
-0.3300458769062875
1.283291639952841
-1.0111506950914257
0.26515665049642684
1.377330437302925
-1.1969604459885748
-0.5500494128599446
1.0625703727418514
-0.1347893763278776
1.44053295832403
-1.4873514203866185
-1.4027608198382817
-1.0080070797995848
-0.0803941114342217
1.3724074404554014
-1.383389499210421
-1.3123221291746414
-0.637852128811308
0.8906205003823947
0.06665350436953567
1.4173986893240234
-1.4628226394279602
-1.2152923060790672
-0.6382579606973383
0.9471306979830189
0.272932276261838
1.257849154513159
-0.946660142671587
0.06627861423645674
1.3257743209578976
-1.2674294192297022
-1.1275157031012129
-0.19733433581059215
1.38975351825995
-1.3318394906328128
-0.6877604515779489
0.8389625433306717
0.338219658051407
1.2388351916868996
-0.8182193949027238
0.7090756635883502
0.7323905841626961
0.46199175186726776
1.095238020373617
-0.24487487364416058
1.2563283704133172
-1.2637473765874945
-0.8188513883934243
0.5573279723504379
0.9028076665811909
0.3233164987312899
1.3062000845740205
-0.997101264445783
-0.3142542804669531
1.3440112341052737
-1.126914613089746
-0.33687597903057115
1.355058547414024
-1.0018696488177796
0.07265773192135559
1.3211228110722362
-1.2404746846484382
-0.7377548791678353
0.7368245914575584
0.7234673763933542
0.7654288240061226
0.41372124589768905
1.1134296324837505
-0.38930517838486145
1.2277282701498389
-0.9365052635016173
0.23068043757156287
1.3745745808173953
-1.3925749603102648
-0.7716888135079756
0.5890546214041521
0.8281812902261322
0.3594761476159362
1.183886256449268
-0.5316902509093553
1.0590067359791973
-0.24852669068368302
1.2971986667340352
-0.9592263096614562
0.08075056751045363
1.3775366063074772
-1.4037635915018836
-1.2124676240428298
-0.586294789567742
1.0375268323336926
-0.06592113906317734
1.4367606065917986
-1.418040611578864
-1.4346036196346816
-1.4599409564367574
-1.4179752687704792
-1.4431011855960891
-1.4498368287425585
-1.2609423414810788
-1.0973217786388094
-0.1059819909283295
1.4251602217622936
-1.3941583833838624
-1.4012224245869218
-1.2571585288472267
-0.8884224544512447
0.37781413189229335
1.1489385761897464
-0.6954502434909092
0.9097747230173695
0.4482874173274998
1.1471962587164626
-0.49689764772619643
0.9762398812891037
-0.27080526372166003
1.316219209122826
-1.3140109261108879
-0.9332947996300073
0.31465968234016595
1.1931653279618912
-0.7352311110678137
0.6256165686541347
0.790692159102752
0.3316971137206606
1.2687030525916951
-0.8194946886412409
0.7199222592326736
0.671849481067682
0.6862761941056542
0.8519331735567687
0.45289500837127455
1.1642544404630526
-0.4273962480047303
1.243694813713277
-0.6118129447010279
1.0458498666557978
-0.017643498798810397
1.4181674024538902
-1.4771757358814324
-1.3985331940223602
-1.4906532435888966
-1.4865265033746922
-1.4332201920367336
-1.4915726479990288
-1.4258913571292136
-1.2401051622290633
-0.7740924813747945
0.6817480543897323
0.7383328878599628
0.5689705497998374
0.8612978014608907
0.34185086900391126
1.262135650521541
-0.982475606296345
0.30198312572281405
1.382796737604142
-1.0937918760518937
-0.16892238060893844
1.3929944889023427
-1.2619419446101956
-0.800861200422132
0.6644759854444764
0.8168284594256082
0.4341347193460788
1.209307168876631
-0.5659710858814478
0.9711769164211437
-0.13225007275050907
1.3769769305667772
-1.431654194309769
-1.34587634934187
-0.9970125700659123
0.1564594263574705
1.3325334446659312
-1.2450246553443605
-0.8750369056719305
0.3990396298429805
1.1574273521278569
-0.35800913076325225
1.1697247210685278
-0.6057449504011472
0.7743752327793493
0.2109541712249501
1.26089593076901
-0.7566555563898587
0.5668611611972114
0.9239783059548364
0.09567124578082488
1.3833975802631617
-1.4128082706545577
-1.252250542063949
-0.6919676773360739
0.8236287839620453
0.5262467641861514
0.9171415673842798
-0.20206029272615875
1.3512850806528984
-1.1921549579007933
-0.6533893821723625
0.8352738224084045
0.4467028203998198
1.1304470547352945
-0.48391178864903456
1.0445889372634487
-0.33078697172590554
1.2822824174945249
-0.9886497624851718
0.2958563929865023
1.1959649311635647
-0.94294864221297
0.24771348714211142
1.2764265367889083
-0.9246989006137614
0.2708503664851227
1.2973014689546452
-1.018107581230021
0.07199159974372639
1.4168053424362588
-1.5421755318725792
-1.4161744285639912
-1.4435791542604242
-1.2755658484985513
-0.744452686626881
0.8024480362327301
0.5543932705391171
0.9957512316099338
-0.05463177853479392
1.4298324915256508
-1.4681422242950135
-1.4433220099279955
-1.2980813865509195
-0.7713008894387786
0.6693211617674536
0.8387926824053844
0.5611360904042766
0.9782623146460686
-0.23269063362549888
1.4269715068885642
-1.289647757869946
-0.9037412962133939
0.3795813623921389
1.226679160344833
-0.6600697302875996
0.8401768708527815
0.09876704911065942
1.3738623181370022
-1.3278703571714667
-1.0268327152733836
-0.07094861641175917
1.373690242007435
-1.469406025586747
-1.3167338711892902
-1.4046490168590429
-1.1978704719765538
-0.5015247274100539
1.1233124356410127
-0.28643984109237214
1.3730898615164244
-1.2014873993201478
-0.4919524541253947
1.1716672632542477
-0.3706145329261762
1.3583986445097251
-1.1279155428159806
-0.2236181275241568
1.3196358181143202
-1.297549758211428
-0.974160252904221
0.0039061156920222693
1.3142625089976
-1.361665506178241
-1.2769682190075662
-0.8041801842384886
0.5152729870088687
0.8878712892840641
0.21183902233967017
1.3897305565775762
-1.1966237864390887
-0.7907376524368884
0.5327894213845157
0.8917121790442686
0.12998529064256234
1.4369152967651209
-1.2920345588514166
-0.9353815133676563
0.38385137976262834
1.187550218562184
-0.4257027122634881
1.1374023876201058
-0.4987516073467222
1.1745157452066535
-0.49579775334524273
1.0794105994504193
-0.4480370524531025
1.0928382638227285
-0.4988956393727579
1.0485992850505266
-0.3241565399470944
1.2399842974130901
-0.9249068173136781
0.19819319447875977
1.3299754488680615
-1.1227423136564276
-0.34010849751182365
1.1616637423495824
-0.7342701076451863
0.6548661619823783
0.7803202076929894
0.5466313494949996
0.9025523160018115
0.22384467558042967
1.2981072954389896
-1.3918605793028827
-1.1049477502792684
-0.30987496957513977
1.2750028515916099
-0.9517424803848689
0.2059580316639944
1.2552739521575784
-1.2135857647736101
-0.789746874215934
0.6195364831765606
0.8304717532076726
0.5065343259842622
1.109261255219797
-0.4269890601573327
1.1982339671190352
-0.5792002004511249
0.7747653317252507
0.26219937070753424
1.2925281549611434
-1.0239847208944504
-0.01276317182508897
1.3717417572027781
-1.4037332284262272
-1.4083194711396658
-1.22528809038955
-0.47549640462789633
1.02839945853298
-0.41223818625840086
1.131210519432879
-0.6565860224586259
0.9171579871366867
0.3169660460887206
1.264711483267641
-0.9279622722720646
0.15116316388962553
1.4051819120463653
-1.2568586428790207
-0.9114826068615767
0.11786532724942404
1.3770790397360142
-1.1444058883126105
-0.5464320209982946
1.037602707013784
-0.2509732416420896
1.2443254251694547
-1.1509181912174202
-0.2309220976838806
1.3658668421442124
-1.260894887766471
-0.6109082839248193
1.013260128038191
-0.13219478164673254
1.3733507321466025
-1.5258864549335673
-1.375495302611998
-1.2932105083703236
-0.9282024653028409
0.1555058933025909
1.3642239244928127
-1.3424191501163998
-0.9381781498162877
0.053277735383100086
1.341127004756746
-1.313920521647191
-1.13262413923861
-0.193846030961353
1.3766879405158359
-1.1674952273644008
-0.6755337768161378
0.8504969802006758
0.34668537262536475
1.1364365416716917
-0.7014561739350313
0.7083662220532209
0.4153159080294177
1.1294896301017208
-0.297926033041053
1.2401107404695397
-0.7256172859016394
0.7891028201057201
0.7539653707129167
0.6843635785799009
0.8461442699231821
0.5012815952818958
1.069234723681915
-0.12424576154039056
1.3839153925999919
-1.3075373460731634
-0.8235877920872755
0.18466968130120784
1.234309627690218
-1.2576630673329836
-0.5830871555822297
0.9966065996066574
0.13386485806256118
1.3934655598508583
-1.4646307737255688
-1.0388161774523645
-0.13264273729664405
1.3538897160523387
-1.4503562308224403
-1.3400421404818328
-1.0653367535387661
-0.06440639053737247
1.4016143756400326
-1.4275013046699934
-1.4581041072132257
-1.4315634800179406
-1.493754867219186
-1.3187480792702724
-1.0809343644928946
-0.08908091963333895
1.4645326278507191
-1.3879794380206152
-1.2866851369369903
-0.8647016587026023
0.47687593871972106
1.1386433359222208
-0.5001133308042343
1.182345977220379
-0.6983473407261735
0.8752738112138015
0.35338261358022877
1.1733677589588858
-0.8106650274208649
0.4224113143102763
1.0950969269576256
-0.501253795406205
1.1033962583687464
-0.43552758965092214
1.2528479160574115
-0.8041110456197538
0.637314740008028
0.7749636509560235
0.4512291340840607
1.0355265753461147
-0.3291715339693919
1.218232500432403
-0.850429304489539
0.4327991747768565
1.1321379956764641
-0.43330848451258946
1.305072643260651
-0.9138193361345595
0.15502125334713843
1.3057011982167968
-1.0424829735728316
0.17042627503256982
1.3327289840735237
-1.3600203394852717
-1.3295919495217998
-0.6184267224562541
0.8987942263333116
0.27076875932056144
1.1662281142370505
-0.9354437592312574
0.39438376401682423
1.1751104528950995
-0.5535373658375459
0.9960669924088047
-0.17770886217601786
1.3516765103591812
-1.3411285120852436
-1.1565035915866027
-0.3444030415265133
1.2343037522175877
-0.9114241522362111
0.33121657819098477
1.1992462847825875
-0.8879026711651709
0.4241915218832707
1.0761950148498027
-0.44276450055157496
1.1418301493228287
-0.5077720763067993
1.1630524001037421
-0.546193233432671
1.0979792553997645
-0.23785187929718002
1.345336974127675
-1.1647960610507426
-0.4884233382755367
1.095590061142826
-0.3507571051800091
1.1770268626489955
-0.7991516791396154
0.4092413617554426
1.12637935468791
-0.31431786742950457
1.1914555695002265
-0.9466005427037517
0.31530074864007396
1.276126372923623
-0.9697620041302296
0.21304869631235862
1.3192288874308127
-1.083171626373776
-0.12513797254557882
1.3204158796595014
-1.279420918955867
-0.988354867511128
-0.038270024845824195
1.3656844862044026
-1.4355070364526978
-1.42551416948334
-1.3706367038490463
-1.1814143431578716
-0.3142604461467095
1.2674309738420344
-0.8198321823965871
0.4551980494404713
1.0125523152893854
-0.2605827498218514
1.3542601040657334
-1.111078701327404
-0.3854112744729945
1.188345265402172
-0.6101598987759208
0.8340980121508229
0.4981781474726621
1.1199165417779826
-0.16405784776721216
1.362866858105088
-1.2525855355702542
-0.7460679269212227
0.7271915247634873
0.6040481211211914
0.891583670601011
0.413766632811162
1.2300915292193442
-0.5230686260147582
1.0833157473282986
-0.05142619225245546
1.3447827307835216
-1.3602611532867095
-1.3538627469810636
-0.9378692995252563
0.16594011275211357
1.4144189943270995
-1.4276015026776212
-1.1452180621824986
-0.21443972948303647
1.3149133998208904
-1.2148402692773304
-0.9247354383137231
0.4372724765308543
1.0886875270673637
-0.4039629984901922
1.2009652919859068
-0.8098588148325749
0.6631792515169246
0.8067447710669458
0.5281485122798603
0.9881471485211974
0.21744473565009417
1.312716622689281
-1.2482648001861698
-0.6892971895595947
0.6180277870788774
0.7489759953748278
0.631065071082357
0.7630146266893175
0.49016255880894166
1.0135430087170507
-0.12362215798444115
1.3911152154694033
-1.444268306223842
-1.4563768478986938
-1.4485412285841481
-1.4628600237744755
-1.4274172198750887
-1.3964329680477272
-1.356896085707222
-1.2962763218596889
-0.9537358643275355
0.2570083825939699
1.3563125073376885
-1.0444390491057296
-0.09538206085727868
1.38392575913528
-1.4736022985547828
-1.3821692778588812
-1.1746646052289509
-0.36636129774174847
1.2473832047162932
-0.938862282467357
0.22199764482127737
1.328903530841629
-1.0464370978160373
-0.07100234061911727
1.3336845304464826
-1.3974756203526837
-1.515469972991743
-1.3577936203191658
-1.3588157160997454
-1.1947517378982593
-0.1765083490406418
1.4132584377397508
-1.2682740970763042
-0.9738110824616069
0.3577420897533099
1.2246977981922504
-0.9610746184537414
0.3934018012156381
1.0766245556165346
-0.3306631801202666
1.2780035842329398
-1.0238316207760636
0.019934249229175197
1.3747768903771125
-1.3746268774456003
-1.2719756952710874
-0.6976837184907454
0.7094881123981319
0.659338994182394
0.7641629553651332
0.5655336149382593
0.8405796154111708
0.6007647862158296
1.0029667965577396
0.16551322999838022
1.3751851000584756
-1.3501460322202588
-0.9103051397594478
0.33038708072852224
1.232738809081652
-0.640256701043824
0.7693891914843094
0.5189536679865386
1.1360273730104817
-0.28858097923185255
1.3666445458208059
-1.1549099042852
-0.26569642929525206
1.26718180594556
-1.271419199212382
-0.415261288200364
1.2228694776458757
-0.5929906356388617
1.1403054133374062
-0.38754384937383585
1.166119384171016
-0.6118956030797145
0.8015111651580785
0.3628191059119863
1.2281719463286684
-0.6156953833500997
0.8623640752707784
0.1520073232585036
1.333589572934002
-1.3035617296999582
-0.5652873667247852
0.931418155862801
0.024268065495257018
1.3981407737100207
-1.3962845097407188
-1.3320217510646557
-0.9070473063935621
0.4987763171767159
1.1163079405807335
-0.46116708199585116
1.0894325429411866
-0.35854805378835997
1.0579530771984382
-0.5668950594719335
0.8756521790699188
0.14491160164087105
1.2601252930250413
-1.1468768571647487
-0.38212560062962536
1.2285031030257554
-0.7387798304677878
0.5822302542683897
0.7821499915462671
0.29461875967710804
1.1517963914131448
-0.7461625318357731
0.609202014933193
0.8162700645897832
0.3398327871656516
1.3038125003800067
-0.7966591125372247
0.5822619166020013
0.997964200730026
0.20552435625031992
1.3925251131167595
-1.2900657968015374
-0.7040116077645066
0.7970117436290887
0.4971919012065698
1.0421001920631936
-0.3163052706616857
1.424324648556452
-1.1243341697764104
-0.5252918417724555
1.05010474857095
-0.2470964623851905
1.2614511758575997
-0.9222849578552259
0.3300609486525913
1.318956347135906
-0.874509474972189
0.37194644332021687
1.137972544749852
-0.5192072293458879
0.8854846608121077
0.1255603285090114
1.29493761221554
-0.993762659541463
0.08644490978768593
1.4316721579582816
-1.2738730520293888
-1.0402658028346905
-0.1232592845376818
1.3709700643542726
-1.2503440246495934
-0.731364689158202
0.6300026082409063
0.8379755887379633
0.39440769438936535
1.1842861666732325
-0.6179710406651537
0.9262965362933707
0.1820009791842045
1.2976898028834185
-1.0625524305745564
-0.2663324029654174
1.3253141236912158
-1.347766349822532
-0.7513164746785568
0.7360337842283345
0.650054222552665
0.8578533781612668
0.49287300154808367
1.0152589265386727
0.047571761129304745
1.408959443222436
-1.4556471936403337
-1.4962444105849655
-1.424670553405191
-1.4444391830632823
-1.2459468252499672
-0.6702130351846608
0.6464593446287137
0.6509410427789778
0.6878538621273973
0.7350040882152427
0.5661426748469793
0.8345160713845555
0.25483575822182025
1.3204265940431201
-1.0833078907346263
-0.16155639279050343
1.3721971405495963
-1.4698073512186995
-1.3309135488082935
-1.2010891204160379
-0.6910035913977445
0.803271472230608
0.37203693331181265
1.1440501079721053
-0.37800943311834184
1.2845841518403505
-0.7715989546984663
0.6179018879385211
0.8622266999125993
0.3245705042735335
1.3151085154782929
-1.0448892736254407
0.048194956426623414
1.4043148428991212
-1.4030488529819558
-1.2597340746333385
-0.8058712317771991
0.47673926062713406
0.9974615008561616
-0.05503283636363279
1.4111346660470432
-1.4421160441327714
-1.447706152603121
-1.3142585442584658
-0.8406829343186232
0.5468230383899361
1.0411630649884716
0.051836218558435135
1.3723756441321837
-1.41618794578802
-1.394540474355892
-1.36287660747118
-1.0551542263854548
0.11668035308672135
1.2917061356343464
-1.41686489376192
-1.2778744288660024
-0.6990676149128401
0.8664130144943643
-0.02157215028346908
1.4029953675375744
-1.4129928446067213
-1.386004709372216
-1.276978102192243
-1.1225276729185651
-0.09939417882164227
1.3738662064163176
-1.470980641347943
-1.3953539362146663
-1.367836050144501
-1.2115634074915593
-0.4179238272582892
1.1513920607025427
-0.6310061372277567
0.6976499050383075
0.6713833097715742
0.6685907359076627
0.6605765919971601
0.9150600798358012
0.2803360072623519
1.2619619297756253
-0.9419565567029211
0.35859844301430505
1.1952511792016483
-0.7489534799922467
0.7679815783837995
0.49609434554541165
1.0379544169934989
-0.24647384980498907
1.3329097012322686
-1.2788360451380085
-0.7891960982320251
0.6113918964263583
0.9695720958784585
0.15383774410440967
1.4211779858203697
-1.2828075307374365
-0.6317012564281873
0.9446226558219438
0.02363442122916769
1.4187498549077793
-1.4069208333996637
-1.437632915110171
-1.2559856639699127
-1.0441299721144395
-0.02942946439789121
1.3724102164146372
-1.4502966077956483
-1.3344815062508475
-1.2234719950389323
-0.483740188104401
1.0833949340945779
-0.13482460079910596
1.3109119086093741
-1.3859502397212653
-1.2057773275846237
-0.47603253051363004
1.0282239634021586
-0.2631990893310274
1.3387379474536378
-1.1278569798129057
-0.448059245680914
1.2880017679307691
-0.736338197662816
0.5251674299809472
0.8630040750716436
0.2563744523751557
1.226159064217459
-1.015716310997722
-0.02029848200435329
1.4120762504675843
-1.5449341205281368
-1.3716987028531153
-1.3589334220898484
-1.1397906570851173
-0.264177019198919
1.268705003688238
-1.1239272906995894
-0.34988066657515776
1.2951977296048027
-1.0014433410756283
-0.08249510229225229
1.3334257086877432
-1.450430552997949
-1.4341599879453857
-1.5330179117326048
-1.3409496005968042
-1.034431747987808
0.06886931071000756
1.4363261902552076
-1.3826773934122967
-0.9458629765906112
-0.0049634761436563824
1.3916786671026231
-1.389788651248751
-1.4784853587119404
-1.4081544063330054
-1.4198913720826027
-1.3379113539508438
-1.0015917184612264
0.016387179879380327
1.388751583772666
-1.3567364611227632
-1.3342123447677592
-1.0935526443031949
-0.1695304656488573
1.4030729791290202
-1.2424414087609954
-0.8198105313221692
0.5467110378570048
1.0032631286808218
0.01137491243889734
1.3641938758544376
-1.4233219328312516
-1.4798972371196977
-1.3428167560369542
-1.192995241777567
-0.7633445366086097
0.6449502861986867
0.7897720354154656
0.6305355153556818
0.7075673434523422
0.5671865475557467
1.003551437287922
-0.0018390671789772042
1.3717556813373233
-1.3963158816747656
-1.3841493629359884
-1.2996186162474819
-0.7883499837639336
0.522061887991294
0.9163487725906345
0.20627024791546458
1.3538690136170635
-1.2530799773040386
-0.6049333767547534
1.0385784682364803
-0.04447833460442505
1.3560825097708864
-1.52152780326544
-1.4425940926010148
-1.4166685067465397
-1.2701671495474947
-1.1450359196037034
-0.23437781058393453
1.3407096098987468
-1.0431540292994683
-0.24003791694458218
1.4151216265294377
-1.2698461684683247
-0.7790702932187575
0.6754087055186385
0.8636513921073806
0.44660251914441096
1.2366432655430106
-0.6480893129679749
0.8331640277439006
0.42070390326704316
1.1416903160964238
-0.41877319910343547
1.2768948261198065
-1.0652730455005028
0.11978709374138521
1.3739256040054264
-1.1980005668273561
-0.607652410415209
0.9471327150076329
-0.09177199707846634
1.414898861415427
-1.5103210870725856
-1.3937527504944145
-1.3132919368147227
-0.7376175142422001
0.4894446923230469
1.0898888636447108
-0.07395164826815476
1.4161060893316701
-1.512772187024201
-1.4389372779458676
-1.4142153513407782
-1.2309261270117717
-0.5727712499181806
0.7706479762523971
0.27947072829013503
1.1664762486019589
-0.7163713435588412
0.7537150698721775
0.471805619465105
0.9794547781069132
-0.1406968481654175
1.3909394695908133
-1.362200523548194
-1.3310237620608698
-0.7618796347704653
0.6469474720113576
0.8109446175567014
0.2549413265039934
1.2410062107334363
-0.8740707876674143
0.4896800693346802
0.9854269044770841
0.006461554473556119
1.3720297429989479
-1.4599023523750911
-1.3702332419538616
-1.2235218669366061
-0.4478674964562783
1.095093586269695
-0.5319263165852143
1.1362123489367952
-0.314477325345452
1.306542934025215
-0.9723296465024772
0.24741987552445371
1.2212384888237429
-1.0456757292493537
0.155125990804121
1.3306933770712817
-1.1002159030702412
-0.1865093319148097
1.3430213491858591
-1.3010512814513122
-0.940518678854854
0.2659027716648829
1.2685453783656049
-1.1094625312072457
-0.31187688964466076
1.3552378901789137
-1.1321100454342083
-0.1822337023688717
1.3551400501030342
-1.2971773782729088
-0.7483630564582676
0.6486710755691785
0.7670078822713183
0.5502029010038098
0.9829416557217067
-0.168136247219573
1.376460487218549
-1.341881934374436
-1.202852838057191
-0.5479099183337983
1.1723033713188344
-0.41928035713658873
1.1890838354049342
-0.8059850508199504
0.6594468060771098
0.7533726138462599
0.47222240817754063
1.0442540723460554
-0.28085952995292374
1.322523107144573
-0.9084771913148179
0.0792837691447452
1.3685141643083856
-1.41289338721553
-1.2869992974146596
-0.9961291510149314
0.16708020667596152
1.3602315304004784
-1.2429528858879695
-0.7198305497338318
0.6700376941251656
0.7303402107986966
0.6929150161004021
0.7289016493793566
0.5545256346218047
1.082521294897324
-0.23487823350512957
1.3828227381640776
-1.3227208429923598
-0.983120539045174
0.21529681491220612
1.2399652807891823
-1.0930868171860615
-0.03627706686842312
1.3528358521252897
-1.3770028798283969
-1.210231473690232
-0.5255825745840244
0.9538907296109453
-0.14609551728045223
1.354051875033571
-1.4142392708244305
-1.3610783240259137
-0.9539233665169897
0.3496705666196896
1.1611237550552915
-0.7615556029575622
0.6790365970508833
0.7564193128334353
0.8059751482861535
0.48240025895773536
0.9456425133840514
0.040700834822432766
1.3399243145016682
-1.4717472751247043
-1.3127190686523151
-1.0312636214453574
-0.02334354732084634
1.4040545991462494
-1.4758553047470033
-1.4670356317650028
-1.4618747556221587
-1.4941059846012177
-1.434718761065628
-1.4158890938861208
-1.0593633571802945
-0.14954635557151452
1.3600007658605073
-1.2709745073883212
-0.5144032537055391
1.1538242407494954
-0.1863548101612528
1.3434448224902384
-1.2496216254921293
-0.5829349714469835
1.03131198602093
-0.4248034064688352
1.2102611273531279
-0.9973347117232297
0.367087058181318
1.1705024561434698
-0.646696996180096
0.8565707838235664
0.270275582876233
1.4035690718088418
-1.098167723158831
-0.29783189749432226
1.2733540550260813
-0.9684927828924722
0.05664842111015516
1.370077731183794
-1.4762665734884546
-1.321314255041692
-1.1729983938823223
-0.25014391227841765
1.2932997991445987
-1.1680693787468195
-0.5617783526110923
0.9841833867365261
-0.18996729746497928
1.4398972126776541
-1.385907536826671
-1.2118283132670151
-0.6181368534426791
1.036779457404299
-0.11949286942833554
1.4219065362032437
-1.4239786313216027
-1.1445202700362134
-0.5216558124089036
0.9899147455399429
-0.15309227916283574
1.3647954206517237
-1.393791596673727
-1.2116878336654535
-0.4345917686817904
1.0868292411650784
-0.34917199789625164
1.2798919931499046
-0.8801909695965779
0.3559664692592949
1.0951466423268854
-0.4385185180185587
1.1709046050736547
-0.6970885419862337
0.8670490474113025
0.27952342299906413
1.309029956654459
-0.8713958660149118
0.30539318728305215
1.2748250744455967
-0.87369239934146
0.37162372510178715
1.2069049474117628
-0.6768564866867993
0.7087403479133555
0.6840253834657116
0.771736042052775
0.5340901479368587
0.9696078633941748
0.2932316254324238
1.3933014195561637
-1.15867676263151
-0.28578789192480525
1.309667607815572
-1.073693351138136
-0.3711447934944358
1.3271501608324585
-1.0814339118810676
-0.13263286008948197
1.334131138339712
-1.4090277236450264
-1.3208968411676405
-0.6932810151445225
0.8387842916222601
0.3937626129620148
1.1017236789814155
-0.3730051183799083
1.3031479468954832
-0.9102133914513104
0.2670809605236754
1.1836521145993484
-0.703957726696191
0.6679386830592082
0.6859638876352466
0.7153163535648452
0.5439674207837994
0.8781515925007134
0.28401693852780235
1.3205859716718706
-1.0245224407674065
-0.17495524748505376
1.3542266616299665
-1.4004818324254578
-1.113952169300885
-0.1379610126658291
1.4564855127223952
-1.4363838310203867
-1.2167371038674257
-0.6664049934599183
0.7309134987872723
0.5449069434124473
0.9609799860669429
-0.09237353694486597
1.287548369378844
-1.4213333900376386
-1.4576122996925247
-1.365173868985088
-1.1869395674164542
-0.5338820239605125
1.0981241014076237
-0.2975533229681203
1.2728523290562905
-0.8937271732883706
0.4049036478101008
1.0722280922654441
-0.49657400447465017
1.201196992772139
-0.4599746686144787
1.126686682393344
-0.751726704233685
0.7596502592752503
0.5453291495127535
1.0112796818682244
-0.14632247027076756
1.415543489019938
-1.3559314553227917
-1.1723479375759818
-0.4494293622793263
1.1659537091167158
-0.9041749428423758
0.4426284047193412
1.1030367230222222
-0.4202729017646929
1.2198010438550808
-0.7743921716124672
0.46997866924182624
0.8568968223445094
0.15846324460742434
1.2390521605143945
-1.1780465995053944
-0.444250132563357
1.162796920938639
-0.4864531508395837
1.0145304117449243
-0.1953221234729041
1.2867328948354133
-1.344966165848203
-1.0229414274513369
0.0018373419555554513
1.3787858866886091
-1.380921683611433
-1.4597262107337117
-1.4179432190008479
-1.4302028768958062
-1.395610148107823
-1.339791484623929
-1.0814986971242058
0.0019460830310501153
1.3712227586665389
-1.457125997032494
-1.2281004998026708
-0.7208022739170731
0.619732340866357
0.8573684099713833
0.26741739000140685
1.265939853429172
-0.8857968479100787
0.25242797383756577
1.2899898350751589
-1.1101623772371825
-0.34428702836832653
1.272661430468087
-0.9651919073289413
0.19912285389786816
1.3009444068296994
-1.1747278329858133
-0.3924159852349838
1.1909328994387807
-0.5390692411605732
0.948206366087745
-0.09406024886756771
1.4099862754389823
-1.4378916672902493
-1.3817415617663573
-1.1895553586307257
-0.4288933543403088
1.1277261760413761
-0.5204820604403713
1.0757641774627433
-0.1875005495489214
1.310678831249387
-1.1750412413129836
-0.4835067546580181
1.065798463137735
-0.15807582107981596
1.2720368477985746
-1.295139972831871
-1.1943346065134264
-0.4309841588584897
1.1436507037842405
-0.7078806819606515
0.8140737432695249
0.19137497992551225
1.3133570789274265
-1.066841704920611
-0.2104367105022278
1.246153120407357
-1.2412988773693718
-0.7218759341548838
0.769579341767933
0.4987711375517826
1.0384741599373237
-0.17218989457508876
1.4313513104274371
-1.4182757502612382
-1.096528671646722
-0.3668679163370633
1.2762012186647853
-0.919639492470982
0.4576548704415398
1.1368913526553228
-0.5966531999916641
0.9145397732551187
0.09468665184913927
1.3784334172790664
-1.4720037456110695
-1.3238390690691468
-0.8920090540423329
0.13187506658948345
1.4251271332931577
-1.2255488863424338
-0.6708906790771297
0.6324944645518169
0.8651810873805779
0.39324683930880894
1.168033319319171
-0.6960473974874581
0.5540899936786305
0.9180921494005421
0.28046088312256484
1.1977073821821786
-1.0045801086714414
0.2948637824713289
1.3117714424053173
-1.0419959238809418
-0.06457700832191453
1.3687277599773113
-1.4010621656636968
-1.4280440623221844
-1.4031650566536862
-1.3385758715952283
-1.4421828707589455
-1.3611712800810507
-1.0608721409745636
0.022964664681261574
1.4384711076868835
-1.5273115627604001
-1.3593862568730235
-1.395098323933229
-1.4439725398700787
-1.345294647456837
-0.8857613963869406
0.6180301848350616
0.844816014150595
0.21832758514143996
1.2789561105513296
-0.9105249904230586
0.24594380155608198
1.3512555928944063
-1.2058844941558595
-0.33891501071483576
1.2894642802220755
-0.8891821370894338
0.5722623249080662
1.0175584000694624
-0.11856340257125524
1.3340442401427615
-1.4719175677792364
-1.3427078507299783
-0.8447810460216656
0.2636382326571874
1.2225327008479607
-0.6110315703098496
0.8558265279381839
0.4996450849079357
1.095874247612924
-0.42766691693490466
1.1673320903760256
-0.7037936601866753
0.7377572786159942
0.6033099894756971
0.9366322162178924
0.13589891468058612
1.338982743200617
-1.2991767288705809
-0.9312840367733768
0.15119994458196878
1.3609130491401533
-1.3007285733505733
-0.7005002835257377
0.7673891043740155
0.4920492041555301
1.0142232239780746
0.07125546878795364
1.485865866795705
-1.5328924721881036
-1.442384908433639
-1.4355016430789487
-1.1617863602200096
-0.5841508240419279
0.8995626796466972
0.13230976485194895
1.3738053726896884
-1.2936320793920573
-0.7444264338054802
0.7959566413184518
0.5418260624736657
0.9002396877972288
0.2173634710903176
1.3152791825325787
-1.2732411778117156
-0.8051894368150744
0.599946947954336
0.8680470641600477
0.24577431579233958
1.3220153615829027
-1.083806877621942
-0.3125371332767857
1.2336790508365663
-0.880963138212361
0.36975215416332174
1.2266999360575728
-0.6060679640758695
0.9569339914841947
0.2535975467182931
1.2120461866307572
-1.0448627222949318
-0.04058413798366456
1.329125787050229
-1.4181885272215113
-1.429524456815812
-1.3907334924900476
-0.9943719584990041
0.013789074634400962
1.4387865323890128
-1.3593451074775806
-1.0675390719278255
-0.3860699035469107
1.231220341410743
-0.9439388450455732
0.40124329293640215
1.2698985766840873
-1.043287959616082
0.13119243627045726
1.2307585613368437
-1.101985497947404
-0.2014298350605354
1.2788196908631304
-1.244130228550346
-0.3109995963806775
1.2692517149559768
-0.7480288442967318
0.5694351821299274
0.8469055286447894
0.38798503802616957
1.050030470653909
-0.3634560497180914
1.2230197561903997
-0.9007089820936245
0.2786133941601408
1.253661136960161
-0.9064981420813204
0.3863422906850022
1.2561306552408331
-0.713194923102065
0.5474109497249553
0.8324573573977431
0.28844627090253183
1.2545286691344055
-0.6981045226438088
0.738519292088772
0.5535428359212697
0.8667467952300278
0.38532387383754063
1.1318731405402989
-0.6450903219028953
0.9409175778441056
0.16600553840913407
1.3104784325273235
-1.3150480409798853
-0.8363815686507213
0.5366148752475518
1.0130029063558732
0.025230097272082877
1.3151986666189337
-1.4223314758795724
-1.4109054373267018
-1.3671302980419295
-1.114727077423213
-0.2278343096892551
1.2594803243837909
-1.3150962401619137
-0.9414439558417351
0.4157657638403859
1.2064781093303587
-0.4366624615516497
1.0709382053589238
-0.4167316633473736
1.2012943489447554
-0.5322041200611589
1.0815961071370035
-0.22560618711530406
1.3842163894867736
-1.3260576043744563
-0.6976724971478686
0.4807300300356674
1.0580960788114795
-0.11645321862624046
1.4081749612801266
-1.3512355371911549
-0.9260815873699009
0.3656379211281794
1.2768429396672873
-0.6017158354427325
0.9592728832477249
0.11632263325366353
1.4181475684796323
-1.3294138576097956
-1.1808303293215343
-0.4569064490020685
0.9652142972039321
-0.13680065211033166
1.4292197122485344
-1.447981235355634
-1.2833305940980348
-0.5693012843840916
1.037356365951366
-0.06442587194878263
1.319333905272728
-1.4831430189176031
-1.3566157585707104
-1.0679094461414897
-0.24207432646747182
1.3919153805715776
-1.35677837543668
-1.0262680452578767
0.05231723794595165
1.3752330946075508
-1.321356703889646
-0.9608018325984565
0.1303001435228744
1.1797604834675008
-0.894075820788973
0.1359169948999483
1.3966143723863538
-1.2372711134081493
-0.9342971580574254
0.21565650085750254
1.2812575851600077
-1.0151666832180035
0.20096799682369598
1.3270198802733486
-1.2847558771298317
-1.0418170407800436
0.08002714506192525
1.3024188825617007
-1.4637758680048403
-1.3413174330685111
-1.0137084012627913
-0.05193735096780448
1.4036910644200455
-1.4634053114745933
-1.4213866833806375
-1.4216673473781511
-1.2370497817098942
-0.7986078043709189
0.5367406956235853
0.8463279522762882
0.4509696526866696
1.081685801214204
-0.3364262289758559
1.2247779466788433
-0.8107286776238257
0.44569404374487137
1.1232378532116192
-0.3865526876070704
1.0881002732042686
-0.5708155007938397
0.889879159950617
0.27598683446683775
1.244594564291621
-0.9115645905746214
0.09609290537463751
1.4304151486772165
-1.3663836047623208
-0.9878671850381684
0.2097140355686462
1.374045416563071
-1.1570956989730643
-0.7282512041100464
0.8639041188970745
0.31114649844310577
1.2167582220138784
-0.7251312516691679
0.7375686374754128
0.7260039839500495
0.5993064182982414
0.8227692445451642
0.3566716941632843
1.2144893607486686
-0.7013386932600779
0.7616874751484234
0.43177199789903703
1.1825795408205506
-0.3253166150191477
1.1937911612699328
-0.7214150045264597
0.6625187207716522
0.7725342724245607
0.48383993597963115
1.059828719272827
-0.31501156953196435
1.4077662223750986
-1.244812733893087
-0.7102790631241336
0.6035294997779586
0.9002993034385228
0.23801515518543387
1.2965300195314018
-1.0859160039345557
0.09305791617584792
1.404815659686222
-1.437733774957231
-1.265382958827289
-0.8808649455497748
0.3785880031737253
1.217999828563732
-0.6294264923236131
0.9112452957141565
0.2098661813424745
1.4145595161460474
-1.2271188564129563
-0.6298386833008052
0.7977155062009785
0.29969145786853435
1.2495674103596808
-0.7899318228372548
0.5196180982395904
1.0343213518066448
0.019916571081146642
1.3337482125385351
-1.4228096124324312
-1.4572264075384804
-1.3519065619063177
-1.46275852161657
-1.363947983573451
-1.2146575411124967
-0.5368127496125107
0.9782283345533556
-0.10530281649988651
1.4639501899935001
-1.4461649518665052
-1.3880145457514916
-1.2375181514829183
-0.6623842126527144
0.8439164996951477
0.28566325135875786
1.2069140796101103
-0.920027224516275
0.3307049232338853
1.2764320918200163
-0.9012494071244199
0.3051339768162856
1.274764051948065
-1.1078102123626556
-0.18283781461537246
1.3116810620452746
-1.3224447626084308
-0.7849631423840532
0.6730006417269712
0.7848688542429553
0.464790997758659
1.2109859622778338
-0.5487266387548939
0.9532902260847201
-0.0022290050090584164
1.4442752686432359
-1.4374919319227801
-1.416288651459129
-1.432847492254551
-1.041866001991005
0.10913385680842808
1.4387703234189617
-1.3646734124346402
-1.320399420871834
-1.1625065227440592
-0.32058498056954476
1.2336390995467708
-0.832566468200002
0.5652111222801649
0.9774832336468178
0.13436477688282197
1.3345968765820793
-1.2855354206063847
-1.0047339760685818
0.006894565194141667
1.3224929834966332
-1.3875320297378397
-1.4073861769588887
-1.256352356085611
-0.7999540645599553
0.5719649818053683
0.8873674770820542
0.16006069919434548
1.3528563772917357
-1.265404662631514
-0.7097478643151773
0.8960278918313485
0.5173751800768948
0.9036667718200534
0.11365433733541239
1.316539522773918
-1.3815172055344076
-1.080223779286228
-0.1643377751549779
1.3060520820510897
-1.3820706268388108
-1.0848119386794803
-0.0811699185482152
1.4489233278746825
-1.4265646714154663
-1.388098753410086
-1.2783947682311987
-0.7588051398522502
0.48999424669432495
1.0350383735372757
-0.040057724226999034
1.3993282563049216
-1.396721341268853
-1.2888722234562937
-0.7136071171979992
0.6863697632260704
0.7732009774888756
0.6063172195845522
0.7770391753323547
0.508180718285959
0.8834727678970454
0.03730542847872945
1.3688590513476873
-1.3744508714075743
-1.231644869232479
-0.5050392278699872
1.099466633515475
-0.25147312034327535
1.3534884378464147
-1.2406589593600348
-0.5483308558751316
1.0514956634850174
-0.12939577453250115
1.3371790830858143
-1.2940227180782407
-0.7359221653833244
0.679948855913159
0.797015601860676
0.6084930083306025
0.9650782130833702
0.06638688926907105
1.3914381407648864
-1.400984715154912
-1.2710602558595248
-0.6096946344589981
0.8142510739248361
0.33535404147244813
1.2353384076507932
-0.9070735405641711
0.34253996050054497
1.1289463955870866
-0.4546427478858538
1.1391012287954685
-0.43621927900316304
1.2731547690543115
-0.7615238726771022
0.7181374950073681
0.5945622473397275
0.8158866215870978
0.41924823119522264
1.2100171817234626
-0.6371411452891644
0.9065698257280775
0.0983381643917103
1.3915883539511473
-1.2959767670203635
-0.9202718792968475
0.16031263423893105
1.3169010231443101
-1.0021901452323492
-0.19035553379046757
1.367873286079736
-1.151493068746427
-0.4910859420164159
1.0156451817028118
-0.5447426884825771
1.054364662668746
-0.35498593264899897
1.3218916681475392
-0.9370718772834133
0.12022395836792961
1.3261012700617254
-1.4220970495108074
-1.0653935358014461
-0.2816670565517553
1.3863253825643052
-1.219250438213599
-0.7601337940251033
0.7574414091700113
0.8446389724734695
0.44173355134821307
1.0969488857932503
-0.39567041881205645
1.2326616397055519
-0.7234025719383798
0.7926604979573392
0.48176684031141537
0.9292200019289134
0.1002887707655821
1.3941916819924238
-1.3125967445888644
-1.1671748856688917
-0.49065713989715326
1.1268247188870373
-0.3438906682965663
1.3006312195622702
-0.8385852355025337
0.42601551491557577
1.1996623847575172
-0.6204972513209365
0.9323657711821176
0.1367341333509706
1.427016291449167
-1.3858837483579027
-1.108761641156355
-0.16834357623740778
1.2913244279413658
-1.197910158803487
-0.5952082493126829
1.028890356629383
-0.026289001794287226
1.3494742963499142
-1.4596309422526486
-1.4635943286046333
-1.3989101193924827
-1.3227112691793101
-0.7890865159477077
0.5420324850320927
1.0019896239202817
-0.12568711374279268
1.429923334652419
-1.4319312757227216
-1.3511634685340417
-1.196313981384896
-0.36124769549810193
1.354151151863825
-1.1298003503898895
0.08867065045345733
1.4346938497380004
-1.355658936298255
-1.2573000258010447
-0.7490440014266186
0.7641158214018823
0.6389940672725404
0.8508854841191835
0.3754356979884022
1.2142933160784013
-0.7306140831281781
0.8438970934512838
0.42599057396286355
1.0692338667392476
-0.48108660045842705
1.0424376690184318
-0.29700299829129617
1.2313406133238138
-1.0086320096964974
0.1663973423198126
1.4037763357690143
-1.1390631553889714
-0.6694124334596445
0.7887596118401273
0.5273609307750029
0.9948865584568269
-0.13089963949916017
1.4236623233192645
-1.3931913595606091
-1.1709996079329257
-0.6081334946873937
1.02253042870052
-0.14078648349469014
1.3914536170743106
-1.3943510006181552
-1.4289858906877204
-1.2865067046904481
-0.7980271433586342
0.5676175689962261
0.9962174480649992
-0.06381010043527421
1.302414402419498
-1.3936966418886798
-1.4335368397228512
-1.2906669135517579
-0.6813829698745125
0.6625523757889884
0.8105699178380028
0.44336814540909547
0.8896873622741841
0.09931282015357557
1.4495301875572275
-1.47787903228384
-1.3181370998686675
-1.2470229855469026
-0.48208244875059325
1.1366261536114814
-0.5015419349354543
1.047798074330265
-0.3634273837357745
1.1957972524748899
-0.8946481715352279
0.24109961289511056
1.2957378547927367
-1.0291940316227393
0.05282556003097846
1.3477499331779341
-1.4655616969527634
-1.1986511273553786
-0.7550300747934775
0.5989055247987259
0.8780922573700917
0.2579315433141081
1.223566488591761
-0.9287089058415717
0.28891299881954136
1.284076378705319
-1.0842244089472464
-0.03193299984471157
1.3920506543814182
-1.4755999932291541
-1.3954641082721475
-1.3711303630553644
-1.3226858922596467
-1.0632505856228738
-0.28756996459868883
1.2456397031613404
-1.0630465838858958
-0.10143608941907152
1.4238684741086596
-1.4590670907981802
-1.4154258127838788
-1.2318910981591165
-0.6612254039012337
0.8113988283481578
0.34867239488534324
1.1464172302086957
-0.5286511203590877
1.0338575542412123
-0.08323426635705093
1.3951293123173378
-1.443372047841669
-1.478643944930701
-1.329006353576668
-0.9780892382937026
0.0901264089761682
1.4549563103690415
-1.323886579373985
-1.2857133528222666
-0.9520419407245461
0.35913154893797045
1.1770670028930326
-0.6234491307148935
0.8862002836548356
0.053301271276693055
1.4316546491591695
-1.4836505389864867
-1.4182108978770642
-1.4856865942780395
-1.4242689985752703
-1.27277592128997
-0.667046561918204
0.8478047919358602
0.3876641667744717
1.2258120078443717
-0.7775132871450361
0.6223082188051374
0.8254793639050061
0.3382379128632139
1.231622108575728
-0.6650883434566662
0.8328477789897061
0.43881243113112595
1.2228016610946768
-0.6868514320383889
0.7156534836541877
0.5671046587200882
0.9518033404784132
-0.07281673710524639
1.4627619136525833
-1.4570276004685958
-1.3610663237417369
-1.3058449108915962
-0.8560278759934629
0.4810817687069848
0.9502869572100592
-0.02531196407423668
1.4181773658817565
-1.4374923391549297
-1.4432735099628093
-1.4321474213869738
-1.395827429758061
-1.4454383552988237
-1.1659343821744608
-0.4328392285263932
1.173030439041904
-0.4239456614354332
1.1196154788084718
-0.4919944127077085
1.0860164696836008
-0.39880822437447894
1.117495229393834
-0.4258909310645181
1.1253593553839298
-0.5927020218642233
1.0623138512696062
-0.35039191857455004
1.3061123198203253
-1.0055447601066463
-0.11924066564132749
1.3756810485059219
-1.5708886325833742
-1.5190832724875176
-1.398122708678748
-1.4957697110507244
-1.3613817139185098
-1.4066969688235604
-1.0796825829855679
-0.4594888871775726
1.1445575905722307
-0.6703744880523276
0.8265122587504783
0.32270961443115587
1.315013579926504
-0.9506840764295194
0.3784334261442929
1.11030270500562
-0.5269234128717764
1.033665903580991
-0.04060695987340674
1.458308238743925
-1.3902491158566848
-1.4876470193134153
-1.4067645381602272
-1.4313512383786997
-1.1929613385307773
-0.5549297488199354
1.0212687761608434
-0.05777557613162998
1.331963091712536
-1.4626392053647035
-1.3091072054171533
-0.9271971501922346
0.4510284035924036
1.144344616496629
-0.4713397867661098
1.2115635987638078
-0.4318199721491002
1.2322618547176323
-0.695920667035917
0.7734085798675492
0.3398401796332955
1.081285773561467
-0.2680129902350879
1.209052133186638
-0.9776248251087188
0.4124450167035643
1.1974477834672657
-0.7887945095910774
0.5875756981269337
0.8004957402881017
0.40995163862224077
1.2024758333414842
-0.6139696269740952
0.8928846300942951
0.22070741030532967
1.3399019124572613
-1.1743189309700452
-0.550622872862632
1.0422150808990458
0.01639068305918552
1.382983129341185
-1.4423965708844586
-1.4605349044381248
-1.413748544263394
-1.1561136048193446
-0.21299800865441787
1.40122888117859
-1.3749271909233411
-0.8726374276397344
0.5558697377382983
1.020411100536208
-0.15452025886624965
1.4037150452433091
-1.225586042739309
-0.9997696797521763
0.0892492410916914
1.4355448233568104
-1.3417757850915513
-1.161223573676879
-0.41576269143983646
1.136479577328753
-0.4626462559686629
1.1254558241829014
-0.538643226157418
0.961008476096257
-0.2654436713225208
1.294581385922875
-0.9959993041875574
0.03695583481068503
1.3254673114359747
-1.3908185292329382
-1.3307889360359233
-1.0943578311132143
-0.13645699908823195
1.366388004343894
-1.2820220810488332
-1.0077006399882995
-0.016628374710202513
1.389506354801116
-1.4682675488083987
-1.5151869008482102
-1.4277727407930128
-1.331430903337965
-1.0284073236376425
0.0670129527655989
1.3745203575298754
-1.4390976544462177
-1.4167261868761842
-1.2775848192000177
-0.8010713541385981
0.5031159582688332
0.8795017073625336
0.13999547496502626
1.3884617781716035
-1.3315734162358948
-0.9204493118134194
0.3052872969464212
1.2851818147951295
-1.0253805844234085
0.2271245077011151
1.3460077618103168
-1.1587513260021147
-0.4665537229445523
1.1565355328479454
-0.6925562653435134
0.6518973570375389
0.7238800745286794
0.7076889437056918
0.7097308384665785
0.5375789575857981
0.8954397589983262
0.2744353861598547
1.2327160426646486
-1.018185246606966
0.09083243206342038
1.4057479109887068
-1.371580124590614
-1.080733817072543
-0.308418081383149
1.2680525229897137
-0.9730358433682479
0.229921842041357
1.3359158361501202
-1.1940022714653291
-0.3939634935137552
1.127659623839273
-0.5723921775479892
0.971706975238925
-0.25679706344978803
1.3254537508873272
-1.1219178225255098
-0.40135976743269103
1.143313419163327
-0.4532159145042467
1.1304570938018776
-0.3843364782228464
1.2362582880719768
-0.709483043528976
0.6641990306078919
0.6395375977449963
0.6218298846875929
0.7169631420239911
0.6951465881807398
0.791335157421412
0.45067027049234115
0.9512179141895812
-0.09291107827776615
1.4726633696121398
-1.3360691869363504
-1.3573422738229295
-0.7691088726803792
0.5125340610638145
0.8211206487483121
0.3042408198479519
1.1500374049810735
-0.842473458571507
0.5242676821147539
0.9367776807392387
-0.11867689517444681
1.3908828643343867
-1.4145145853664107
-1.4081809470459814
-1.084796957459112
-0.3591420122014296
1.2220076390237906
-0.8305562857216222
0.6858450119335955
0.7417564528751158
0.6691032384796202
0.8888535636191155
0.30431583444962346
1.2478620135242
-0.8279220043728965
0.5286014874682489
0.9382888802016592
0.010647426454704328
1.3825603542020641
-1.481360857967924
-1.5016795416639914
-1.3884259482314218
-1.1602150886836973
-0.4051668168239546
1.0918473312235326
-0.4696698281231715
1.1115071371440723
-0.3791672243051446
1.2584749282134735
-0.7669651225099453
0.8102462289557792
0.6143096963940401
0.9443655538944944
0.03325538725868461
1.38611931690171
-1.4220902811219895
-1.3914717930220004
-1.2058233608112785
-0.5246583776016094
1.0965248587351768
-0.3771284817157157
1.2070515363097356
-0.733303720075499
0.7775809099400072
0.6491190779211851
0.7810846916124271
0.4388007929911744
1.0525134635794509
-0.17072031415788141
1.295297251715866
-1.3609520207967527
-1.0928262134388427
-0.44845363665560123
1.152706998280383
-0.653134602510476
0.9524575221176225
0.11636151188716773
1.4462817845191962
-1.337303931702503
-1.113659829973818
-0.29412141877217407
1.204670050304025
-0.8401229511153231
0.28855415971065546
1.2019888705858643
-0.7337214448132899
0.3602279801250343
1.0852088749646622
-0.1990098701877959
1.3421515791282133
-1.1973308141402061
-0.6843385523981013
0.8157340685848181
0.5082624843419734
1.0592265477526266
-0.26697731262395963
1.2831859966888233
-1.0635537886310122
-0.022785441350428665
1.368905424011349
-1.4757987324738833
-1.5404707366659884
-1.4550483344393543
-1.3437283752487676
-1.118852563827663
-0.23660944927368507
1.4014511914745023
-1.1210556546108195
-0.3655694292661897
1.2301081635699085
-0.9327198881324099
0.3145990902923218
1.18234199956656
-1.0000747709928395
0.19210923319503848
1.355272281536697
-1.2098461100533493
-0.5829570150117817
0.9909612809584507
0.04101376580909383
1.382055873624457
-1.4965308044333454
-1.3727711697249139
-1.3858294005058058
-0.8575889393595464
0.5593311307594048
0.9500153599304644
0.06339998285292947
1.3266891258000217
-1.4191867566127012
-1.3450152711856487
-1.3357914652359244
-0.8487675456123521
0.3645250674426679
1.1019382082141855
-0.5087707810990238
0.8593886823590539
0.18643306768933707
1.3660150876314918
-1.1201037483648577
-0.41668117309904634
1.1305949415712928
-0.5629425480158956
1.1448822968764385
-0.27272974999761407
1.34665055877933
-1.086602482308642
-0.17157395821310004
1.337024861237334
-1.1562133465925166
-0.3836022914874307
1.2748907021340419
-0.8268736843155584
0.4113533886473939
1.080525503014731
-0.12683131300543996
1.4204357115171804
-1.2771975619947367
-1.108726870367078
-0.4011107684247054
1.2542510535596523
-0.7514756831014314
0.6443907762585408
0.7740446476953262
0.39371970744272883
1.1007988608067372
-0.3175592528963578
1.261819508204172
-1.2005584836476872
-0.42090479479748283
1.1554414289232326
-0.5042319914869675
1.0672586499490166
-0.16915716121411525
1.3097107703414104
-1.2404220610394012
-0.7048367154182427
