-1.4491004456035708
-1.4411290403282848
-1.4082143566584369
-1.2719944085091854
-0.7800529586239953
0.6037740228173624
0.8575108696212905
0.32150176984346984
1.2429443220126175
-0.8283703247844234
0.4973504057463132
1.0289671442825712
-0.14399144816078677
1.3866460494072192
-1.3667955506526117
-1.13481591807704
-0.33258236118346374
1.2674793230568926
-0.9342322203311919
0.24635123727079508
1.3010464507016002
-1.055579896760947
-0.08861082115505417
1.3968180343247856
-1.4278288376327442
-1.359375827265785
-1.0947915689756034
-0.20950370788127431
1.3568805176278786
-1.2628775169271618
-0.7524946414436109
0.6598362761964477
0.745734034550155
0.5759658009392575
0.900193506099812
0.20613126749714195
1.3276270592425194
-1.1635724695154042
-0.4107798968195964
1.197335782624055
-0.682096147350319
0.7962797205667494
0.45495671211663014
1.076386180638501
-0.30110560554078913
1.2967934071560046
-1.0518631438732367
-0.06809044891203714
1.3992637902910807
-1.443206434338721
-1.413788508928206
-1.3002937845171025
-0.8706956153592452
0.39676665995685845
1.145882850950053
-0.5356086171423893
1.0406906430312808
-0.19296640470954315
1.3635838975190215
-1.2970636663761521
-0.86483222679497
0.4092420335529336
1.1387142268740047
-0.49426426508291044
1.0943134344467245
-0.35499400316024
1.2497568174646327
-0.8805015929948748
0.378163445012412
1.175487506751536
-0.6133564086368144
0.9200527741329113
0.15052763399958816
1.3550947894297718
-1.2804551650874272
-0.7999424828940344
0.5639380220777483
0.9043113512304908
0.18112680836165163
1.340943169214171
-1.2219392097221857
-0.5950505761946597
0.9500074422249492
0.05257581575661047
1.388621132821622
-1.4170354650748052
-1.3079189071742456
-0.9074211011158079
0.31728425516808073
1.2374476030567951
-0.8317790896717959
0.4925796629243716
1.0294035214063837
-0.14912063570059952
1.3805220124506068
-1.3691322349537174
-1.122703564264884
-0.28214075940956973
1.3104224201247914
-1.0962346943251666
-0.20760009977137836
1.354296572392714
-1.2613631232358722
-0.7428847878241366
0.6774563644875228
0.7086223355455179
0.6488920037581085
0.7696691163277768
0.5224872423317307
0.9815217108635169
-0.022058161300502442
1.403219161600873
-1.4509443692429873
-1.450464726554418
-1.4499415132287545
-1.4481685704084513
-1.4397170465844655
-1.396467858819416
-1.2287162966371996
-0.627080988099802
0.8951996940857679
0.2218260981530649
1.3205884358058457
-1.121807825397761
-0.29019601353033186
1.302901256094502
-1.0597937290725075
-0.10068340393341238
1.395374677306113
-1.416170337243754
-1.313160315233569
-0.926082829844672
0.2585728995567582
1.294206815705533
-1.0268567117653837
-0.008855048444964451
1.4028747164166209
-1.450167271321832
-1.4464495543941243
-1.4299402225210112
-1.372016928768888
-1.1528214637811887
-0.38572725640385797
1.2190543218216845
-0.752232984363163
0.6575434839793565
0.7594268910143352
0.5494287841248228
0.9485997584369147
0.08465054694238053
1.3891321460859096
-1.3885321064963065
-1.2015689250164423
-0.5331799683140468
1.0399347956495535
-0.17940428981252332
1.3696933079376172
-1.3146286128576927
-0.9305107927503359
0.2568859543695639
1.3000071991998465
-1.0370627411870108
-0.03710874769028852
1.3998211423123852
-1.4537179192987955
-1.4519494203268846
-1.4459244536145912
-1.4123220432634724
-1.2912539929694378
-0.8319666526419189
0.49634004420507355
1.0119479995931235
-0.1231465054654706
1.3884284051754077
-1.4061734603457905
-1.263934054983445
-0.7482018440155752
0.6763154524157681
0.71302120158639
0.640464319277716
0.778489796505544
0.4902586733138414
1.0223931596480211
-0.1455894490469084
1.3807153775704322
-1.3780323430859995
-1.1489849458751595
-0.361419903877976
1.2442091181831807
-0.8590476689491902
0.42544101854542327
1.1173649202101854
-0.42937881221093077
1.1708685771193488
-0.6180930659627258
0.9105883202572033
0.16641026416456528
1.3482475648509917
-1.2439778255334095
-0.6744656391035789
0.811443232736579
0.41733853298807067
1.1303142017879892
-0.4593181391821829
1.1383949049391588
-0.4875008069594787
1.0989087120242897
-0.36246214526483134
1.2393807979934373
-0.8390166512708291
0.4766088393456846
1.0471930776396137
-0.2135703984454634
1.352060910265875
-1.2607909514793414
-0.7385962990227437
0.6880059570019702
0.684068324392249
0.6976660129322324
0.6702699734828805
0.724994597353646
0.6141564462593446
0.8190050756309207
0.3925367370349088
1.1582519611193103
-0.5624675046475398
0.9975928953221836
-0.0645962617732754
1.3989349780690226
-1.4443742279624883
-1.4172438272759673
-1.3170030069530814
-0.9374202125181497
0.23740414928677117
1.3120393441613534
-1.0867685445311555
-0.17993482870654515
1.3710905066330021
-1.3119566991663294
-0.9183020775465226
0.277743807466015
1.2758384886233847
-0.96962793347907
0.15128503594798365
1.355984995648629
-1.2813725237551181
-0.8066088211379524
0.5486622584821294
0.9361769253365645
0.10538463072874266
1.3806303735111198
-1.3568366068260764
-1.0864839514566484
-0.17988377028593494
1.3676818132926978
-1.3219006751460762
-0.9500266113290274
0.2001435027595816
1.3321993559476126
-1.1803108451518405
-0.46937752729448506
1.1259737910765812
-0.4495979864892141
1.149864347942089
-0.5244292067816765
1.0513713603322632
-0.2141900149928602
1.3510483624956326
-1.2510386822713024
-0.7046958264790383
0.7539333043141556
0.54975504239044
0.9383026339461968
0.09669931895908745
1.3774497072068348
-1.372178011620009
-1.1265463573844106
-0.2949677660632253
1.3002412128090235
-1.0621920053246436
-0.10506177674595471
1.3912001793416477
-1.4216038470728358
-1.3200885257155492
-0.9376666939271174
0.2368118063716792
1.3019813580402961
-1.076955391849114
-0.14359687265739926
1.3775218550427004
-1.3812915884994856
-1.166173914360219
-0.41283344641330166
1.1949258024563374
-0.6955397511057831
0.776118890122844
0.4903123830222165
1.0249839869790647
-0.14612784701409842
1.3830271929769202
-1.371945433933601
-1.1416073569268579
-0.34244432252472407
1.2589317603551196
-0.9141343074677529
0.2907231408799275
1.2610020919888485
-0.9175843971498658
0.2946901155628565
1.2546046475157886
-0.9058260710007782
0.3235158838895229
1.2272748710694774
-0.8004895892938434
0.5632721038692322
0.9166170346091821
0.161342232059696
1.352993238400817
-1.2633326007418353
-0.738086951685777
0.6914724511080187
0.6852156001424535
0.6950143593407407
0.6746018370230192
0.7179404381281349
0.6324392700967962
0.7988749576368015
0.44778220462797613
1.0853237504367075
-0.3212918499126716
1.2794000004600468
-0.9752103562218754
0.13980713978068973
1.3657132921010642
-1.3006750269879135
-0.8903997110710008
0.34782271328016534
1.2064240531163155
-0.7258222928206134
0.7154352396101451
0.630032376550022
0.7902401243704047
0.4560641022814169
1.0675492964100537
-0.28616709452393735
1.3057487164682677
-1.09056130962725
-0.17867303034890208
1.3667116553975878
-1.3231501964007237
-0.9488338045673714
0.20620364037495043
1.3243154311897525
-1.1592880432151815
-0.39261501579951313
1.2139493899349805
-0.7505735416494773
0.6630926933282395
0.7322981287257764
0.5878827854362225
0.8661966804657784
0.28043115479725395
1.268297523345276
-0.9491449936793525
0.2086904795148221
1.3245893782894864
-1.1470925458609824
-0.367766369982919
1.2369791624476794
-0.8272334870727741
0.5032495298001513
1.011623739156791
-0.10196870939829686
1.3909694738666052
-1.4210697141192714
-1.316047076844359
-0.9308824243570035
0.25270286994941504
1.2871333943496142
-1.0310717208137437
-0.0038805586785805217
1.3977166819508642
-1.4531908912390872
-1.442837613606188
-1.401508583868126
-1.2462376396535415
-0.6849642641460697
0.7955715873361614
0.4505464310668305
1.0829095911213835
-0.3121347922231999
1.2888652757335854
-1.004876681482706
0.048258139387365576
1.3926668688081063
-1.4247660046634951
-1.3410350947859604
-1.0200567475719482
0.02097425400192437
1.3963662155973098
-1.4386735704384388
-1.403111366713166
-1.2557529591426768
-0.7179966205199096
0.7275452833166476
0.599763148688952
0.8518990184506832
0.32437482960433056
1.2330080359212248
-0.8179151280525434
0.5261242910391194
0.9669803177718315
0.0016717200938886792
1.3950108611968768
-1.4531551633330524
-1.432755176552178
-1.3652815957044222
-1.1171758397610148
-0.274133432141807
1.3146150793244293
-1.121022084132887
-0.2795630668012062
1.3124304764204036
-1.106821229695517
-0.23518595017870975
1.340120770340767
-1.2043934322311582
-0.547641187253264
1.0147706518910866
-0.1061456706916672
1.3936346064008798
-1.4159142611951563
-1.3087191742808544
-0.906651122948405
0.31228953358725114
1.2432570447426443
-0.8522845815352695
0.4421665472163277
1.1018444904692792
-0.36937179019093364
1.2374013997502602
-0.829002644047505
0.49714049232520713
1.0186974902048116
-0.1290706854360119
1.3866999362339458
-1.3920352781984495
-1.219174254061534
-0.5878769635595178
0.9592982391227038
0.0478407351076189
1.3954428426738634
-1.4247465423337395
-1.3417432720000646
-1.020141937082697
0.01923970495635111
1.3984321758041254
-1.4434517885360245
-1.4084112285224686
-1.2818042006596924
-0.8029956402648075
0.5550454866888862
0.9277820748248586
0.12501498519530377
1.3736711431959752
-1.3263187488409092
-0.9745924132325327
0.13411404387334455
1.369016803167968
-1.3146692555600017
-0.9350386380209325
0.2434065800015954
1.2989661895363138
-1.0636451689096507
-0.1020403751634436
1.3958183101544996
-1.418797449505202
-1.323818833614848
-0.9572962785178589
0.182361299062164
1.3433553739502213
-1.2197824602040024
-0.602871135046179
0.9380733315836166
0.11706422534970892
1.3775653355856834
-1.3444035634373073
-1.0451182239004164
-0.05976200186853095
1.3994120605361522
-1.4418783277989218
-1.423787203234366
-1.3515440588834682
-1.070011415877358
-0.1322350327163844
1.3904243325463803
-1.3838398750693834
-1.1930368257241073
-0.5099753264907438
1.0698991188043505
-0.28079553316020045
1.3118692007662565
-1.1029271276615547
-0.2294085299367329
1.3450548751193243
-1.2246999567988892
-0.6161459517206408
0.9121567874329214
0.1632814447352362
1.353790436690461
-1.25478829139135
-0.7194932248785413
0.7238530945448104
0.6203530678991497
0.8296019389316295
0.3920997259918568
1.163986360588964
-0.5635597637931167
0.994724664370463
-0.04271834234597203
1.4024914249933285
-1.4511916688224362
-1.4471063382034366
-1.4237555399805328
-1.3395056263363918
-1.0238574846301578
0.0057948151023847795
1.399493278474651
-1.4496283942817516
-1.428779162149416
-1.353366007411428
-1.0723358078037308
-0.1368191695355342
1.384517423463361
-1.3817691361124538
-1.1777431190150358
-0.45592666927331016
1.141341354301171
-0.5110537646095075
1.0712340802834492
-0.27945200381273094
1.3118484937068133
-1.097226061753303
-0.2109042056032208
1.3535631142241242
-1.2588867050901695
-0.7331020683625113
0.6971394593869917
0.6739316302393795
0.7232879525663408
0.6213577060386741
0.820224618746334
0.4036479476766001
1.1451520252062446
-0.5082646113868714
1.074431866697394
-0.28302058574310285
1.3098094730509116
-1.0825516692084407
-0.17095333350707334
1.374961273811576
-1.330591276254536
-0.9994780848037751
0.06299617259684384
1.3955210152231001
-1.4083057840821969
-1.288346374562341
-0.8414285539432875
0.46282472032585076
1.0734541988349051
-0.2816733103470441
1.3114376116044826
-1.0813948333304235
-0.16723900919752205
1.3767874052502211
-1.3334245364442605
-1.0134478124905486
0.03370284097631821
1.3994417830660237
-1.433639738718872
-1.3733758144348898
-1.1631243172013004
-0.41523748395307014
1.1883145319521748
-0.6594681254511108
0.8357629005662359
0.36625641557683536
1.1853252436885624
-0.6574647936052226
0.8434062803099983
0.33655306837792087
1.2132474128223107
-0.7610815063467002
0.6515956819933089
0.7526181781983659
0.5503280780620985
0.9354399895548416
0.0982571406141732
1.3771180185318965
-1.3630347013032693
-1.1012895342761795
-0.2259802803666339
1.345466182546312
-1.2302550006255748
-0.6320048553260551
0.8813042805081895
0.24684942285900421
1.2989544145868974
-1.0495480241283863
-0.06697251239923023
1.4033748335617164
-1.439328632862254
-1.4121166508661112
-1.292401339600469
-0.8477737851665267
0.45214670549028924
1.0803998634855376
-0.3141056861779956
1.2827175118314174
-1.0083929169673007
0.057949375658892674
1.3946067193182194
-1.4125278529308873
-1.3019129336320725
-0.880962460146884
0.37309115440206303
1.1811024768179201
-0.6293370138385396
0.8871866784282041
0.25223823915653387
1.2975835016242407
-1.0442487652109296
-0.05430566284953102
1.4018603352668144
-1.4458012521601622
-1.4292871572922754
-1.3659951551660825
-1.127275866739744
-0.30677838953819825
1.2908346742324006
-1.017292081907587
0.02028807746766746
1.3998025341677096
-1.4418193507577752
-1.4077375174617042
-1.2745244253638675
-0.7922455783661636
0.5699462282370472
0.9149200838916527
0.17547381121450248
1.3524405285430592
-1.2385843687459823
-0.6632438621245873
0.8289283871445288
0.3960099124022897
1.1564142839548677
-0.5586713840588309
1.004284056525321
-0.09091356124655225
1.3956283581987097
-1.4282739217412173
-1.356867456290212
-1.0844352900598577
-0.17054086035554947
1.3750934097094778
-1.3342042866559956
-0.9990882929189552
0.07295404851076057
1.3919498099097514
-1.4008839932194073
-1.2546994459036211
-0.7201581880694619
0.7215583201684455
0.6289430532220086
0.8052403072489025
0.44017148131372696
1.1036819592261775
-0.3736721077082765
1.2305552483975244
-0.7990392579408506
0.5608338093274451
0.9303051183974164
0.13229127895177833
1.3701613513788946
-1.315437894398348
-0.9425327591044012
0.21892272474028135
1.325584110344917
-1.134262966088036
-0.3332151071125136
1.26837424643924
-0.9421760490628416
0.2292240408939116
1.3168463011313976
-1.108105258436951
-0.2369964937643184
1.34085090277888
-1.1963692197811273
-0.5289545440037026
1.0453775889652122
-0.1860973066391794
1.3691165077082843
-1.292318305976271
-0.8644247237172916
0.41370709941301625
1.1427228610920523
-0.4872164201238871
1.1027555528868358
-0.35963783003480576
1.2458706565376945
-0.8470879610210812
0.45335306792359514
1.0910738312885169
-0.3266743283591911
1.2768400700338673
-0.9412962526043245
0.21572487785574437
1.328326558256967
-1.1501049263703036
-0.37488894727272354
1.231508203565008
-0.7943011653496302
0.5684176346940809
0.9205130030320012
0.15896096656438796
1.3595963888027047
-1.2711963578131638
-0.7774782864081805
0.6039803982014711
0.8467853222194351
0.3362076298018392
1.222937488248811
-0.7668646672492566
0.626310844887235
0.8156500270897014
0.41816633505438894
1.1322841086960787
-0.4612938283607504
1.132276109469739
-0.46530690782965
1.1270883751693368
-0.44906625463705413
1.1471684403838338
-0.5202817052524411
1.0587008966692173
-0.23598685919860676
1.3411120389508202
-1.2033006872207561
-0.5392493216305406
1.0276686974466698
-0.1533442663989474
1.3792962854036908
-1.361890266733802
-1.1056789995032685
-0.24330557406969544
1.335703050520021
-1.1901093915805523
-0.507498062528287
1.0771292426119952
-0.30074919754276613
1.295624215893271
-1.0468077803864249
-0.05518378243679518
1.4015551166407703
-1.4434711338177542
-1.4278791956096202
-1.36217457094825
-1.1025478765955627
-0.22608427971487913
1.3456827724329534
-1.2186717454222684
-0.6011194404947653
0.9351361821505996
0.11686342679407624
1.379587023661977
-1.3421205065502777
-1.0338810076215148
-0.03163875672440364
1.4050365863089078
-1.4487826297237323
-1.4478025797032956
-1.4441012378061875
-1.4184004646563082
-1.3169144015383532
-0.9365674208001604
0.2375714971656365
1.31368209749325
-1.0917245977451704
-0.1989109858450587
1.360526507211309
-1.277854088505026
-0.8145818481425561
0.5205098254575127
0.9891669381750328
-0.029777407197343782
1.4036212589428654
-1.4509528010340869
-1.4497191413175985
-1.4487062259777315
-1.4365622940796043
-1.3865161976620846
-1.2026326559242193
-0.5433280189157816
1.0252223866854582
-0.13451774205887412
1.3867049728673013
-1.3810606841500515
-1.1846390186600704
-0.48576050227958856
1.102835550790679
-0.3667357222615742
1.2399485707040867
-0.8220518614665089
0.5070122073407793
1.0233782131213067
-0.11302680132626877
1.3974279604243933
-1.3967405589522404
-1.2534969099756494
-0.7267589418396213
0.7089772456385949
0.6479885956729688
0.7637244252367561
0.5241103235327321
0.981744008068663
-0.010853643535016423
1.4027978838339343
-1.4497744014030498
-1.4463938405135053
-1.436751523365583
-1.389704975838719
-1.2273350088405064
-0.6373637354352542
0.8726743113516059
0.29662496286097656
1.2674637932718171
-0.9224513994052957
0.27449365528802044
1.2831416647932778
-0.9778516764005256
0.12186282467024294
1.3733562298553754
-1.3314621514688456
-1.0005796838143577
0.06369422532043677
1.3942959006376106
-1.4070924482025795
-1.2897073922024638
-0.8456917491413902
0.450527309587343
1.090547644733445
-0.3392148322079627
1.2643601851844735
-0.9224919275710168
0.27283552043248166
1.2795607788831829
-0.9793642936668261
0.1237712376405866
1.3721640480199244
-1.3317407038560154
-0.9889254375595486
0.10218735659712583
1.3803146124268295
-1.3596377212911184
-1.1034785086161563
-0.22848307606175328
1.3468170558522634
-1.2231136825406075
-0.6105118033166536
0.9219788546952086
0.16194618080965922
1.3606846461608142
-1.264870641736906
-0.7634614008170283
0.6313449334591448
0.8098894434427709
0.43954658486102505
1.1106493449251211
-0.3895206205491386
1.218124348556384
-0.74003227403544
0.6838765009969362
0.7121150966529597
0.6602036903605076
0.7605423788286723
0.5548610417547732
0.9429205833358018
0.10320560854519949
1.382714067821207
-1.3643239361811448
-1.1162773331103812
-0.26977308224629365
1.3200367756727607
-1.1150531999531028
-0.2606015943247609
1.3257624504414747
-1.1346893382382641
-0.32814469721306067
1.2719073255374758
-0.9390857418674093
0.222232226356482
1.322763873044897
-1.1267386925943654
-0.3070588422458304
1.2917738470773763
-1.018043316367743
0.020368913838457535
1.4020898099173666
-1.4393094192834512
-1.406440801580079
-1.2739721277202345
-0.7804288316987701
0.5987335781976085
0.8628391417438792
0.3080496449490843
1.2494467909422027
-0.8665016196357113
0.4050889569974548
1.150618606566858
-0.517004864048126
1.0602891655241584
-0.24330774198210048
1.3375595917046013
-1.1824713426220734
-0.4867060746378815
1.0995909638170234
-0.3686534431523222
1.2395015985853786
-0.8288277400370756
0.4914500423378339
1.034139064725199
-0.1563193693905795
1.3759589596861999
-1.3501726659541717
-1.062037249093105
-0.1010747469502268
1.3976162432323493
-1.4121439930355075
-1.3071825761002542
-0.9174773469975653
0.28040346078754275
1.2831177914101348
-0.9611866503972047
0.15939311371342021
1.3656992709183242
-1.275906408954954
-0.8032185100418644
0.5516274702052524
0.9442468871460412
0.10444391755018727
1.385882682836507
-1.3632732696971734
-1.1208589931996311
-0.2890958190791834
1.3021955003549013
-1.0557899915396916
-0.09304986375073641
1.3981044184175158
-1.4263358109191189
-1.3483109452600779
-1.049868155273834
-0.06755803571152115
1.3995937805995113
-1.4435866668480972
-1.414543153333455
-1.2994551091967679
-0.8614821547421972
0.4233553205433563
1.1259984365082552
-0.4504977399810764
1.1499664606902762
-0.5359857679512866
1.0391358985886336
-0.18540452430679716
1.3665446066396254
-1.3169743659573923
-0.920280341107181
0.2835727776408232
1.2688977689051233
-0.9393665973554294
0.22198865429150666
1.3177597713921525
-1.124580671349356
-0.28951956533449424
1.3015735208925412
-1.078341199359113
-0.14780222611502142
1.3803007712697954
-1.370145866796785
-1.1289489228707117
-0.3046869629642498
1.2927936958203878
-1.0251794885040946
-0.004202531922621837
1.3977207844200645
-1.4537185715587824
-1.4422615856931313
-1.4091331852710067
-1.277996427162778
-0.7979494085212671
0.565734664416735
0.9143653615037063
0.17066559354544894
1.349027404554818
-1.2418106403197169
-0.6682439448537492
0.8242754614985175
0.38688789948677077
1.16331621463061
-0.5771047756405967
0.9764150449277064
0.004377202588770064
1.4028180673822606
-1.4448198839950455
-1.4320963180168973
-1.379458221753451
-1.1760023381059788
-0.4498528892769811
1.1513989857969031
-0.5088138868461253
1.0696624490077085
-0.26218630196590686
1.326439205573879
-1.1344527929288466
-0.33253155901529713
1.2707411062908178
-0.9342454548872415
0.24054692646778503
1.3094826090902492
-1.0697891773873822
-0.14134137504010474
1.386754003229577
-1.3646899150114487
-1.1322018077309641
-0.3247236314441851
1.2802454229939353
-0.9648221876700546
0.16081005872484022
1.3597785450387991
-1.2623161474440692
-0.7506765727698722
0.6566710048238659
0.7677232423601545
0.5389079886042843
0.9683040626386581
0.03843237304927834
1.4014747224557684
-1.4297990061230694
-1.370743398132554
-1.1503113021454348
-0.37825603772306726
1.2282919756638864
-0.7750384223237359
0.6116999081333854
0.8383321287616516
0.36257254783446574
1.1970972511094218
-0.6770822511752828
0.8024815553349002
0.4502555821553723
1.090799374800526
-0.3254575753012788
1.2762172826529699
-0.9553473175952807
0.18147402994776443
1.3459511823831738
-1.2201126145031793
-0.6039410833607203
0.9265703026996911
0.1513577691717881
1.3666415525271058
-1.2860864122484978
-0.8378015939337843
0.46831679869736953
1.0786054778443521
-0.27197870461177687
1.3163146273365385
-1.0951670218349885
-0.2066046730161057
1.3591636929685673
-1.2535502706397232
-0.7292106683765571
0.7012817129138998
0.6800570355737107
0.7178287781353547
0.6420919019106867
0.7904226348242737
0.48546997841912426
1.0481487826379041
-0.19404784592765567
1.3673319539242452
-1.2812078606562691
-0.8200620546656945
0.5029196434069195
1.026532848156611
-0.11623225984236821
1.3946150547251972
-1.3900188612190876
-1.2187534455213198
-0.612609511574187
0.9148588046035339
0.18120528151941803
1.3461708181189094
-1.2270215652792487
-0.6266217103416891
0.8984832010573154
0.22372703044186487
1.3198489143498335
-1.1186610372922137
-0.2819356578665139
1.3106938517994555
-1.092898318954466
-0.19877360517182058
1.3639295893234116
-1.2768303744925258
-0.8056950391847674
0.5453121436240063
0.9498691614146844
0.07468264508085906
1.3903055048306794
-1.3983759448452264
-1.2345225709985304
-0.6634544980433905
0.8293712603099302
0.3883403602210983
1.1649626522672722
-0.5821589618521563
0.9689095481026877
0.01978208545327929
1.3979689059919869
-1.4418293320879878
-1.4126943458783743
-1.285548497018614
-0.8201843746856986
0.5153340966815433
0.9896051930598788
-0.042808127202977095
1.4017347134563098
-1.452743961413647
-1.4475011482870597
-1.4273698245562032
-1.3537892941563336
-1.070941106281593
-0.12348676799332733
1.388391271643071
-1.4017480579399497
-1.254300546323392
-0.706921557542456
0.752636601337324
0.5459979247985202
0.9390925997154096
0.08884543928104291
1.3847305532428618
-1.376337680136961
-1.159370756562018
-0.4012295606802338
1.2028447543210312
-0.7179043650469645
0.7306898617795211
0.6054811505674061
0.849495175093565
0.33495201723158247
1.2206834936167203
-0.7700074817421156
0.620711799774636
0.8258106785684016
0.39165342202253894
1.160641606897543
-0.5726081163730701
0.9817776429040557
-0.018755938175268834
1.3994413884390102
-1.4560167892991915
-1.4526858023262565
-1.448913552815254
-1.4400513615831136
-1.399450401959947
-1.2452296689158666
-0.6848349050324041
0.7975947383512942
0.45883482495341676
1.0791601777688935
-0.2968844460043686
1.295618099195553
-1.0472122680264402
-0.06168309480829278
1.4012944810414851
-1.4449560272050408
-1.4251355616732513
-1.3339291275823915
-0.9991337031280797
0.07368858612222097
1.387449806148925
-1.3972123093362403
-1.2405790369692267
-0.6703775363906342
0.8169501043157888
0.4137850495149988
1.1411986949904358
-0.4862279648560675
1.104578015796029
-0.376293901858086
1.2289801732637489
-0.7923406190265351
0.5750827533076075
0.9028020864452695
0.20102439428316488
1.3316796991411795
-1.1724028548832937
-0.44486956133858013
1.1590060785052532
-0.5455293715499789
1.0166413151276705
-0.1218438994214469
1.3879892127937217
-1.4049069311564977
-1.2584500654078798
-0.7341096895055919
0.693372746622018
0.6792835429676988
0.7092284694765733
0.6530379432448701
0.7630632529903132
0.534058980208739
0.9693308257432266
0.029286991407693586
1.4037038126223584
-1.4352402781961957
-1.3956032717996016
-1.2258981453638806
-0.6201245254301957
0.9074084025218406
0.19811892469568912
1.3412405227245239
-1.1911442313019314
-0.5177768122567642
1.0612062601660062
-0.23429599477314522
1.342499027792464
-1.1993941812299698
-0.529757344908568
1.0464001194368795
-0.18995933595991243
1.3656734448700607
-1.2972475247408066
-0.8608350007214602
0.422762543697691
1.1248688247834153
-0.45074008967308693
1.1503476807699817
-0.5229099069591909
1.0534177946022123
-0.21945758195617132
1.3506303762074314
-1.2417619073219521
-0.677653895549781
0.8100478937990195
0.4213469800621875
1.1198138908537054
-0.43608089872200806
1.1639255966372033
-0.575840571468453
0.9769888854679405
8.318281208423833e-05
1.4035448336520744
-1.4485987330324066
-1.439406263666718
-1.3997015240475015
-1.2555736398727273
-0.7247256104696679
0.7205263357627093
0.6174693927332084
0.8187264459772662
0.40124003990145674
1.1429991906408108
-0.5203525120079744
1.0588425340494845
-0.2471569727408968
1.332783181274594
-1.1859353380981639
-0.4821584597798402
1.1124000181693912
-0.4175334042941149
1.1859820457981154
-0.6527797031634563
0.8512604298883634
0.3256069141621451
1.2277667340572906
-0.7924700668124498
0.5742132343036263
0.9012458424999932
0.19908006339847226
1.3328319585480444
-1.1768487436092834
-0.45773840595721405
1.142308753424136
-0.49204813168295053
1.097044493938511
-0.35199546247001934
1.2556235971165393
-0.8768125116949602
0.3817301595061022
1.1781557455031375
-0.6080117862145206
0.9196816800486521
0.1509872779737237
1.3606410176803347
-1.2771753903843082
-0.7982942809635887
0.5619512235404596
0.9210410176445135
0.14995279065974718
1.3618602608987167
-1.2853657066220185
-0.8261686578332836
0.5063586171800087
1.0029182990002254
-0.08233149359919667
1.4001417847960784
-1.4295641768043166
-1.3741092293869226
-1.1512035860606045
-0.3823891712511292
1.222938393710818
-0.7696148743988022
0.6245814255906781
0.817184973739599
0.41929506758681173
1.129420352651885
-0.4602549084845142
1.1391482604164527
-0.4776453993798426
1.1111135945040305
-0.4025015464683986
1.2019557433903194
-0.6976362746898443
0.7676213839552953
0.5283041814923514
0.9748552080710593
0.007826003377002684
1.401297856376525
-1.4470660540990974
-1.4333342971529042
-1.369218933086803
-1.138664177525961
-0.33889280079041906
1.2668695900806515
-0.9315104922295081
0.2508612722659227
1.2939414766621837
-1.0442480771137752
-0.05143237936444395
1.4008315756577818
-1.4486832156791172
-1.4329362814667783
-1.385722634804277
-1.1997011772163573
-0.5294401002898838
1.0417692084726604
-0.19811917542169608
1.3627053118973305
-1.2910069202088783
-0.8417776431728802
0.4636161930367723
1.0667344886544736
-0.2696428811321814
1.3161367695641106
-1.1185474236432602
-0.27985531168834604
1.3086740423945407
-1.1006483942179084
-0.21805368821348378
1.351339170029
-1.2471361566799593
-0.6874633636004223
0.7847558221332266
0.49899298186214
1.0248984275632347
-0.13597710740476726
1.3885555276004822
-1.3812766480977554
-1.1850202391739928
-0.48733345052540045
1.1006251424709739
-0.3623118252551338
1.245833063949047
-0.8437672514753284
0.4587877431050718
1.075085624734246
-0.29313950276445716
1.3002354086595702
-1.066043598966831
-0.11172953208336919
1.3906226296314
-1.4139870231210658
-1.2965977541522051
-0.8538431288750029
0.44674278919779314
1.0889169724565642
-0.3376153468825361
1.2690279468215773
-0.9258515921484314
0.26072993594512595
1.2914610622688674
-1.0162430571524899
0.019979915781376294
1.3999674127446182
-1.443777828899444
-1.414278677098533
-1.2987887768253874
-0.8705069645472512
0.397023127524094
1.16248944746097
-0.550546522532992
1.016448815145966
-0.103807416915151
1.398475913274914
-1.4128976976661678
-1.3071720032276815
-0.9058931651096902
0.31475689378024513
1.2447209135300519
-0.8508082474107209
0.4428921484675132
1.0937638114207728
-0.35382589642968343
1.2538421610323793
-0.8854297356169405
0.3669612455772518
1.1888337851177357
-0.6574095455690162
0.8432046776342161
0.35060325688838945
1.2096786464780882
-0.7207152938191183
0.7160382436555309
0.6365660039243204
0.7953071685063222
0.461799536715595
1.0682644051575092
-0.271752692400662
1.3202776146243036
-1.1165774680326606
-0.27104405044729196
1.3185525585639293
-1.1125763009875222
-0.267512353139811
1.3186115928516569
-1.1356849356751066
-0.3237867348458644
1.2739611694499835
-0.9681438205379727
0.15942904315325648
1.3511278242303795
-1.2642244784038772
-0.7432739141523801
0.6803041096499997
0.7026045444982492
0.6600543201023625
0.7472133206406429
0.5655518811018758
0.9145634023736545
0.16822199716491873
1.350627689431523
-1.2496059183893538
-0.7001432308706834
0.763606961998214
0.5310333603676837
0.9717171903876729
0.014059351406624199
1.3977300072590497
-1.4403771003999961
-1.4178658873602616
-1.3054715264006622
-0.8909097698152054
0.35241951954839507
1.2050210440103146
-0.715647459516724
0.7340611524178069
0.597098786948476
0.8657196817226961
0.29589823687446853
1.2596908886224762
-0.9042126743737243
0.3193288839044555
1.240434762035109
-0.8356681488666525
0.4808054684337369
1.0520474055399316
-0.21874804751865642
1.3516878152897094
-1.2435026727997285
-0.6820081057532633
0.795488369396006
0.4489220614964989
1.081423889250367
-0.31467355178206813
1.2834997264594967
-0.9928044451598309
0.08488350517245885
1.384884681162983
-1.3833024733026136
-1.1894132105795179
-0.4969094591391382
1.088994173844743
-0.3314447335485295
1.2672875139389663
-0.9511808931339023
0.2022385720793765
1.3268279706178656
-1.1668164359530675
-0.4161396797063702
1.1874856487900565
-0.6508460131891693
0.8535248361459293
0.3259961344124462
1.228304194412876
-0.8041402196472553
0.5510697757268735
0.9351383377677774
0.10950515179559135
1.3766356959127823
-1.3492311286724237
-1.0631177470298059
-0.11239420235759748
1.3937427238727973
-1.410966847594004
-1.2860855525980843
-0.8219896927796914
0.5134500109931542
0.993090087888817
-0.05802356813230491
1.4005116908177955
-1.4473465817461466
-1.4279579761131262
-1.3617265441422786
-1.1025212446626103
-0.22536643246158108
1.3484363033091011
-1.2323483368804136
-0.6466828098483729
0.8606183538250105
0.29198781491350556
1.25342672543987
-0.9107282988837864
0.3090178316149274
1.2363814924051806
-0.8388691919562004
0.47430024421911027
1.05107869313674
-0.2200966246175186
1.3508251367115482
-1.2448586160540231
-0.6867555855744947
0.7897491831551045
0.4661534193541612
1.059243870149932
-0.2578864216397541
1.3268869669402859
-1.1671913773509834
-0.42813573525659426
1.1721816960972855
-0.6156334193118063
0.9156362487631247
0.14105221504244067
1.3549364969474194
-1.2984882256508918
-0.8534913374158632
0.4480727155863274
1.0819561624483183
-0.3228064791186619
1.279613449763855
-0.9905275111619255
0.09715311452274747
1.37795365942967
-1.3703254621135343
-1.1188938904445205
-0.26030222769432304
1.3236327601640392
-1.1477273732901456
-0.3622805668471028
1.2445831653194899
-0.8593418960717105
0.42855204322288054
1.1039621337418046
-0.4010943448694999
1.2033843101188504
-0.7241963032717946
0.7216593701715069
0.6221068009581655
0.8141554758121143
0.4140012525869706
1.1319514350280893
-0.47721338763150045
1.117383371370074
-0.43721047683050035
1.1678203836215801
-0.5956337233880067
0.9474663965024918
0.06744001683728554
1.3867954384716565
-1.4001011768281522
-1.2504647053038105
-0.7019920425399601
0.7607629784545796
0.5267642692699099
0.971544868003182
-0.002349466500745917
1.3968311910754911
-1.449887602796202
-1.4400055703418502
-1.3895319408645517
-1.1890675440988852
-0.48421687692891585
1.1079146874694417
-0.40557051032875896
1.1977102629765233
-0.709624925802511
0.750496950798265
0.5464582067636832
0.9367467959405883
0.09226884764520309
1.3779719440675804
-1.3737928150477157
-1.1413555822110812
-0.3325777601052549
1.2686009755631467
-0.9567147119755667
0.19391502307729427
1.3312665671819794
-1.186859188597065
-0.4816021778503526
1.1104185849078931
-0.4088439685931996
1.1968029251334678
-0.6930722471745141
0.7725251731971746
0.5044468299831504
1.006873492394944
-0.09582614769953691
1.3924726179446971
-1.4263019089999993
-1.3474050567329983
-1.0370360578776638
-0.022787132165907595
1.4008371172049454
-1.4555864591425667
-1.452708273488982
-1.4495622334047273
-1.4460830538050937
-1.427757615266924
-1.359679482004147
-1.0909858393917429
-0.19276900360850724
1.3639669368625749
-1.2939890395652591
-0.8545181901966722
0.431594339642797
1.1118599834387597
-0.4067364559562022
1.1977330483441135
-0.681856385591154
0.7984707645906474
0.46259549265576727
1.0736147555171731
-0.28512585151554704
1.3089218945285643
-1.0827617698355054
-0.16460739856370765
1.3770908459211582
-1.3393433322597117
-1.0150758808400726
0.03378589675005171
1.4004865506059592
-1.4358036241247263
-1.385694239526181
-1.1878907982210123
-0.49202483439633954
1.0964970675831998
-0.3525691335658346
1.2496287419242609
-0.8762436684753715
0.39432717781752197
1.1590358376385441
-0.5536168062120156
1.0114348501924564
-0.10058600603627081
1.395184778541799
-1.4226760366321132
-1.3342496275321156
-0.9922216390398301
0.09333554069802091
1.378877328435427
-1.3753907628741529
-1.1396606632570971
-0.3324832476867466
1.2721496792038602
-0.9573008265014644
0.1846782009801569
1.3377722730705048
-1.2089339690841634
-0.5609179044694903
1.009355455657344
-0.09403964626143364
1.3953607706004945
-1.4294605660284823
-1.3548423238414684
-1.071162136648456
-0.12623293792186155
1.388110671904698
-1.3887495107124523
-1.214479342520936
-0.5900342619904705
0.9534877765601596
0.0758665588489332
1.3880608526146547
-1.3957762915928602
-1.23092639156881
-0.6378579849719039
0.8721916132036739
0.2687210394938686
1.283105172912182
-0.9818776463501111
0.10620752989983784
1.3811057215365785
-1.3614800964148674
-1.1012404750135063
-0.22075235894187312
1.349689727313184
-1.2318084345953222
-0.6515387653459735
0.8518784396022354
0.34026112867967284
1.2196359859903056
-0.7595082579427598
0.6380290990256351
0.788296477122192
0.48143535876068694
1.0477538501419392
-0.20108946364988417
1.3609512818974778
-1.2751476754018591
-0.7916069507499481
0.5792487686156041
0.892810555517538
0.22459358484100458
1.3161334331877916
-1.1144165952424474
-0.2668367169852744
1.3225646563271722
-1.1364536357247859
-0.3269252301684149
1.2799799834280583
-0.9610223044543327
0.1657922456214823
1.3544239160375073
-1.2541413527113556
-0.7192442510783555
0.7234120861139456
0.6357008834634508
0.8044529466627044
0.45465218881045655
1.0895002240027865
-0.3231595628070372
1.2755268475700825
-0.9651735888279055
0.15840892288887287
1.3588364376064221
-1.2658113722124849
-0.7706661377476689
0.6221862927560936
0.819421490789546
0.40707920105840617
1.143217762067121
-0.5031644136761458
1.0814011883823973
-0.3160544303970137
1.2846953792659883
-0.9958280703036365
0.08074915446393946
1.3852070374421972
-1.3915775139915427
-1.209709590488
-0.5714177109382175
0.9862657832797763
-0.02608326554558748
1.4026900960121016
-1.4527881139402594
-1.450823763821956
-1.4515515557594894
-1.4515554672525501
-1.444871905205033
-1.4246054588967543
-1.3465521352187444
-1.05191265662807
-0.06633113236148062
1.3992345346434982
-1.4446311112882646
-1.4140579368606723
-1.3021510702204553
-0.8830111999455907
0.3676546112851796
1.1949510476963634
-0.6658878749143584
0.8225349214906926
0.4000576406912588
1.1499225962770647
-0.5338618759371453
1.0405784240609468
-0.18761125867116965
1.365205274882755
-1.3076272213122269
-0.8982139640922449
0.33485335085630563
1.227673196101788
-0.776966788885719
0.6071101355432731
0.8429255573338925
0.3418522783869126
1.2141672820857503
-0.7449792712811066
0.6725189407798451
0.7197267106976806
0.6245190901162094
0.8130898693305944
0.4244575967475721
1.1216267209279132
-0.4419774569227638
1.1627131579764978
-0.5735227956893518
0.9836190329045759
-0.024473190895744873
1.4040517252932176
-1.4496533473237008
-1.4503347829391473
-1.4536903013049562
-1.4522086238948506
-1.4489640340160799
-1.4385078222762073
-1.4031572092618756
-1.2616619335121513
-0.7447639158411662
0.6719066019493926
0.7409648695917126
0.5966813987506946
0.8743629691218016
0.28880738500047404
1.2689151242234638
-0.9397611829327223
0.23332241878492369
1.3101063957739454
-1.0976576570257426
-0.20599803675205763
1.3563306026747084
-1.2729347829118922
-0.7733717295485806
0.6156043809763136
0.8240835408225082
0.3915712110562069
1.157684915593472
-0.5536021895900207
1.0100947855918754
-0.10236559217616786
1.3926708714095695
-1.4212580669326056
-1.3285989022127231
-0.9729917905541874
0.14332779905326712
1.362279614074765
-1.297950395664424
-0.8605724937823457
0.4269076834202906
1.114953757604244
-0.41679275723783205
1.1874505372871138
-0.6532341198678612
0.8514182346561565
0.3250892696569674
1.2280221389053496
-0.8110391061016451
0.5419537787130098
0.9489203831560187
0.07084190059363787
1.3875250406082544
-1.401632666347327
-1.2475640081745842
-0.6860474723502324
0.7879514617760597
0.4729559844534026
1.0499282093141502
-0.2202731981436361
1.3472135100197655
-1.2436692695137004
-0.6711930447688983
0.8155649410104602
0.4050562544112884
1.1368475254144266
-0.49843724262672434
1.0857296097177935
-0.3474187581571837
1.2567316108192657
-0.9205978653635095
0.28456733656715244
1.2581822178511997
-0.9211826483817886
0.28540946595245126
1.2630606685365613
-0.933415897186888
0.2553753493301037
1.290081015275937
-1.025960963577049
-0.0009500575951462119
1.3981224351221637
-1.4527238461122458
-1.439796020158671
-1.402963602095516
-1.2522661519169898
-0.6987117714734513
0.7689307801379005
0.5076172941165213
0.9977151955597456
-0.07158504499101537
1.3983493136187475
-1.4433419037342885
-1.4079264633656474
-1.2674992994964773
-0.7632180706226867
0.6339585120250069
0.7847347351117634
0.4812926003386593
1.039417736288845
-0.19226265227947745
1.3637773445901815
-1.3004567852570204
-0.8794808714965998
0.3813156116896212
1.170164719967457
-0.6043547879757007
0.9326318385542405
0.11182885727130053
1.374499421835865
-1.346681843554432
-1.046143514223137
-0.053287268445156404
1.4024147059662058
-1.4474570216485216
-1.4338249691210228
-1.3836788118930945
-1.1953164076709852
-0.5214487317330107
1.0574205207005694
-0.24307001066921724
1.3376872742440264
-1.1924666920276341
-0.5093983501058663
1.0721709001792603
-0.28602224403105
1.304651315098055
-1.0857838382670608
-0.1744676516409796
1.369769877504678
-1.3364994921685027
-1.004483525850935
0.059126509000868875
1.3893734081270903
-1.4100416990963172
-1.2796204792059085
-0.8030048273314929
0.5601797545134498
0.9169737123862801
0.14939654984895845
1.3553304988734773
-1.2798910670516108
-0.8036867343170051
0.5564665964196263
0.9200950755059601
0.14101361728172207
1.361642893253937
-1.2972637595437195
-0.863450642904506
0.41541205354848204
1.1292797821625142
-0.4693223501230448
1.1257109536431888
-0.4689746792844352
1.127498845857319
-0.4711319312197958
1.1263592673535527
-0.45778110058922855
1.1399198373443389
-0.4954300443698445
1.0911353999352578
-0.33145427340383066
1.2695434148310254
-0.9500807948330183
0.2041119962471851
1.3241032987275123
-1.157745701529912
-0.39156174102101154
1.2135294511085462
-0.7568541141668735
0.6543098923798006
0.7571372679410071
0.5468844594371787
0.9425476251587505
0.09663176259526456
1.3799401331219752
-1.3745088647779
-1.1369866982145096
-0.32621680922953844
1.2746751452248402
-0.9695851403995983
0.15412462474814742
1.3529073734667962
-1.272053995764665
-0.7719857199974386
0.6224690812759777
0.8070423621898987
0.4245637123426946
1.1135583874080854
-0.42147990125325285
1.1810108570403923
-0.6391430220784474
0.8762905397855214
0.25790864945191194
1.2848325154217501
-1.0189815197755911
0.02885439672902065
1.3952764951010819
-1.4369870157862468
-1.3840831876231607
-1.1861158438441017
-0.47855724158512014
1.1160214748178257
-0.42042542024080937
1.18282028778147
-0.642283140414888
0.8705874675143288
0.2719896354204681
1.2764436205280836
-0.9857980267462205
0.12306910122714657
1.3653239741280172
-1.324841381309484
-0.9590810823500191
0.18758931190089673
1.3328997440124815
-1.1986628835764916
-0.5139415361264841
1.0714593118607265
-0.278614316065908
1.312581975441361
-1.1092142372504563
-0.23816256367465075
1.3383444098886317
-1.2123618854383997
-0.5632357673857824
0.9983032922827844
-0.06398518611057957
1.398188966566623
-1.4460671510183922
-1.4206909841198572
-1.331238257128604
-0.9832192143978292
0.11943518154022763
1.3705016201182487
-1.3317980544445849
-0.9890354900682029
0.10444114621940057
1.3792667712121183
-1.3641934160868296
-1.1017811879584825
-0.22016059525022938
1.3487768927693051
-1.2362565394850822
-0.6544922861075548
0.8437150189743977
0.36548989168514134
1.1977566573057195
-0.671687740602283
0.8077577557544551
0.4365787397709253
1.1101171276549753
-0.3870082252915905
1.21503795128737
-0.7434767477231519
0.6788238454662139
0.7159378504521655
0.6410415911250598
0.785561504601536
0.48481817727384546
1.038194296748192
-0.1752798794111709
1.3708836438466883
-1.3201613738954494
-0.9594623398791673
0.17949601828750097
1.3438735836126832
-1.2186196767564026
-0.6049187442229238
0.9312904040783827
0.10487806517214009
1.3727761220577175
-1.3535285941952209
-1.0618063817393357
-0.0995811859463608
1.391798050503518
-1.4280076895287686
-1.3464921340435465
-1.0368804953033588
-0.01894848780206858
1.4026785955496524
-1.451512254710443
-1.4543720971635221
-1.4492438235090976
-1.430288169345058
-1.3548478333233271
-1.0690019671697162
-0.11181910519923483
1.389066653574288
-1.4161837131857091
-1.3010402094830942
-0.862851511961351
0.4237438212371883
1.1129075816167768
-0.419460121347077
1.1841184937088798
-0.6501041173057479
0.8542621520625385
0.30230025052903853
1.2456760514472915
-0.8652370687641162
0.4106304700074956
1.13755256113694
-0.487803308662482
1.1031618308260218
-0.3892262283982711
1.2161472087494993
-0.7700371545535544
0.6276801695412562
0.8034739904011444
0.4405389573124727
1.0935402821030267
-0.36499322874652695
1.2416041052042726
-0.8526120217201807
0.4464622899419977
1.086378693149914
-0.34515154780734875
1.257317017316601
-0.9318048556520019
0.26304810016023616
1.2788982910361275
-1.0013964316761406
0.06885722783682063
1.3817149787666192
-1.3985913590249976
-1.234254493366091
-0.6483277975397733
0.8581614151207938
0.3052340705271919
1.2491002037168555
-0.8718228036221715
0.39655529940109957
1.1523899849464447
-0.5459442268035635
1.021758399046041
-0.14661869936672514
1.3799963955481165
-1.3759594017126682
-1.1438884576579906
-0.34487884313533235
1.2580651351477878
-0.9101117488675484
0.3085494890997059
1.2445147735700355
-0.8655545792049756
0.4144589327038423
1.1305740796399661
-0.46958945083341974
1.123798149390866
-0.4543310536709582
1.148289235501503
-0.5207665697541806
1.0584409042079328
-0.24471361011013235
1.3337149199569545
-1.188687221652658
-0.49489818517833783
1.09419829415117
-0.36351258456491015
1.2463715063809413
-0.8490451068235185
0.4480282002136743
1.0954610159297464
-0.3410910270077044
1.2611223625965764
-0.9170438228268707
0.28573267390326995
1.269489872352613
-0.9374988978432462
0.23436750195524686
1.3053722945185418
-1.0857441939593078
-0.16945813492725856
1.3732406706156557
-1.342941330887041
-1.0268178571931068
0.0028933410702751414
1.3992125003648477
-1.4493335913733747
-1.4332111302253359
-1.3753105317645578
-1.1506379162896732
-0.36952817360081885
1.2360904847717897
-0.8475174691144013
0.4648273821332867
1.0623832003602613
-0.25764490125618933
1.324425586565117
-1.1670092941742751
-0.41321792435002747
1.1893950030632017
-0.6934246632863018
0.7824347727940448
0.46947070542126657
1.042974828624516
-0.21830161399928005
1.347501156331901
-1.2599509071885342
-0.7268908100531869
0.7162867896792705
0.6132857541607353
0.817752757454306
0.3865241705492873
1.1515780188077336
-0.5571385953609351
1.0096240598755746
-0.10051895828565222
1.394782415685949
-1.4229510623552877
-1.333262986560476
-0.9932752542694449
0.10000750470128755
1.3773540274214087
-1.3610608543257545
-1.0945838663818908
-0.19287107984493865
1.3643281786610924
-1.2965198275281669
-0.8557605728648002
0.4357956651862801
1.105023286918761
-0.39126415941923215
1.2167316150143324
-0.7543402081558354
0.6568219266652986
0.746052057039051
0.5611864829807138
0.9118803058640802
0.15809582640152828
1.3503633502443442
-1.2671305196260203
-0.7472078868472652
0.67355510621016
0.7033284598273857
0.6409423691784131
0.7615340546219478
0.5140455095993651
0.9795832258621989
-0.031053072613830564
1.396446714231982
-1.4584023737546365
-1.4569439592976343
-1.4583323331624316
-1.4577424726201123
-1.4577696150831094
-1.4479088110691287
-1.4232300672803357
-1.3216497248969545
-0.9389209057119685
0.23912643068945225
1.2929580799844584
-1.0626961060051072
-0.09111626840865018
1.3929108069743321
-1.4356870962632224
-1.3770898552208752
-1.1438158458403933
-0.34160301947867916
1.2616853715040768
-0.9324761694292086
0.2567632848658619
1.2886847947368387
-1.0325244713861832
-0.011856943391221819
1.3985562978288228
-1.4545311938440795
-1.4533296915521587
-1.4323234096732471
-1.3622791143178268
-1.0924456120963542
-0.19052176464332762
1.362074634438762
-1.3120209232334388
-0.9102700930615963
0.31023009768938403
1.237275212452773
-0.8549322496470994
0.4480374033306615
1.0781195073111203
-0.32039847922969034
1.281450305225348
-1.005420000845484
0.0649723898220932
1.3871688297574074
-1.405091272481302
-1.2620777200123336
-0.740578270335574
0.6900068355236626
0.6771645299251601
0.7011195777631394
0.6547891122407314
0.7490696674090499
0.5562105432093698
0.9249364465037277
0.13677297775055242
1.3601373409451667
-1.30814149982813
-0.8913470522662863
0.35720494068476977
1.1947631513012742
-0.6865762700376868
0.7911722796145044
0.46192717404743644
1.0707651623079513
-0.2758428831636061
1.314902715192844
-1.109138113927853
-0.24703178250182659
1.3329974709510817
-1.1810529711791664
-0.4649198471156187
1.1361260022871609
-0.47693918784242884
1.1153907901432794
-0.41334886705330565
1.1910213168792356
-0.6609208624600695
0.8333875773797318
0.37771734917235295
1.176612117394449
-0.6164697017441707
0.9113129430446094
0.1830911645486605
1.3436424639519433
-1.2159935650501863
-0.5878490556196119
0.9550797532069335
0.06045728113109547
1.394033976109728
-1.4132078767855196
-1.2941593048570712
-0.8617485132873847
0.41639880742622026
1.1346265360110628
-0.4747494887845344
1.1180708744507482
-0.422786930227215
1.1797436332627735
-0.6231903612678941
0.8988850857943177
0.20929451540861063
1.3258853959353945
-1.1536205120890757
-0.38207765630557183
1.2250338697747971
-0.7800382342157135
0.6032988671987657
0.8502543115757194
0.33431232635493463
1.2248298634511614
-0.7787893091247272
0.6048452248336756
0.8536463191141003
0.3291195055818302
1.2295642836435863
-0.7981502996238866
0.5683094752324799
0.9123713785881725
0.1698407310072156
1.3490405656675244
-1.245715838076708
-0.6865164022663763
0.7887923341497227
0.47035223482447014
1.0607475250302645
-0.24305615447260154
1.3352538827669778
-1.189649853351803
-0.49311852354487995
1.0908742684689259
-0.34463264529327875
1.259902990901065
-0.9101078323527987
0.3015938229996323
1.2513149873816274
-0.8834514069495523
0.3740471042511205
1.1817618782408619
-0.6379828664442981
0.8736271446305007
0.2679460494955078
1.2806847859911106
-0.9893284290089273
0.1039439054498857
1.379830817858356
-1.3595461641303659
-1.0939745907259573
-0.20270416276492637
1.3563906640931798
-1.27019068094797
-0.7749345704568219
0.6126247112627048
0.8329560414007767
0.3734303235743104
1.1817099555875787
-0.6276400729171405
0.8885023173157057
0.22955306334149064
1.3129380885655482
-1.1003426393944735
-0.21630058554840978
1.350998249487852
-1.260994253125668
-0.7283446782983128
0.7075760226333532
0.6450221073234089
0.7666556160271479
0.5148072901521473
0.9815169388556738
-0.04385816875182857
1.4008720421914211
-1.4543141545577158
-1.449790641641366
-1.4402752450870722
-1.403271835036501
-1.2634442152623897
-0.742042678320223
0.6810720241774341
0.7015896087335141
0.663673747725453
0.740802743369539
0.5852278553712468
0.8824192632913939
0.24535187738363537
1.2974837384737257
-1.0499422072213536
-0.07377347983932221
1.3989357126950601
-1.4387682915024038
-1.4003956278961673
-1.24559609548422
-0.6782632604528617
0.8076504026287818
0.4401845971279226
1.1049323137800526
-0.38117603634731545
1.2246315259278433
-0.7851696306027116
0.5862951788335791
0.8744018367749841
0.2647740810929236
1.2836913194167943
-1.004787094683436
0.06091151445394314
1.389099142947553
-1.4125772062071111
-1.2874817141451393
-0.8224908156254452
0.5106768429358213
0.9981093202585557
-0.07051672927640067
1.397262926510342
-1.4445547922538744
-1.4103931442373663
-1.2836017565013174
-0.814512491589538
0.5285142667793206
0.9706022503104823
0.010677179906053073
1.4015302428707113
-1.444006949105822
-1.4207460987703304
-1.3339142984703969
-0.9980340329159304
0.07760417429266621
1.3851371632094476
-1.393937836262133
-1.2138721888761674
-0.5767528209533728
0.9711323878507147
0.010153139962167417
1.4032220141750436
-1.4424520346095002
-1.4238387160815686
-1.345188421243883
-1.0385054366883903
-0.04670090824383374
1.4062768064893645
-1.4413152185281197
-1.4304423058520392
-1.3700461336229464
-1.1528311374904323
-0.3929411675546117
1.2120013151757747
-0.7316439217649241
0.7015964246455846
0.6674099139641647
0.7341793090330462
0.5980332334510079
0.8625955367258521
0.30368800643230864
1.256681394849473
-0.8845139386504915
0.3586623591344249
1.1963901277889846
-0.6873096296986533
0.7879027702386493
0.4831990785931158
1.0490543748868106
-0.19869749136323647
1.360523668382647
-1.2749644982348058
-0.7930717721774094
0.5711790420883707
0.9097848771612769
0.185284168393063
1.3426337333199485
-1.2118074603663518
-0.576624349259443
0.9735404287619518
0.012753831225898146
1.4032814026949476
-1.4427359259958776
-1.4198883862130722
-1.3366538870802604
-1.0157423982450424
0.03158541874038874
1.4004206077976404
-1.4366324216369817
-1.3887093775211239
-1.2045463943860104
-0.5449156757214006
1.0224305440810821
-0.13217339324209396
1.386006574601171
-1.385919834576192
-1.1948448290221778
-0.5163712970257499
1.0646673184892366
-0.25829892393988485
1.3274147646704728
-1.1500900381032295
-0.3769361429510279
1.228789779944032
-0.7827240309212146
0.5900808527845681
0.8833682405295598
0.25973987924593045
1.2934114701714512
-1.0215273578690534
0.011289886552299256
1.4057945421817837
-1.4406256485839188
-1.426683623990165
-1.3596439541914895
-1.1122737180445106
-0.26825155189548255
1.3230257651395905
-1.125309677246345
-0.29857027395072094
1.2975174660322124
-1.0399045199756023
-0.04206572525323267
1.402855553093705
-1.4490790368302577
-1.4443633408809082
-1.4222052304789807
-1.3289473903639615
-0.9827490971134958
0.11639182017399473
1.3723909445285025
-1.343407456903626
-1.0342566489208176
-0.017251494197269897
1.4014070421491285
-1.4546833711438036
-1.4499165742587794
-1.4435680279342111
-1.4203749152826992
-1.3369568713250934
-1.0100133280767993
0.04258322105782046
1.4002530537257374
-1.4252289420536701
-1.3546829874821513
-1.0917152738411358
-0.19944150703519664
1.3610372466570124
-1.2817323940522207
-0.8152164381163338
0.5302047487043055
0.9783986850087066
-0.0012512130299272728
1.4022090106850709
-1.4492335457343584
-1.4406945028076081
-1.4030272022581805
-1.2618263723604335
-0.7398880003177053
0.67994600970018
0.7084610206707416
0.6539043347343453
0.764527592512176
0.5341858386679735
0.9704709307000678
0.02028979753438008
1.3994709876973528
-1.4428281543580743
-1.409502958446169
-1.281300724866911
-0.7971157181462237
0.570369505937106
0.9088811850865425
0.1883375963534162
1.3399457445916252
-1.212128922923349
-0.5664505202073337
0.9897623704348028
-0.0380550252693998
1.4042245558629853
-1.4513931009505778
-1.4492683183148756
-1.4320005816462626
-1.3671643358525511
-1.1167393147150158
-0.2778346539737874
1.3147919110389128
-1.0920378959701629
-0.20205011483069485
1.3592658212577993
-1.2669875663287484
-0.7727388743804914
0.6116010509915796
0.8387662426354414
0.3608677745223233
1.1959586332253658
-0.6787834470585566
0.803089037372062
0.45350195680052036
1.089082704361212
-0.32551542750301304
1.2735433659675977
-0.9559268952631845
0.1849948552909652
1.3393557828977805
-1.2093654909262406
-0.5621300617070233
1.000415320132745
-0.0706046158638069
1.4000037273803665
-1.4410776659833053
-1.4113431771238947
-1.285022923748942
-0.8184632521167884
0.516413744257075
0.9908463374435371
-0.04829520727225306
1.4023402152332618
-1.448305607003903
-1.4393252773731098
-1.3973551508821196
-1.2364240730114815
-0.6583515272670601
0.8411067798346987
0.3597580304166286
1.201250292479482
-0.6943253171705001
0.7768747442739665
0.5005464804229438
1.0170685191549622
-0.11632980778341809
1.3918689906265793
-1.4053408015646827
-1.2718459143115741
-0.778446790863526
0.6039090846546898
0.8555685795588845
0.3273895461533452
1.232784301536953
-0.8105185171197762
0.5378424704358538
0.9648471578351219
0.03198544699763002
1.3972575761734025
-1.434981542262945
-1.3808836318015563
-1.1765453982672573
-0.45877734745090104
1.1403673450316438
-0.4952680629248413
1.0905239483059945
-0.34006673610565524
1.261171017714019
-0.9199085348764873
0.28485676930055154
1.2659719135269867
-0.938623208577745
0.2346206803620484
1.3108904944612252
-1.0861381152489689
-0.17917339693754533
1.3687596161051891
-1.3189390712023705
-0.941913395812733
0.22181378543954017
1.3171631174894132
-1.1199179077245895
-0.278552848809534
1.3134303086951382
-1.096453914103444
-0.20642342313941636
1.3579118354303787
-1.2645074902245508
-0.7575502221099133
0.6443451974112765
0.7815658033987367
0.4981691167061658
1.0248634204436657
-0.13347992399909772
1.3884533971765416
-1.3832667411757174
-1.1825048172593777
-0.48346353161161343
1.1067722705307679
-0.38473736384444784
1.2205978709666718
-0.7636845982839432
0.6321367372281105
0.7987941929821283
0.4553223240198319
1.0821536377043361
-0.31001831823513804
1.2861147148094068
-1.0068347202393173
0.051316344970560965
1.3967996961677602
-1.4181376866792692
-1.3244370394860643
-0.9641445518112118
0.1649732799009471
1.3591561649826351
-1.260756611915146
-0.7396386144166648
0.6783604349428266
0.7144906488832019
0.638225534998336
0.7843300337885437
0.48651003231334183
1.0378143591179725
-0.18013972649917692
1.3667082018500525
-1.3197261736556438
-0.936550558805921
0.2384345820556357
1.3000645640735424
-1.0730399149302121
-0.13412532013497858
1.3838021808978294
-1.3913976116392777
-1.2084401349394187
-0.5566519222228039
1.0098895302649056
-0.11002649212648874
1.3914845601249115
-1.4160649016897668
-1.3032807325081786
-0.890921094906191
0.34725757969555665
1.2075365297215945
-0.7301892772272359
0.7055327119621877
0.6516760609687411
0.7612112331313916
0.5400994025077662
0.9603482040150769
0.04732993479136075
1.4003447441541186
-1.4227944728482496
-1.3439838207376447
-1.0336267771230492
-0.028754838010952792
1.4025594279306757
-1.4548740806480864
-1.4536003831317983
-1.452178542282876
-1.4449593519485482
-1.4314071560548125
-1.3663094896219836
-1.108822165293044
-0.24200467919758192
1.3361182619975465
-1.1918705474071203
-0.5183687998139794
1.0593495656486298
-0.24486184451007587
1.3356280010782728
-1.1882296032416708
-0.4973256095346047
1.0935287522468726
-0.35449933538445116
1.2513179689565574
-0.8815068615394207
0.37552280397238824
1.1785387848349147
-0.6283068618786972
0.8907053451298318
0.216415050798375
1.3168400402933473
-1.1307853287279104
-0.3107443907026086
1.28764770899214
-1.0109349295605878
0.04053613878457591
1.398308897505544
-1.4282640432728524
-1.3600408577869452
-1.104899176311876
-0.23453135510485834
1.3412204105434502
-1.1996979631323144
-0.5430142380130737
1.022481778256157
-0.13141086689104653
1.389567791294838
-1.3848677734231158
-1.201236438827114
-0.5448794407388806
1.021299654206217
-0.13237621933297727
1.3878549234137951
-1.3866341840782053
-1.2039547961726256
-0.5436510289142182
1.024796738174187
-0.13644889354871864
1.3821610877382173
-1.3887757889811776
-1.1928571883866184
-0.4941138060474203
1.0964252871832962
-0.36030258798331405
1.2447876885408575
-0.8606849086355918
0.4260038609114835
1.1135814959825427
-0.4206872182486635
1.1829004232680802
-0.6425024122473159
0.8629578064228793
0.29186570954421925
1.2586377450572448
-0.9122378144248742
0.2971851129689156
1.2535806186206668
-0.895295265811777
0.3457588621796552
1.2072635160171923
-0.7330047219608814
0.699805976329315
0.660154593810826
0.7393680603263424
0.5763338539170909
0.8937494022975875
0.22295128328237546
1.3158982781349295
-1.1186443636513899
-0.26957875575076007
1.3164132828701856
-1.1255772236171857
-0.2935397237540955
1.3012515077637667
-1.0708557017432772
-0.12374327925822615
1.3900872985254302
-1.400432087511605
-1.2481431778496357
-0.6808487585550145
0.7994306197440245
0.44556339098497094
1.0918600567558476
-0.35186373433478846
1.254560879682285
-0.8953551498733282
0.34085088356689164
1.205872360669426
-0.7344815833470286
0.6989073567363564
0.6592469994169999
0.73793590925176
0.5797453857909073
0.8878699191550807
0.23664479844728406
1.306325331958485
-1.0811624927594183
-0.1580812657531437
1.377338717472313
-1.3552104972278134
-1.0707044332172213
-0.1252524370700477
1.3835275505005158
-1.4068980784270617
-1.2532659561158643
-0.7023867572623509
0.763595879278562
0.5239088148746514
0.9688738309409071
-0.0027813045228123165
1.3987294579172047
-1.4526902568875906
-1.4402071753698715
-1.388551456667503
-1.1943183309037249
-0.4945940699416412
1.0951285794658043
-0.3608358098323153
1.2484187764433798
-0.8670835471664526
0.40993199191396856
1.1316411231056291
-0.4846540207884883
1.1096483207841317
-0.4086079807936381
1.1951762980970217
-0.6953741438702207
0.7766408722109293
0.48870345016536
1.0217074364602394
-0.1467885811122903
1.3829585903934103
-1.3739099077903008
-1.1489073740689932
-0.36258788349728127
1.238645245981985
-0.8570806817071879
0.4333726524547003
1.1031855631415468
-0.3809637523645827
1.2285813894798083
-0.7964212510908022
0.5722986616574258
0.8985977719111196
0.20061614321534577
1.3314823793179578
-1.1739263180949948
-0.44629116478362246
1.1523998178715282
-0.5416842866706305
1.0324136579728085
-0.16517432668724935
1.3723700625427078
-1.3465407388930335
-1.0380741927154045
-0.031713497442697414
1.4015984635394176
-1.451048502754355
-1.4558587964300873
-1.4519433267499895
-1.4428115185485118
-1.4237534355748684
-1.3343181536764706
-0.9991983426633272
0.064438581378371
1.3914688510780693
-1.4092103991832765
-1.2726536536797155
-0.7838975894473983
0.5944096566502681
0.8661661212953186
0.2816740363349773
1.2686611742104041
-0.9440206258202631
0.21801440035741557
1.3226841894302181
-1.135918582885939
-0.33402068013303443
1.2703925052378717
-0.9495452142713773
0.19871044638345609
1.3271049922025562
-1.178457511578143
-0.44563420382857627
1.156783862848648
-0.5563881801803261
1.0012882587391472
-0.08507868240272161
1.3978429248547226
-1.4341780877648544
-1.3836245738924853
-1.177785354641733
-0.4567652616090016
1.1437278638069677
-0.5241309918556641
1.0543832243823064
-0.24110698003755743
1.3356735362192462
-1.2053188327423237
-0.5490831442157077
1.023373777233263
-0.14045270069361826
1.3817629718472737
-1.3812198216099392
-1.1696185688957428
-0.42841807277221483
1.173591678320293
-0.6350063076718289
0.8854721519398054
0.2260860835596913
1.3107952787414672
-1.100406094432779
-0.2177829051555871
1.3482988557464108
-1.2471124763438552
-0.6886775635950572
0.7810084006452934
0.49527589550890067
1.028701440543168
-0.14285974979590518
1.3825492293207688
-1.3733209358363987
-1.1462363682397543
-0.3557798425573599
1.2499058193585788
-0.8771748806530886
0.383968024353691
1.1666168619424653
-0.5884828826042312
0.9552195951300492
0.04911460255887098
1.3922026612310376
-1.4240498845274707
-1.3286140104036468
-0.9743848333399341
0.14978923058841415
1.351858578255807
-1.2771577670900003
-0.7836554984507975
0.6017559077906723
0.8460631898822103
0.32987737192251615
1.2220299357779094
-0.788221653420295
0.5875153179140238
0.8654229891630598
0.2861919647887245
1.264792316201701
-0.9319383711158463
0.25132366224221275
1.2941546064747729
-1.0369717198468873
-0.030398093152887277
1.402025400087069
-1.454875689247866
-1.4537710865189786
-1.4536870950733083
-1.448315808956668
-1.429896446796162
-1.3487829706110164
-1.043039141115935
-0.040071723312253255
1.3996801814184492
-1.4528792559319006
-1.454965105894262
-1.4449279411980944
-1.4147194419884541
-1.2784696092465528
-0.7897904596352066
0.5882139237407122
0.8669886403380359
0.28091546555006086
1.2668166921783948
-0.9484960526894992
0.2098399810200661
1.3237435486421505
-1.1516666928010209
-0.37049162563402915
1.2339364198912013
-0.8269960631283816
0.5040140681603708
1.0135196061093283
-0.10951687874203028
1.3885073987099916
-1.417544630174648
-1.3034163022971716
-0.8904145647650739
0.35932370590159096
1.1903556314638044
-0.6811418790560787
0.803686275489191
0.42763671708525625
1.1076219314226325
-0.40909921540096367
1.1971337685348533
-0.7110511644086972
0.746182793719188
0.5514136396444423
0.9245532588630312
0.1248976595734829
1.367850122057469
-1.3268099065097256
-0.9670619217560842
0.16784710626207355
1.3487237203706883
-1.2509739529500714
-0.7001969757529123
0.7648122598485875
0.5266252660183977
0.9718863035439713
-0.003800774896746403
1.3999930113550803
-1.450210420999022
-1.441702324385151
-1.3952645732173223
-1.2253059137549824
-0.6185238671671855
0.9128043997668674
0.16353875775561955
1.3468488209245568
-1.2553098447647986
-0.7075890060387326
0.749952786267333
0.5621807057753115
0.9172250303593965
0.15007602700828107
1.3564371655061225
-1.2775599156109225
-0.7947429237638695
0.5708161564580427
0.8935559237919192
0.21179906875741678
1.3218609233898242
-1.1462310874460815
-0.3570148381709899
1.2490433045522078
-0.8827957581514791
0.3696006983999525
1.179614739917144
-0.6373573919523102
0.8754805816014786
0.25415156095739105
1.2885045234645807
-1.0214733996497969
0.010954652402957371
1.3981980363075175
-1.4476397445101392
-1.4260240877140573
-1.3376339276444684
-0.9958243494730784
0.09354154532870473
1.3763799446140823
-1.3768328837188715
-1.1436550639331742
-0.345711565971696
1.2595974806051555
-0.9165830553646257
0.2830391788678372
1.2648859887087522
-0.9425359914931446
0.22545192075598977
1.3156375479977005
-1.113891604987241
-0.25933287134987776
1.325939996635379
-1.1595103887681277
-0.38770117389915215
1.2210772418359612
-0.7674954082233132
0.6297218691209538
0.801444732017028
0.44620126544731714
1.0936196526116646
-0.33951827253557604
1.2601068611930561
-0.9102805155679115
0.2994455594198795
1.258211972258579
-0.8961375412908634
0.33718146654551434
1.2252779774354912
-0.7758122472425963
0.6086249442015028
0.8417891423049795
0.350533316066936
1.2078746552007618
-0.7185825717494561
0.7280305768461558
0.6147357682771941
0.8288610637843818
0.37601302914172857
1.1716693179730568
-0.6126020593984831
0.9199925089676814
0.1476918702662989
1.359534780201099
-1.281072462792821
-0.8107470012772114
0.5329590376051282
0.9771404236708979
0.008673481972702084
1.4020228245330766
-1.446329282867793
-1.4297135306611197
-1.3574515543753798
-1.091630167609205
-0.19295696387768632
1.3629008187619664
-1.2969405640959877
-0.8653862776497241
0.41543883352940253
1.130642322751051
-0.4692315792295131
1.1261655799248946
-0.44904637678033366
1.1520848756784534
-0.530783873493879
1.0434331302867672
-0.19585810062825737
1.3637704197119758
-1.2872461391846768
-0.8313357701611767
0.48538227662434297
1.0457298562980033
-0.1847400408424722
1.3677621960404422
-1.3002649476456782
-0.8778033528929239
0.3861955968723031
1.1728023421415246
-0.5940561228758128
0.9492974075666102
0.08684092151015481
1.388422541498492
-1.3888207398002075
-1.2049622359058398
-0.5462628983992551
1.0226718251113889
-0.12860761520424982
1.3876908828088124
-1.3890068562286721
-1.2073976096162162
-0.5562106326036234
1.0098134597879793
-0.09139295149216563
1.395134247790859
-1.4274907281413685
-1.3553801532180243
-1.0827183903476856
-0.17361045566302297
1.3721935403152714
-1.326880147148109
-0.9778318719761085
0.13189825361794538
1.3677200444503683
-1.3081837706130424
-0.9218965079925384
0.2742069576824808
1.27983018639434
-0.9735574556998661
0.13715872092478337
1.3692244615152194
-1.310310128100861
-0.9205728058885627
0.2726851171292625
1.278833639481476
-0.9821464657942977
0.12045427809921538
1.3734317073383
-1.3355080056567805
-1.0066130249242915
0.04714731708480777
1.3973079866511047
-1.4224208299041545
-1.343460841251779
-1.040764923692718
-0.0461151470037662
1.4008707391044206
-1.4471710303399354
-1.441762419146491
-1.4055996677890148
-1.2685550268498407
-0.7670423772775676
0.6286517869583518
0.8015689949612745
0.4417633403953566
1.0986108435304551
-0.35754073253466295
1.2496026246659622
-0.8583088233997708
0.4302151234934891
1.1190796885681107
-0.41894695846727636
1.1823607388581263
-0.6384787015028542
0.8765267879009639
0.2792702632859313
1.2818644841157485
-0.9776346011568376
0.13070612850110983
1.3712063445256473
-1.3217185837566816
-0.9595329501732321
0.1751191837820909
1.347185874845253
-1.2364858468529583
-0.6584036423497555
0.8462758773872332
0.3420332313598691
1.214838812179561
-0.7476730714794997
0.6693329065753488
0.7277661931824895
0.6134597470177046
0.8402407568543424
0.3604684342711153
1.1937265151651795
-0.6761830317657571
0.8066931154619945
0.43798095032584905
1.1075223692149854
-0.3875203355023477
1.2161983139358739
-0.7674856359344963
0.6345851886879685
0.7815857632628006
0.4733331283478573
1.0412629973514616
-0.2097977036252344
1.352070593885963
-1.2794750508800785
-0.7895976132768445
0.5882184528372817
0.8754967632448797
0.26034159973464205
1.2826053457044284
-1.0079015254968642
0.05546582042900904
1.3890039011685948
-1.4211416111998432
-1.3024924784792904
-0.881459604614491
0.3771597153654139
1.1747951602722706
-0.619948804633155
0.9108504235866116
0.17149898389340468
1.3465896339088363
-1.2380759233552794
-0.6539764745924926
0.8491739326836149
0.3197944025409463
1.23184355103728
-0.8210406385728936
0.5173516735097047
0.9855486488318049
-0.032302057221742134
1.403143179329697
-1.4537136537074347
-1.454439615284044
-1.4500812334149102
-1.438606494208137
-1.3926047002155824
-1.208281384858272
-0.5623648005059141
1.0007726634768992
-0.07546079513539904
1.3970183688505704
-1.441667106496976
-1.3981999411627493
-1.2339274404191902
-0.6441105868182827
0.8636870746511652
0.2901503461019543
1.2583941833919685
-0.9202072814229817
0.2818825079894909
1.267041298176113
-0.943151324595512
0.22898689352737195
1.3081850959884485
-1.1020582074648273
-0.20793417870049027
1.3548812380104878
-1.2715980079475495
-0.7768493325014764
0.6146716716996711
0.824621613527189
0.3850019341751717
1.1650525293514313
-0.5774466371863126
0.9721535835477076
0.0071736875333128945
1.3972458509685735
-1.4492561863294398
-1.4260223826610405
-1.3430522373255374
-1.0188577344653984
0.02946095633325469
1.3921708215398567
-1.435424045222645
-1.3769390041139267
-1.1540906922828875
-0.37649461750026747
1.2287541479853283
-0.803849954460467
0.5495934334488402
0.9301907760834985
0.11566110794321176
1.3687685047970222
-1.3451449179277613
-1.0221059916472142
0.015317820821782378
1.3968805254349983
-1.444548367859706
-1.4133342387647034
-1.2831605249466154
-0.7991561073281486
0.5630504965554319
0.9119318285716701
0.165406964475298
1.3499233060025502
-1.2559794922512906
-0.70661292578406
0.7508682823737733
0.5466778781031342
0.9361707782524187
0.10212829265752325
1.3779389199163645
-1.3589987012108895
-1.0849086011373155
-0.16560497192477902
1.3723221645514425
-1.3539140316602276
-1.053140698718434
-0.0728662472592805
1.3943999847614137
-1.4456696660283477
-1.4140752474076088
-1.2869580277593853
-0.8118646955906973
0.538054142597507
0.9491703438510907
0.06537272452362385
1.3868838408507578
-1.406952105003765
-1.2681223889830757
-0.7474315511315853
0.6743300083537439
0.7032809331635703
0.6519776067867094
0.7570548775363796
0.5462215939724886
0.9447212729396346
0.08195986497316801
1.3836497987427334
-1.389401579847484
-1.1997207409646973
-0.5264187882932545
1.0555140661295
-0.24148122334365082
1.3348476743204731
-1.1989259889033348
-0.5275783979318278
1.0452157976981171
-0.21103302689512884
1.350741870100158
-1.2689479422047694
-0.7555579065433824
0.6553450464364547
0.760321807591244
0.5447441627643594
0.9522013265572501
0.07444616120553521
1.3860593717121086
-1.3991070638584828
-1.23771769410609
-0.6523370217514727
0.8563254459598523
0.3086166615350419
1.245031211060263
-0.8685613929821716
0.41114134226804283
1.1347078237307613
-0.4843664972943623
1.1070635274314482
-0.39804576688424553
1.2087113578290989
-0.7205921414087011
0.7227521472269138
0.6125000692256963
0.8291583589805195
0.3809873606145919
1.1709666512772516
-0.6074398780759901
0.9235460353558007
0.12937132424578635
1.3657410111677923
-1.3193336509474884
-0.9408112845019381
0.22430201699089183
1.3122242978981804
-1.1123212863015406
-0.2520579006385929
1.3269118698536904
-1.1791310455570154
-0.4585293238875968
1.1405690377359279
-0.5031818753966696
1.0804346666934295
-0.3214963423848231
1.2793391973670634
-0.9889043746746841
0.10287835719141805
1.3778214285539458
-1.362206809305973
-1.0940355549136935
-0.20493398286471143
1.3567630880660067
-1.2702166872258573
-0.7709387769196037
0.6273079108150589
0.8068176060941762
0.4293060072391117
1.1099089433710767
-0.40504032846224813
1.202281415358507
-0.7048322043981913
0.7556321885030104
0.5460982793862048
0.943949611088308
0.08174531622500995
1.3831888909708554
-1.3885183942191746
-1.1889992525434439
-0.49586789331877107
1.0920644397380994
-0.3555168783361186
1.248371323646582
-0.8826668410376095
0.3801420782529669
1.1702925159739015
-0.6006881122283338
0.9391642292943005
0.10211507506379436
1.3797362370696924
-1.3638992202898736
-1.1091732184163137
-0.2373013922945268
1.3377979515465954
-1.2124206682406382
-0.5654474740319145
0.9911762538965755
-0.049161472287566545
1.3995306149893167
-1.4528501188971907
-1.4420073926131547
-1.409272992271269
-1.2849582328993516
-0.8232060821126098
0.5065389350537641
1.0062352347088817
-0.08842994475349178
1.394857636518384
-1.4333056187031676
-1.374040717421549
-1.1343782300836731
-0.31593836603526626
1.2847673769640138
-0.9994448184711827
0.06914204775115736
1.3905498768422244
-1.4010609216633507
-1.2542725990067252
-0.7172150036527785
0.7284322813950624
0.6136985251643193
0.8359218304249585
0.36471176561203117
1.1920443808308248
-0.6717001103416599
0.8177166009929856
0.409641173872083
1.1404633212742141
-0.4994381731651224
1.084357201317533
-0.3316370107556036
1.2721615217371185
-0.9675017456265406
0.16716014428896958
1.3490378587671485
-1.2503571885762275
-0.6952570705279707
0.7771785414478827
0.4943455678586574
1.0187040130438094
-0.1354131351302565
1.3850729892643445
-1.3907900812008238
-1.2106838115970218
-0.5623415259605715
1.0004795263742903
-0.06955061642944807
1.396482016122727
-1.4438584820750517
-1.4103073768380505
-1.2834738919735902
-0.8254711825537188
0.5087724885471682
0.999870415903897
-0.07307974239260717
1.3983764651734205
-1.443613588259733
-1.4058606218667966
-1.2657426744781684
-0.7567714236835078
0.6502260180001753
0.7615833544357714
0.5316332238694668
0.9633276114321134
0.032967724048920635
1.4004433440300599
-1.433379520624033
-1.3811501341179038
-1.1780739261910982
-0.4596182265723286
1.1408227409033702
-0.49956287973523694
1.0871872785203587
-0.3394965500403914
1.262883380808769
-0.9315748210490263
0.2592284539358604
1.28007840729156
-1.0059862183593253
0.06327783932974183
1.3888015042623356
-1.4121575763204692
-1.279139381490548
-0.789948051332256
0.5877840489981064
0.8633158041347814
0.28750997401545947
1.2645445795346313
-0.9321496682542488
0.2509065343789478
1.2893889081098155
-1.0321023141267254
-0.012700351187043457
1.3990308448296007
-1.4530483504182221
-1.446656010355227
-1.4351039387994244
-1.3707889094484442
-1.1242281016183626
-0.2983642786782862
1.298590419223505
-1.0519261022599766
-0.0764233146746081
1.3990586146388397
-1.4370872811323008
-1.3973791165653853
-1.2396056660281596
-0.6690624012755073
0.8217974384957282
0.39188517530626404
1.1572821751408933
-0.5660906294675564
0.9940938100743867
-0.062132171160856876
1.398775729095659
-1.443959921131087
-1.4211632563056615
-1.3336311683563122
-1.0037761872505828
0.058626549911350065
1.3944315811010823
-1.4148055357352722
-1.30138924256415
-0.876928013045884
0.3894802854596956
1.1625961633807733
-0.572593464021675
0.9822692327354559
-0.01154674424649312
1.402536207477924
-1.454821162957575
-1.4484915785981598
-1.4425110040151474
-1.400428792367002
-1.2372399588388339
-0.6526016085561815
0.8488796820469897
0.336319713869945
1.2235818928283688
-0.7745926576564217
0.6128038590883873
0.8388076153679535
0.36905193279415327
1.1920601861890128
-0.6567359333287522
0.840867659491869
0.3582705510844574
1.200469347553012
-0.694095428430319
0.7750276154920948
0.5139814457466075
1.0010438305937508
-0.06655050054826463
1.4000712411874079
-1.4392696371477645
-1.4070853266454029
-1.2811040643495104
-0.8150608616684522
0.5211830170176944
0.9902514126494376
-0.031154560217858125
1.4019877130446006
-1.4512241592318345
-1.4497333663955803
-1.4482945214032408
-1.434840871529786
-1.3806345935492268
-1.1732493402040667
-0.460287035884771
1.1358838758292367
-0.46140167825181716
1.1332959046664357
-0.46434517752134785
1.13046424886978
-0.46720909307303155
1.127594443942189
-0.4544999177523412
1.1437679552316846
-0.5019930178564866
1.0802870839804015
-0.29904585345443174
1.2978620242537113
-1.0296322461884166
-0.01940635357948592
1.4055815079862637
-1.4490625664543821
-1.4492895118646982
-1.4475930960153385
-1.4429414594436967
-1.4293011627970866
-1.3721661565344576
-1.1592519091410485
-0.4120467623254355
1.1904721427431848
-0.6413931140745013
0.8654138092070989
0.3068442291465227
1.2505413775016094
-0.8754630484779167
0.3885139931555867
1.1607846508744006
-0.5682485061827864
0.9881922093780073
-0.037963025296948484
1.4032210725486165
-1.4470195665452883
-1.4444310020943583
-1.4331082386080614
-1.3875751116823425
-1.2058981206539632
-0.5502128224688652
1.0167747302608885
-0.104538679166754
1.3970696834449383
-1.4083441101454754
-1.294584240712615
-0.8635876819926417
0.4124558239412615
1.135472748148791
-0.47749766284189005
1.1122342392123596
-0.40787031246023076
1.1976261785740545
-0.6763744974498639
0.8051310250218033
0.44741883164862795
1.0953994989867668
-0.3437731726398089
1.2580443235273038
-0.896271403206675
0.33160904051851414
1.2217848161489449
-0.777393620063633
0.6121250311534292
0.8280539697101943
0.37541977522198705
1.1762293257120429
-0.6200704935199576
0.9075322107534156
0.18441283309122505
1.3403852447407452
-1.2091279483085304
-0.5635123539268911
0.9963117797150198
-0.05579596117037629
1.4030179413150792
-1.4475927216317597
-1.4295850575153277
-1.3577930135737584
-1.0921929690871923
-0.1983516116863188
1.3599160052684254
-1.2877356301250575
-0.8332709818871671
0.4864792544815966
1.0374945528158481
-0.16925957901888317
1.3765935552359378
-1.3281821586017017
-0.9900657583933657
0.09223269545002877
1.3931014785912423
-1.3781225692036827
-1.1781364249460835
-0.46812177458874804
1.128351916404297
-0.4548810427602406
1.1426058326151038
-0.5020627237344242
1.083718780339812
-0.3092433752335876
1.2862508292981358
-1.0106417460319548
0.04025230772607018
1.3988196537244468
-1.4278816253980813
-1.3548778324505921
-1.081569874595422
-0.1659004635885009
1.374373507423459
-1.3434114000271935
-1.0375277497038968
-0.04287349192903297
1.4023172510653692
-1.4477624336838795
-1.4431634472344537
-1.4223397574593868
-1.337187401802485
-1.0169847514807402
0.01966131461479856
1.398405568640973
-1.4428889367856954
-1.4119940656597896
-1.279557876281712
-0.8029564840262309
0.5544953035003126
0.9254918130944078
0.13187580887980158
1.363369399805266
-1.3145108138994301
-0.9221116590393211
0.2809041144621446
1.2694588396222655
-0.9516513606346594
0.20639244579439947
1.3255274938501322
-1.1601308317963193
-0.3971397609189702
1.2053076561003073
-0.7459607994422984
0.6776958043484221
0.6967319588871042
0.6608016097482017
0.7339449263174948
0.5851350649730699
0.871700130369943
0.2666008655072416
1.2798113637567738
-0.9913818014362329
0.09713096595317153
1.3818114988178154
-1.374854701941287
-1.1373039982811637
-0.3353616983730496
1.265751171269534
-0.9555002624398957
0.1966496778358387
1.3294576857455283
-1.1793024625572335
-0.45568149324227103
1.1409950059636556
-0.5229542326869536
1.0569504573100283
-0.25304525364334896
1.3291711667525088
-1.1797049019276376
-0.4646226573337881
1.1332441666840296
-0.4860788019244457
1.1067551420428245
-0.393062134169641
1.2105164069349843
-0.739401101724299
0.6868835676317031
0.6954350088518134
0.6798031739968691
0.7111420300476792
0.6405831029137744
0.776331658256479
0.49983621008892887
1.0150769485573072
-0.11652323520623196
1.3937549626831611
-1.4056183429523725
-1.2754825243280767
-0.782921015995891
0.5970641610124612
0.8523579636870142
0.31632235031439826
1.234599734508225
-0.825691150026067
0.5076013630161721
1.0042832161441602
-0.081894127572386
1.3992215400601848
-1.4324033478836484
-1.376528067606872
-1.1564776857905361
-0.3903449268408513
1.2131504539670621
-0.7511397331362916
0.6642238994571531
0.7313316576819372
0.5987398240314742
0.8533795355824514
0.32110086474656246
1.2335296620195648
-0.812199646506881
0.5283537311337743
0.9731631744365152
0.0032945836582176226
1.4031485098784444
-1.4456724573401465
-1.4318284774067185
-1.3778397363707817
-1.1772979279197766
-0.4604753214966066
1.1323472187521362
-0.48254416317962334
1.110264277533922
-0.40358969940662165
1.199790946017159
-0.7021370430888875
0.7612717105119124
0.5339495204040915
0.9634709708881315
0.03145667459137136
1.3983238385799814
-1.4376644276758885
-1.3852318297196862
-1.185649260539246
-0.48465700252405886
1.1101090470970176
-0.3987205822713055
1.208686706375544
-0.726295173132714
0.7125066760883317
0.639556963999972
0.7790143971744891
0.49391784841339054
1.0249664969774006
-0.13903935666317066
1.3833447769527054
-1.3811961320264068
-1.171933657368154
-0.43590964891230394
1.168364352924733
-0.6014909669815881
0.9414860222581196
0.09510987017489549
1.3814259023609534
-1.3744225371952836
-1.1450104388912092
-0.34836797114111523
1.2548811727411273
-0.9081909204870499
0.3140979460358432
1.2398839776363997
-0.8396970885782258
0.47545524019367363
1.0486910454717775
-0.2231830571742862
1.347170795699801
-1.2485197603286768
-0.6841051952604651
0.7952205493544535
0.45338287429408913
1.075907597241026
-0.30815667893722076
1.2934066522369025
-1.0283434018615607
-0.011248418675085909
1.3975397259884055
-1.4550678704594295
-1.4480571178668704
-1.4332633826510557
-1.3687230096969738
-1.1179543698015044
-0.2668831536579373
1.3211670989904019
-1.140319921802868
-0.3423075503524904
1.260295060406509
-0.9233876480567906
0.27908134403074725
1.2740311564611602
-0.9577386998139382
0.18148226588487107
1.3405811793820794
-1.2156956303738864
-0.5806062818774862
0.9713676925299025
0.02033751181403671
1.401010644860957
-1.4389821055619978
-1.407938694058694
-1.2843974407296765
-0.8132244610975246
0.5318070913487477
0.9678194371414908
0.018643762074458017
1.3989940386274138
-1.4439830520044494
-1.4155155756168603
-1.303051682747121
-0.8825217191843624
0.3719697689775806
1.1795572113489037
-0.6199047553359157
0.9034426261103177
0.20322861482575125
1.332380966575615
-1.173161788728394
-0.4536531377201674
1.1440181755676269
-0.5095138686672382
1.0693525735674299
-0.2731102933691847
1.3136638320934049
-1.11392198713778
-0.2619281092346333
1.3246250027585864
-1.148118252764276
-0.3688051138957338
1.2369733194565904
-0.8310273351653577
0.4923796054788711
1.021908846080538
-0.14355113790253612
1.3817993165177647
-1.3771318573904907
-1.1569434952061737
-0.387580144945456
1.2198027471441062
-0.7663038125230333
0.6333792790124366
0.7887258816434045
0.4664446658719198
1.058174961501026
-0.2526058359363585
1.3284111636405471
-1.1765051877799297
-0.4516901257032694
1.1495402619155786
-0.52812972417565
1.0479942338166757
-0.21070074210497083
1.3528115386074473
-1.263694891816071
-0.7457286858254865
