-1.4510192444386978
-1.4423914377952831
-1.4082784835366724
-1.2748329975438153
-0.7829107133839353
0.5990615657128119
0.8534534838662292
0.31703893734054694
1.2362025873673401
-0.8317455788312673
0.4920514029170002
1.0247326736895273
-0.14670314236349832
1.380814849220427
-1.3732902108291174
-1.1404798301131538
-0.33801126938378206
1.2650928402788306
-0.9349029096507062
0.2443489389583854
1.298561285930858
-1.0581512453193316
-0.09045364040606821
1.3955136986387877
-1.430511190248486
-1.3620554317253029
-1.0986928950265615
-0.21045255143052807
1.3536582882804635
-1.2664657260765981
-0.7538837761213469
0.6594740523192626
0.7426483569608229
0.5731791584749331
0.8981469750223428
0.20447922425323928
1.3270017017846045
-1.163322850522692
-0.4109169858905676
1.1938897255031555
-0.683728463563465
0.7953907234880909
0.4561345544307779
1.075742163341415
-0.29942936338323534
1.296686128919712
-1.0500959079670347
-0.0678704910642703
1.3989437546046863
-1.443698208811579
-1.4144915393540274
-1.2998552100899101
-0.8721985094370157
0.39826523956927584
1.148980906264827
-0.5333853015349468
1.0408751969126837
-0.1933460447322355
1.3621581305326496
-1.2987978004394503
-0.8681659200508103
0.408060880243004
1.1372497706404283
-0.49498579951494776
1.093350346309785
-0.35458974272112015
1.2502457382264895
-0.8807744128489459
0.37776212564747863
1.1731505343251063
-0.61327828399781
0.9182568719749478
0.15178623745940145
1.3569101443164056
-1.2789126345498625
-0.7974887197335303
0.5676997132759979
0.9072274135821881
0.18078310999995173
1.3412643788093852
-1.2187981793551446
-0.5911573238820294
0.9541621278583565
0.05472986000902382
1.39224068820411
-1.416982482539836
-1.3092304168680031
-0.9056629667216718
0.3171548710405602
1.236660904842194
-0.8317948349369771
0.4915358287119786
1.0262994089204887
-0.15001866791938595
1.3799763467936983
-1.3680835396596513
-1.1220507149523125
-0.2816838535543096
1.3098435548128096
-1.099026252192124
-0.2116469448927015
1.3530981868801677
-1.2637196870468
-0.744755990868068
0.6776564854843771
0.7078912133487819
0.6471984772109445
0.7668099941438282
0.521052678317543
0.9822768304681554
-0.022817701222317046
1.4014859262441088
-1.4532751866766556
-1.4531474303556144
-1.4525105517285364
-1.4498342489788971
-1.4389606775521886
-1.3962190679945277
-1.2295331629336925
-0.6285155554174885
0.8927726161696008
0.21945734345016
1.3174394904103655
-1.125958986750301
-0.2944801104678226
1.3005705524065656
-1.0624586934202782
-0.10446022430763695
1.3931549527139506
-1.4184067245169347
-1.3159444540482759
-0.9305788391890919
0.2545318139696457
1.2915846114782934
-1.0300286054137338
-0.011211139352655095
1.4013661664722312
-1.4520808801577865
-1.4484386899795583
-1.4339794614274561
-1.3770425853589268
-1.1566997342048553
-0.39026700385460084
1.2156266467618762
-0.7566093931969495
0.6531816571298663
0.7562541128966006
0.545500401837555
0.9451402852370772
0.08201683052011986
1.3857417428999137
-1.3887194221776342
-1.2015095655303243
-0.5353655087957939
1.0378661616726814
-0.18299743537393243
1.3670144554051449
-1.3164137423079785
-0.9319417752341892
0.25135776984505614
1.2940553001542827
-1.0390858010871398
-0.03680706543958735
1.401399299238157
-1.4527524181700595
-1.4507640700045796
-1.4428751954640868
-1.4113761204797906
-1.28770500127782
-0.828805937451842
0.49854808479077956
1.0156123940836106
-0.11906566104672434
1.3892841493803152
-1.405305084407841
-1.2639527859860331
-0.7456144877808972
0.6759260237462129
0.7110236597195734
0.6403753548836341
0.7794961986009582
0.4927675484759558
1.024712185085655
-0.14483089473237384
1.381750769766421
-1.374619575520648
-1.1471650387568155
-0.3601428462196388
1.245134998183003
-0.8604668628724703
0.42522667129024905
1.117437536222531
-0.4280530407610067
1.1748831595072777
-0.6168476648153044
0.9120326680300382
0.16997219310312928
1.3483398863258842
-1.2427334904264757
-0.673812725758138
0.8129920993135415
0.4173534570616262
1.1276799354328866
-0.46026131582880103
1.1371189308078724
-0.49103708294058257
1.0982724366949814
-0.3665188331671926
1.2390519594840135
-0.8377280845870486
0.4774137778026712
1.0479229825436862
-0.21193897353553653
1.353294624365674
-1.2613200267961784
-0.7380962610927573
0.6904919618895582
0.6839199642771276
0.6970348784485562
0.6705297763217065
0.7230119988915974
0.6168450462591768
0.8238022805654565
0.3911543051344768
1.1585484443305953
-0.5627880755087974
0.9975329944257568
-0.06471402784184761
1.3998562291354222
-1.4443800348950704
-1.4187855861235619
-1.317995362471458
-0.9386576805749687
0.23352618662918884
1.308128923828482
-1.0893575520253527
-0.18399044158844802
1.3669077778519163
-1.3132665609904017
-0.9221300825292411
0.27498452667831835
1.2760694907340453
-0.9699523852508826
0.1516655414828094
1.3585358439517174
-1.280207786314535
-0.8046397747088672
0.5509289830782961
0.9368791172618203
0.10513256327457075
1.3784370844797458
-1.3583215192585292
-1.0876031382791542
-0.17914115753467638
1.3689778408832816
-1.321851014864566
-0.9527088627105886
0.19736402279970575
1.3324088891294208
-1.1814974697572975
-0.47041872439845506
1.1245923329978214
-0.4513949712559245
1.1477594351758442
-0.5273554336527364
1.049173642103727
-0.2168647991962711
1.3505351906476464
-1.2520585559566186
-0.705468204320505
0.7544853156177619
0.5489159425353721
0.9392084941999542
0.09742149449571519
1.3805376088720722
-1.3687851955864212
-1.1258922077862585
-0.29444015094814247
1.3006192986650549
-1.0622496135444635
-0.103872613408343
1.393350471882247
-1.4186689382416937
-1.3174680411033293
-0.9366524187777896
0.2387438037987421
1.3040890871241415
-1.0750424774078218
-0.14133182331898508
1.3832378337221791
-1.3782487710164366
-1.1620647245710563
-0.4079664657591367
1.196918595075044
-0.691820259056005
0.7799298746294783
0.4928671502634946
1.0254459941497276
-0.1454491608418809
1.3818252382769904
-1.3727191665847953
-1.1413819244718229
-0.34300317990039986
1.2608328992565985
-0.91510071428253
0.2928790636814108
1.260348920260488
-0.9135424279934908
0.29677493180869896
1.2568962809533557
-0.9011192295598317
0.32732643300488773
1.2280736443726634
-0.7986724832961468
0.5640632520547555
0.916053139952368
0.16141883831987494
1.3537535665703342
-1.2609929974181406
-0.7379112498929827
0.6903364907140339
0.6849095151624356
0.6955259601054748
0.6741992586279693
0.7165428729645238
0.6308590179620879
0.7986141904161809
0.45055111072392784
1.0842658572146129
-0.32427159205047074
1.2767769274565335
-0.9756565846606021
0.13749260226655416
1.3642292872207014
-1.3055994174244958
-0.8932108983451892
0.3475261315261802
1.2066647801205515
-0.7256263380725116
0.7153465876290399
0.6330830087677571
0.7945437020667571
0.4598777995540595
1.0716739910766915
-0.2851009073911884
1.3075428975195345
-1.0881333703243823
-0.17994672629222005
1.3684966442462745
-1.3208933532958782
-0.9488880964578114
0.2075738305691857
1.3260404575253741
-1.1569213893344934
-0.3914945257134275
1.2143163912601154
-0.7507802897594755
0.6646626280025594
0.7353457514194829
0.5917826908566917
0.8688585351551296
0.28222345475612254
1.2697260892139266
-0.9475316162588613
0.2105315226487206
1.3244628357319252
-1.1498099783975242
-0.3696894463252437
1.2359232989377882
-0.8266065422020511
0.5027007510265311
1.0114718840592591
-0.10447594203177324
1.393096768802648
-1.4183573327608203
-1.3157747535532682
-0.9300925341939099
0.25573690553554673
1.2906210624830612
-1.0264927656537686
-0.0014086629988870054
1.4009299543342846
-1.449861798598202
-1.4399450352268557
-1.4002427490305005
-1.24548323752433
-0.6826865647776474
0.7971424419495183
0.45307940146797376
1.0806055223252131
-0.3128758084498637
1.2862997061232222
-1.0093230354071674
0.04598822596036532
1.3948285837402183
-1.4243046175239304
-1.3397032350755431
-1.017924536086259
0.02205047988633786
1.398896658193097
-1.4402875258445047
-1.4026337689445807
-1.2553949885701878
-0.7176245347304736
0.7307749715040547
0.6008708897747647
0.8524107882352319
0.32237265216788263
1.2325405889731988
-0.815205874939357
0.5280645351917881
0.9728696757324848
0.005771643679654074
1.4007606013245146
-1.447482048623992
-1.431340232288931
-1.3669745350530964
-1.1190282887904743
-0.27304778929594187
1.3159894899655267
-1.120754621794214
-0.2781484265666649
1.312457258511745
-1.1074670146098495
-0.2377575633518528
1.338688145487714
-1.20707363470638
-0.5534712987795307
1.011606828047083
-0.106519212999585
1.3924404742458234
-1.4171557836273627
-1.310099051309115
-0.9085231894316639
0.3102663048253515
1.2428494199293685
-0.8549971898110776
0.4388546437696874
1.0979684661073124
-0.3700471852432292
1.235706627986832
-0.8302131783683278
0.49571263915998276
1.018940552380998
-0.13054512145977068
1.3857098231757492
-1.3939022530079543
-1.2184257170791932
-0.58926756071492
0.9572314414170549
0.044816656574357
1.3937083608235776
-1.425532260295263
-1.3411555749797095
-1.020152202699607
0.017820912587947827
1.3982603740074173
-1.4428757222354545
-1.4100502236829424
-1.2809833346224453
-0.8039258775581267
0.5541494888705369
0.9284516828800589
0.12315300822897463
1.3695408671009834
-1.3298642033664783
-0.9788620966048986
0.13021667049473293
1.3665750864684683
-1.3178528238962584
-0.9356957622858245
0.2426715999026332
1.2996136974870436
-1.0625098867935256
-0.10292510798822767
1.3928062014472464
-1.421151996006534
-1.324625125944972
-0.9604120311639419
0.17879450235186273
1.3421940724351789
-1.222726020839882
-0.6043837131472458
0.9329655733766277
0.11142933653308164
1.3744836725449592
-1.3483242572717935
-1.0474773604059837
-0.05968492177292031
1.399569324667551
-1.4475642249600085
-1.4289292975015837
-1.3554587305927177
-1.0738412755014919
-0.1356993278441452
1.3841151922355472
-1.3880747313564623
-1.1956600774577455
-0.5136012782937306
1.068629066088943
-0.28023610038754015
1.310659734961761
-1.1057597133682033
-0.23043006507787112
1.3425102336276644
-1.2267769629536713
-0.6165326820145478
0.9133694817047993
0.16194764823368263
1.3506550317249149
-1.2579643218716177
-0.7228609099376176
0.7217867965047291
0.6150903605417337
0.8229920398461089
0.3885572525018289
1.1588169567847342
-0.5689860960224317
0.9887641478079109
-0.04474507681816737
1.4000805908071132
-1.4526109546626444
-1.4472444143414067
-1.4260452374581258
-1.342452085388712
-1.0243685790705361
0.0064384045211662334
1.399137729723123
-1.4480455587333119
-1.4295237306914548
-1.3561258205973965
-1.0752566115990863
-0.13952592903899164
1.38298228749348
-1.3833333467195128
-1.17793844793974
-0.4563610097203999
1.14203622499284
-0.5130870467713402
1.0694560006718297
-0.2820656221585511
1.3094293935477435
-1.1000966431489085
-0.21364537181698778
1.3518412753069367
-1.2617624904564155
-0.7362621566289426
0.6953800392694562
0.6701432715988979
0.7203807792820467
0.618751969113034
0.8169973423499411
0.40322471459837483
1.1415297207930002
-0.5120455734495996
1.0707748956442495
-0.28751744858391654
1.3054574728617754
-1.0862456997997203
-0.1720541448070471
1.3711328690253293
-1.3371680401483763
-1.0052811767574272
0.05884044696717274
1.3905886005716697
-1.413385230245479
-1.293426116248621
-0.8470235877709027
0.45822046332372496
1.070918011876381
-0.28770531811774774
1.3052041144157125
-1.0858409999747236
-0.1704752451779013
1.3716718999691344
-1.3400887613243506
-1.015611399848615
0.03090193143232825
1.3959923531083895
-1.4357437093988803
-1.3804712007916606
-1.1660956869340964
-0.4175127085859651
1.1868646991496274
-0.6635312230043725
0.8326868072410143
0.36525874366057093
1.184919331372796
-0.6571660431858641
0.8441122283159904
0.33808251435467523
1.214356659683199
-0.7571279622541891
0.6532382074915223
0.7530374541639827
0.5487875085730587
0.9365148287065975
0.10052577380317636
1.3779635279311784
-1.3640519819836405
-1.104835078133384
-0.22759764639561134
1.3442404030190154
-1.2322568597609167
-0.6356579995727228
0.8810472757852649
0.24655342442406522
1.2961268014743559
-1.0511324636921051
-0.06944405340952474
1.3981198056159487
-1.4441330740366862
-1.413652984933281
-1.294121996214417
-0.8497281243595443
0.4517111326058866
1.080057334645198
-0.31533666297063073
1.2839724072998608
-1.0064939667951562
0.05592895339111779
1.3911903526765916
-1.4160008864020353
-1.3037208225997385
-0.8839925017011381
0.3709541320507752
1.1789450899916094
-0.6362306270767524
0.8803115550917328
0.24801041729681098
1.2949597435092843
-1.0467884528836378
-0.05713856169005738
1.3995253172792257
-1.449024229075798
-1.4334373331319226
-1.371274999504116
-1.1320546011090373
-0.31088466183523833
1.2874517961825416
-1.0206135237366372
0.01741013998408293
1.3974943573531926
-1.4435677343229871
-1.410338235029063
-1.2801808849129526
-0.799492185198521
0.5644647456698455
0.9103638208314314
0.16933332390679082
1.3464595778046253
-1.2425174027209005
-0.6696330472621815
0.8217554697791998
0.391296881996275
1.155361835968965
-0.5580017121377531
1.0053292123779383
-0.09236720164643694
1.3947206793808218
-1.4302336651591474
-1.3590633564668755
-1.0863124784144007
-0.1724449706299361
1.3710169326127366
-1.3362069381063217
-1.0019621470555666
0.06793060981309128
1.3884337939526483
-1.4042492145590026
-1.2584234948436204
-0.7253642293541674
0.7168425316266098
0.626776402079907
0.803085528021858
0.43667730916806546
1.1003291747529986
-0.37799837866639013
1.2278183968039922
-0.8033519816916421
0.5554232282073768
0.9265939131741482
0.12849127895706428
1.3674421114320214
-1.3208709079100884
-0.9466805283137507
0.21404897106790516
1.3205500268747536
-1.1395575285362918
-0.335551310516196
1.2671929392438883
-0.9419176005868848
0.22604193128334274
1.3125619842218352
-1.1084186233599527
-0.24043791159895617
1.3370856116497651
-1.2009566429581804
-0.5331902160919783
1.0410129294099422
-0.19320725143788411
1.3624353853580573
-1.2984560803006335
-0.8676541751939144
0.4087616778168881
1.1367644180785341
-0.49259930065349705
1.0964272352463698
-0.36331369319689
1.2420149704214296
-0.850833392331639
0.4480463678941207
1.0868728871304285
-0.3331785466152095
1.269220995499122
-0.9485640563131756
0.20886276150538055
1.3244195835989534
-1.1529824376584907
-0.3781902516966328
1.227678423327335
-0.8000607560645167
0.5617913704319567
0.9174222449539364
0.15438037215472544
1.3557967308830117
-1.2740629826610848
-0.7808021103856366
0.6032728928030633
0.8467134958378395
0.33443243856341426
1.219491807194326
-0.7717514373517516
0.6221598491787345
0.8129279537101497
0.41523651372358344
1.128513948709114
-0.46636487062456694
1.12980220053839
-0.47066445281487157
1.1244674850467944
-0.45322783471936195
1.1457256228537651
-0.5225367336368233
1.0560826978622062
-0.2394568709791481
1.337568645455801
-1.2042478126010665
-0.5430811210046813
1.0268676047530851
-0.15252594673636266
1.378895355506172
-1.3649217512863177
-1.1097412545155418
-0.24405272456154922
1.3347667731464932
-1.1935088563497025
-0.5079961605169072
1.0760112802791428
-0.3008188666109634
1.295633124152993
-1.0467367081260506
-0.05794593602842156
1.399920328648176
-1.447967833739961
-1.4310571360710105
-1.363929261704523
-1.1057622300265637
-0.2314401702217629
1.342247663258779
-1.2227176755601665
-0.6044904321270061
0.9327165138873174
0.11298356042747001
1.3739806408419966
-1.3460272739509607
-1.0390364744538947
-0.03603108604467547
1.4011458963478998
-1.4530949492335166
-1.4514991967290538
-1.4449808178481907
-1.4194291094268179
-1.3188120595845545
-0.9400350173774409
0.2310008216766057
1.3089892038594033
-1.0952598110571583
-0.2005747942491532
1.3588659696067906
-1.2850170449460008
-0.8196974587341719
0.518852878226153
0.9859493429643988
-0.03238273360416452
1.4017862031275
-1.4528974818433844
-1.4521815541629104
-1.4490842964824426
-1.4371062534100083
-1.389518527803074
-1.2046431101267643
-0.5461267501993008
1.0222089424611502
-0.13591708876400752
1.3847987320688027
-1.3851486586059243
-1.1878876785342216
-0.4906935514803819
1.098808993076801
-0.36954103700329066
1.2361528094490988
-0.8282781329099611
0.4990134299216898
1.0167316181461676
-0.1194840969736599
1.3895727796295234
-1.40348422712688
-1.2588365847589496
-0.7293211602703205
0.7079878231735457
0.6479352394314694
0.7661830211177748
0.5236734003925613
0.979412259704363
-0.012906678460246334
1.401881395155581
-1.4519635154713968
-1.4492831825941368
-1.4387451882707096
-1.3969654282177677
-1.2338624103421811
-0.6441317208543651
0.8655776230867298
0.289490854473229
1.262973513670498
-0.9240402843970549
0.270856768888284
1.2790983395219229
-0.982044857754178
0.11980718172944574
1.3725290842529296
-1.3358491892309379
-1.0041966882570115
0.059708830588650535
1.391888725649527
-1.4125337094101142
-1.2936469553649201
-0.8513409821983488
0.4464268248402007
1.0894822717622117
-0.3408254951899552
1.2625465763817045
-0.9241581422431459
0.27084021657772145
1.278455661046478
-0.9813875708488061
0.12219122926899044
1.371185433356598
-1.3319045855797094
-0.9889000370043347
0.10168287351738353
1.3793699288004648
-1.3628504767719354
-1.1043430509678542
-0.2290733831447746
1.3440914837139502
-1.2246423040937444
-0.6133126554910733
0.9177736072113314
0.15690339683668564
1.3559901538482533
-1.2700218997940123
-0.7689593595205817
0.6271574090519234
0.8062290271689759
0.4340482158440111
1.107017663665643
-0.3934540269269379
1.2122770569907304
-0.7431020323716633
0.6800441691115496
0.7052067507864238
0.6544596176288876
0.754741938201915
0.5494700275322071
0.939012794800755
0.09907701517317553
1.380559859898523
-1.3667323568856877
-1.1190774308145113
-0.27413216609519325
1.3154411866070277
-1.1164335230224123
-0.2656879810494151
1.3212511961750129
-1.1384335685001694
-0.3338350963185941
1.268754361822991
-0.9448673510227287
0.21781623398549058
1.3190277851602175
-1.1305536645172234
-0.30938923783962763
1.2889908571329578
-1.0189076066036848
0.019441354548667023
1.3989395013971024
-1.4417881276233826
-1.4077485694046195
-1.2745121439449856
-0.7835604637442936
0.5969682488985787
0.8588688626280565
0.3060173195041415
1.2479479594959175
-0.8704376230667266
0.40190295012966243
1.1456927655359104
-0.520484065634309
1.058765318986188
-0.24577137771389773
1.3338480052851247
-1.188064954831048
-0.49110882059039124
1.0983097185396893
-0.3684887757920154
1.2370947749170456
-0.8327920157220596
0.48907560381685766
1.0300997205201998
-0.1608790272310879
1.3759883229232144
-1.3522992133218352
-1.062949276601081
-0.10525670527643935
1.3928673844831119
-1.417882800812187
-1.3137459110021803
-0.92271908515825
0.27435030427465906
1.2754455275130896
-0.9705672073795024
0.15102927800587856
1.3580914840311773
-1.2809336835722882
-0.8058297330163212
0.5489912225569329
0.9393723128430089
0.0975507229031028
1.3807670582512757
-1.3687455518544878
-1.1260861349171383
-0.29539008196470107
1.299959929023022
-1.058769884136172
-0.09404759141878448
1.395643604214658
-1.4262234682217443
-1.3480393744961119
-1.0493524518542972
-0.06729636520367904
1.399755232256703
-1.4427149562875743
-1.4130788757623827
-1.2966046556325062
-0.8624153177551301
0.42021859594766325
1.1243003439355135
-0.4491869137369314
1.1503950983331397
-0.5344620072462799
1.03899669627704
-0.18446398564581604
1.36667088708015
-1.3123201033000387
-0.9187954809300977
0.2834789935417106
1.2686427165590484
-0.9435876832501296
0.22073441355720436
1.3174936739826681
-1.1237738280366987
-0.288643532683247
1.3050212868554025
-1.076923539380311
-0.14751015438475315
1.3813617695166658
-1.3693320127089907
-1.129361628614154
-0.30615872831640384
1.291629155125746
-1.0265162631259976
-0.002745832266167307
1.4016107352029872
-1.449783727128903
-1.4414024280357236
-1.408213040052268
-1.2780099165433054
-0.7974689868690287
0.5664618561415095
0.9123704995657159
0.17150775297870885
1.3482570931984317
-1.2403225116003802
-0.6665969131246124
0.8258733328247968
0.38748770005322497
1.1635858667600742
-0.5780318980964653
0.9740378212025074
0.0028576512818334235
1.4010127751159849
-1.4482975376537957
-1.4349707800593312
-1.381945283612931
-1.1762881940112322
-0.45402725926636067
1.1446359680616984
-0.5153287790035586
1.0657432869721681
-0.2650988647418937
1.3216654121732792
-1.138986254726861
-0.33598213494107443
1.2670826648048512
-0.936308802083363
0.2387337985934662
1.3052990544034233
-1.076089393871849
-0.1457956252842911
1.3821653233925308
-1.3706740302650624
-1.1354561980097444
-0.32571117047041404
1.2757153196984754
-0.9670014332831329
0.15891864772515255
1.3555692944089572
-1.2661406289895947
-0.7569138524358688
0.651562598535987
0.7624010527065413
0.535257339492053
0.9638875578409636
0.03416277215486507
1.3980486963247811
-1.4327173696502131
-1.3753128860741155
-1.153570418900205
-0.3831216797688785
1.222718115190322
-0.7766292833462853
0.6104973632858385
0.8379669058639736
0.360923943596342
1.1950826430433386
-0.6803078814448765
0.8002333266103654
0.4505384659537089
1.0871726154951908
-0.3279426583417281
1.2739289373269145
-0.9589337577643965
0.17955067992405851
1.3445043561463579
-1.2232092002883408
-0.6101277914587974
0.9225362275413634
0.14615670024664995
1.361945348571311
-1.2909283771719329
-0.8440101644735816
0.4620323168007824
1.0716682775673234
-0.2798169177137519
1.3116684883309258
-1.097651445774198
-0.211102894636812
1.354230523416652
-1.2597504410198883
-0.7351339977811125
0.695372846315488
0.6765558661772153
0.7137908694756663
0.6386324876426648
0.786251887292345
0.4811316386228825
1.0440900671847078
-0.19783171880175798
1.3607662698704799
-1.2866440967657804
-0.8283797091181508
0.4978966016970396
1.0200446217937873
-0.12651651628969443
1.3882873556133555
-1.3942181553641737
-1.2253163415707593
-0.6171997297646411
0.9108184880562163
0.1772249862306326
1.3458356389377901
-1.2283865954318112
-0.6276498858769414
0.8932520648810718
0.22189780591877487
1.3173267272029408
-1.121181614901028
-0.2815062216745951
1.3103999946236373
-1.0946327096648425
-0.2011262689434542
1.3590312511662554
-1.280917055761777
-0.8077492636616611
0.543976276007378
0.9488813614661038
0.07351290722828083
1.388867757931388
-1.3983477435941605
-1.240151289684269
-0.6662590180546301
0.8262692977193202
0.38659204121602864
1.164859933816615
-0.5814656636042153
0.9686992841739747
0.018590433716543606
1.399484632479663
-1.4420293651848914
-1.4100642624295054
-1.2846689024637765
-0.8201031989231733
0.5170413984641997
0.9898834980346494
-0.04218132973976142
1.4016295964270575
-1.4513498689277424
-1.4466222713381445
-1.4277792493725467
-1.3533082380525983
-1.0682487880360136
-0.12148312120041929
1.3889779290575461
-1.4017453576162748
-1.251772517405856
-0.7047931158808116
0.7554956588333721
0.5476747493491427
0.9420020410664932
0.090831815520447
1.3830745740881336
-1.3776541413399492
-1.1598220344554495
-0.40064801686925466
1.2049255394327572
-0.7180807477259016
0.7296348851491524
0.6038187037167562
0.8477598291519709
0.33425953351273924
1.2210228352164239
-0.774252597628282
0.6162755878362184
0.8251538850559974
0.38875880616253694
1.1621691754370713
-0.5728955555726658
0.9820306509214138
-0.0190103078228584
1.4023823180620718
-1.4521860319107984
-1.4515766554641125
-1.4490207292709474
-1.439032413764922
-1.3995269588791044
-1.2448267745927186
-0.6825150730476872
0.7965789167003763
0.4571620018003696
1.077122381906121
-0.29891818194827446
1.2973246434143446
-1.0472062782539222
-0.061545509654784857
1.4006717442041126
-1.4448578273822081
-1.4224675453332067
-1.334123007782299
-0.9988819539937429
0.07328424825907716
1.3891758527630473
-1.3985137285864568
-1.2414373781278978
-0.6713827046961095
0.8167066063608139
0.411019626069716
1.1367645367824528
-0.48737136409419446
1.1027784494876212
-0.3784694563389097
1.2274554141431453
-0.7939907764495486
0.5736277562534261
0.9013764609035786
0.20145128401233015
1.3312304838797755
-1.1730252034890862
-0.4446302447456053
1.1556699407868816
-0.5492490941184673
1.0171921872920306
-0.11822004108013759
1.3904754460212354
-1.4034455918857358
-1.2602545381834682
-0.7360406141643849
0.6938191914372941
0.679650761246337
0.707876622407056
0.6511618762474655
0.7633046268159466
0.5335311966899117
0.9667673434005449
0.026368608891661503
1.3992904818474776
-1.4375490925067786
-1.3944940632143843
-1.226449356759511
-0.6206948823030952
0.9051778436809518
0.19149378055041563
1.3374089713300168
-1.1964458803970317
-0.5208308496029049
1.0579797421008772
-0.23929996361056147
1.3381708502438787
-1.1998927050570027
-0.5319934319539833
1.042292058243428
-0.19285675331766136
1.3630713693073198
-1.2961905760106653
-0.8622851246202722
0.41990956251097145
1.1252046691796669
-0.45109781992363335
1.148143906589028
-0.525608274618781
1.0513039691764776
-0.22025392430868504
1.3490858553521605
-1.2424692033135993
-0.6744432302097647
0.8113415200145878
0.42341176074216996
1.1214168570224567
-0.43768553813592803
1.1638335369235377
-0.5764367161042376
0.9762266498343739
-0.0011533303648386664
1.4018695611708085
-1.4490812918414493
-1.4396677783793115
-1.4022395084430541
-1.2560985174710895
-0.7215357123762686
0.7225348200074422
0.6200464771368681
0.8198967756767018
0.4028771092714534
1.146459440766833
-0.519164628764778
1.060170844452186
-0.24645810547828134
1.333888305045399
-1.1831190457365235
-0.4777000489550923
1.115113623679389
-0.4177521010672882
1.1864062560366235
-0.6522804830147773
0.8508730782475613
0.32912031534524455
1.2276236430905887
-0.7940715573198914
0.5733455469675088
0.9023042392976162
0.19979072909510845
1.3325524011051886
-1.1771373831558272
-0.45865693641989397
1.1388740303240705
-0.4933885673073608
1.094900648935237
-0.35297772293089386
1.2517757751951764
-0.8792794912057295
0.3792460510463035
1.174545742971986
-0.6116592945984125
0.919901970321724
0.15283975913314302
1.3587967994808687
-1.2782346032555847
-0.7993846760414569
0.561648584487119
0.9213596480194313
0.1493661908080597
1.3606549933354692
-1.2851199291333564
-0.823587074791024
0.5081857797041135
1.0054605614515146
-0.08303776116889672
1.3982362676642193
-1.4325350103475478
-1.3752482835862454
-1.1539638538929335
-0.384761992755519
1.221164214233727
-0.7700100665687485
0.6240097840484291
0.8143685628865878
0.4177817322644539
1.1293027197379113
-0.46168640131056166
1.1350267917350803
-0.4807162836673467
1.1114140694785892
-0.40472515456325203
1.2003970922906935
-0.6989164371288464
0.7654977829454012
0.5287266247037614
0.9742443238367888
0.005777062494159508
1.40188690531698
-1.446653447446187
-1.4314562041300127
-1.3711135791542963
-1.1385272138932647
-0.33647247915905987
1.2667065137431848
-0.9309757430314387
0.25119841083230854
1.297290774308602
-1.0429776710922103
-0.05104876707020692
1.4023408312207444
-1.4474736938022055
-1.4353856678956873
-1.3870476071113784
-1.1990102957254698
-0.5306149055823752
1.0438698450855237
-0.19515191477836474
1.3622866225681454
-1.2903851110383244
-0.8428678997253294
0.4642784689826993
1.0690861914850227
-0.271100975624729
1.3178700683331481
-1.1198586855029895
-0.27883770898826543
1.312443690870601
-1.0996025208606488
-0.2170498363819675
1.3511877941735224
-1.246746160428932
-0.6909831984682137
0.780350009844041
0.496409134489994
1.023438970813529
-0.13443738054240867
1.3863447305722048
-1.3835915356071495
-1.1865991331989707
-0.490330377538535
1.0987826238224325
-0.3625937788086266
1.2427975795465571
-0.8449939282497851
0.4591677596216642
1.075873944251121
-0.29224136621424895
1.3025289933486306
-1.0634037342852605
-0.10949155537862765
1.3929152680900332
-1.41145559743932
-1.2926126705163856
-0.8500622145194099
0.44790423837727017
1.0900586367562621
-0.3379800141072972
1.2653035147317575
-0.9281204915562874
0.25904592886197736
1.2902694839290816
-1.0190540778895065
0.017069315370937133
1.4003609333592386
-1.4423886067744354
-1.4132708179592113
-1.2990731282670325
-0.872924292310606
0.3945714683988898
1.1566562566248801
-0.5521677368084438
1.0128554836548822
-0.10525358952911495
1.3937112237370957
-1.4158302279923407
-1.3087038101233752
-0.9070180909444894
0.3119691094148934
1.2435841440053426
-0.8519458840111456
0.44417295083746916
1.0940672045379776
-0.3519156785523252
1.2526871458161195
-0.8848292375662132
0.3667011253156227
1.1873173841244293
-0.6573830462297799
0.8423335149927789
0.348060078204579
1.2071989120119184
-0.725297477538018
0.7154432853392038
0.6340921999126556
0.7937294873726276
0.46323841832773416
1.0683740912012323
-0.27283494880657605
1.3164022517008087
-1.1187251775327933
-0.27371034800788896
1.3158094037824735
-1.1163910570346902
-0.2661838115924813
1.321080240757739
-1.1356717133110075
-0.32624438903965625
1.2752588500134956
-0.9663517131891977
0.16093917067217126
1.3541400138316124
-1.2623407505108957
-0.74262196831014
0.6810374821654696
0.7034809148151032
0.658255706437074
0.7477814284416809
0.5652025915860391
0.9139767594679226
0.1665537973295887
1.350632096707951
-1.2503457425719393
-0.7004258789750915
0.7635681472903384
0.530463533797692
0.9696098828711393
0.015839307029913593
1.39996099118006
-1.4431426737996127
-1.4149531017699146
-1.304352408930438
-0.8911400123526995
0.3510535918126688
1.2045289569346949
-0.7157151290843861
0.7342099103283964
0.5950618176164296
0.8639031801084057
0.2956441386632846
1.2586439708199644
-0.9054839583628186
0.3160543520646064
1.2397462919664193
-0.8379804329932992
0.47610435984091326
1.0510964828201632
-0.21925541754977695
1.3496212502360945
-1.2445877408187673
-0.6816483265277237
0.7984803046433774
0.45275791455839093
1.082839070356817
-0.31681792560686206
1.2831148355732114
-0.9947540625178903
0.08479420809169987
1.385517867596976
-1.38536534048616
-1.1901028592907295
-0.4992052623429647
1.0874335106042055
-0.331666848820105
1.2708088828592587
-0.9494986736957021
0.20462586745422376
1.3288235404058857
-1.164642605599548
-0.4177106248467995
1.1864069575560205
-0.651611515299853
0.8520301832529631
0.32641851424350016
1.230495273536434
-0.803382486944834
0.5527793378147665
0.9362453900480666
0.11003228014535003
1.3776614856732736
-1.351518693575426
-1.0642948742883906
-0.11184869023052156
1.39212545355389
-1.4095876635446538
-1.2845403769654689
-0.8210651054049285
0.5142166038190642
0.9959555020394779
-0.05638731737241303
1.4015211460970547
-1.4463744369911584
-1.4293359161832555
-1.3617597529961734
-1.102155647334299
-0.22400933957627647
1.3471660946238688
-1.2333464595960708
-0.6444419549847641
0.8644448415372934
0.2960964372465684
1.2589966336307818
-0.9051772957815503
0.3163629219983259
1.2399544554524475
-0.8377431674086981
0.47644403362308624
1.051148722314148
-0.21847148384174672
1.3502827617191335
-1.2452544553858553
-0.6848648547035632
0.7921039381958827
0.46830811367754427
1.0625641558625147
-0.252584246026523
1.330038967179324
-1.1678782104127512
-0.428593164138933
1.174067277872569
-0.6100070692714299
0.9226464775483154
0.14549754804089746
1.362178579796205
-1.2922954824732251
-0.8483172563864378
0.4524976484586444
1.0838425213507161
-0.3183734449965819
1.281953816352865
-0.9886570688011109
0.10061269042430254
1.3809235635855395
-1.365011667005237
-1.1144223362574313
-0.2613721147644997
1.324411454622643
-1.1461730263438363
-0.3599287759123659
1.2451466130920226
-0.8566941497493299
0.43296710569292757
1.1092374696294778
-0.39864110822816123
1.2069109807158267
-0.7219018521750475
0.7214807712911425
0.6229813546524399
0.8152618330004199
0.4144410878406236
1.132844075047049
-0.4737803714247275
1.120191382129957
-0.43331738346709636
1.1688490558044649
-0.5932122345025816
0.9499786720671066
0.07140080147593925
1.3896726203816583
-1.4006440679489878
-1.2496187263857552
-0.6993012715832628
0.7652652450189475
0.5277750029479437
0.9746073038555598
0.0029212281686091983
1.4015760737850098
-1.4478975381775356
-1.4349343968527961
-1.3835050646624873
-1.184267892611857
-0.481221188263757
1.1107436638370016
-0.4035630166042054
1.2015048809170361
-0.7043661195929221
0.7555819656038154
0.5491386181966413
0.940802653535445
0.0957232572603584
1.3819854499297004
-1.371397939302132
-1.1372860716707371
-0.3307938018802267
1.271395594972726
-0.9529406694073708
0.19630507549728782
1.3337062692641668
-1.1843211714194375
-0.480667357531763
1.1116083925696025
-0.4065559669337675
1.198521735217163
-0.6938445350357236
0.7755263294330929
0.5051501877067736
1.00900296261212
-0.09504314751810258
1.395616101651437
-1.425089150564159
-1.3435202778133375
-1.0330347521227827
-0.021092405662585748
1.4023598862711495
-1.452499958099463
-1.4522942963121284
-1.4511273859277332
-1.4467591309641548
-1.4291724929303091
-1.3595403214490542
-1.092395776170412
-0.193685777656757
1.3626984585166424
-1.2950378900223656
-0.8578612486814087
0.430240636540805
1.1122788056042965
-0.4096982171094669
1.195092532299678
-0.6835446334488393
0.7948745139600314
0.4599402534372859
1.0726577366910546
-0.2859664199958941
1.3069241533984766
-1.0839982190579205
-0.16853027750496563
1.3734730741283392
-1.3387282607379694
-1.0148856415896959
0.030079340620516724
1.3981662236610306
-1.435400871587112
-1.384881099206342
-1.1882950208172296
-0.4934416923750189
1.0950215129686967
-0.3556233163024819
1.249243874178734
-0.8736811509579269
0.3936437231098105
1.1565553321998
-0.5544081487809024
1.0098839691704542
-0.09901402474096643
1.394564802145555
-1.4223061936450305
-1.332147758756403
-0.9909154652322664
0.09552402548094518
1.3818031795728063
-1.371397181045153
-1.136979248700754
-0.3297076321185755
1.2723188803863326
-0.9567757794656154
0.18628349355881893
1.3395076619169253
-1.2074760632616266
-0.5560785020056485
1.0075140972558136
-0.09194684287204374
1.3960948811086324
-1.427602251260823
-1.353582204694968
-1.0704301944563606
-0.1286141520601961
1.3873156381764655
-1.3930321526188412
-1.2190229921777853
-0.594601033710223
0.9481128857862928
0.07535176002355848
1.388290558624279
-1.396305511696795
-1.2320556925999464
-0.6388928860184825
0.8745360495243184
0.26926103270257395
1.2814114718268794
-0.9880607559742183
0.10265401303585685
1.3797760519815776
-1.3619393962088915
-1.1021317922080525
-0.22311941018110207
1.3475725846623503
-1.2366253918565429
-0.6546366402781917
0.8468802149087271
0.3374942898649459
1.2183428908216878
-0.7638057370166897
0.6379491561487011
0.7864329771507471
0.4795031545753049
1.045556180343784
-0.20380307136201248
1.3575765866756124
-1.2765278497630583
-0.7919074762357191
0.5784989849893184
0.892250175014294
0.2237159219166915
1.315769579519654
-1.1163205018953228
-0.2661832868759495
1.3209958116566387
-1.1358884462215442
-0.3265815864465659
1.2749921249901686
-0.9654237929094469
0.16333589062978546
1.3528642052317648
-1.2570537680588825
-0.7244974876849385
0.7170519579140051
0.6311782143527248
0.7992111852702142
0.4506097054049182
1.0857670753070825
-0.32554133672751634
1.2758580970989724
-0.967778393482961
0.15677061149017263
1.356452970206442
-1.2705714572839828
-0.7717162359511522
0.6210585316498691
0.8181505301438993
0.4070533839190969
1.1413628444774433
-0.502491581713187
1.0830293285326678
-0.31586299498092446
1.2840433522823238
-0.9958896861051586
0.08072447302880789
1.3876930391573958
-1.3902524639559342
-1.2110879551325247
-0.5701707929076809
0.9856942581257289
-0.026466611575266447
1.403052730813709
-1.4518054773707072
-1.4516962016211992
-1.451369019087318
-1.4501988452742167
-1.445271782369921
-1.42537438989921
-1.3470987372178733
-1.0482196237253805
-0.06557106015330405
1.400630671817424
-1.4424761107918123
-1.4141215086319268
-1.3025444405932445
-0.8855932892949123
0.36405566218513036
1.19145552565338
-0.668550062034609
0.8217936559980605
0.39963107004384274
1.1509884207797165
-0.5329249258132035
1.0408368646928259
-0.1868585338738184
1.3660340814704388
-1.3060194726014205
-0.8980473687942458
0.33362480215441664
1.2233367526019232
-0.7785062829115339
0.6063156415574037
0.845313949277516
0.3425504584979065
1.2138486401336441
-0.7462380818249421
0.6732088987763478
0.7203904163808584
0.6249588833918353
0.8114453144338358
0.42307081709259325
1.121771098345896
-0.4389802435220229
1.1623356388172403
-0.5713127766924925
0.9841429613682638
-0.023213549338447974
1.4027966041037105
-1.452137998200359
-1.4520833757943459
-1.4519378543040682
-1.4514494556840638
-1.4492164201521558
-1.4403089034673422
-1.4045576807571858
-1.2645700160418742
-0.7504812963715942
0.6650306470010695
0.7352626602165481
0.5923846063634008
0.8677672414077108
0.28457951277634314
1.2674363335329304
-0.9396796875926574
0.23087712945842023
1.310289024542543
-1.0968250778684314
-0.2065661150359438
1.3560566870408024
-1.2715096662154477
-0.7737352171447612
0.6173862117513372
0.8230514760871839
0.39346707417670385
1.1562186857888965
-0.5543085592995147
1.0101175892819423
-0.10085929554641616
1.3939758565911757
-1.421377700596652
-1.3276348203803305
-0.9733822057360764
0.1430442834601874
1.362146756401869
-1.2960404570420208
-0.8595312832096612
0.4274791362755405
1.1145260644534931
-0.4185323474532633
1.1855745551097614
-0.6520985411283912
0.8517269795951803
0.32453869349098163
1.2307661062032462
-0.8081083935906304
0.5435209712593754
0.9493919198365022
0.07195249505962778
1.3890911879349819
-1.4001313847012415
-1.2464245622105816
-0.6872546581047612
0.7881275718874237
0.4753879595904152
1.0511973819263478
-0.22106292961037055
1.348628695660055
-1.2417444359746124
-0.6714221495820951
0.817107387586852
0.40826675170884963
1.1390292793282977
-0.4965910308393054
1.0909791837703187
-0.3425676217360746
1.2611866081747956
-0.915199076314419
0.2920500308354529
1.2615887761460978
-0.9169091234655794
0.28807475683655165
1.2650816505658153
-0.9294246414223363
0.25641509798009476
1.291489419062606
-1.025774937153529
-0.0009359781252729947
1.4015654278492296
-1.4493122462297445
-1.4395905275830594
-1.4006976089450343
-1.2488035214744742
-0.6955035128332206
0.7727836106591239
0.5106438041804965
1.0003084114402458
-0.07091788620380342
1.3994727761996757
-1.440719890974622
-1.4057194197476832
-1.2685827911694754
-0.763664833541046
0.6384713645710232
0.7850085490475537
0.4825854882483034
1.0412186447813172
-0.19040882494811606
1.3641934522052797
-1.3008497603429732
-0.8786689397906798
0.3812484627736746
1.1715475976589724
-0.6028472513677391
0.9344168382903673
0.11331046037987164
1.3758114929311849
-1.3461966323456347
-1.043728310060649
-0.051954993697522746
1.4016780652289798
-1.4480835907804757
-1.4357057076010864
-1.3866054324421389
-1.1961350717476253
-0.5200448323386619
1.0589561175019173
-0.24218674888697922
1.3364667639045882
-1.1930910954270426
-0.509892719428783
1.0729315961522252
-0.2853530800273892
1.307508039667899
-1.0843229349369312
-0.17022052257978376
1.3729690297382424
-1.3349913535169955
-1.0021525309998962
0.06432562134932475
1.3918706145962414
-1.4077312125636507
-1.2780645573576987
-0.7989346441555351
0.5625473189469992
0.9200520096877489
0.15289456848390962
1.3589056922881602
-1.2785646097411203
-0.8001883613108514
0.5601041697386046
0.9233012994941184
0.14281688994412448
1.3630129318335578
-1.2968270661147658
-0.864004585393462
0.4160110773395734
1.1297955066269887
-0.4662233479674422
1.1297409081028464
-0.46568416633274684
1.1303006359487364
-0.4684671078020182
1.1269184567430737
-0.45814424057754
1.1398037015976081
-0.4991748340301801
1.0876291687253814
-0.33212712488656176
1.2702320104327378
-0.948340897763464
0.20801931742483717
1.3261946663629753
-1.1562127373373896
-0.38997771657227426
1.215816827748624
-0.7559009099744896
0.6543169295144301
0.7552104659922405
0.5489110549208155
0.9403370809780481
0.09569254495788512
1.3815202262055204
-1.3714041549737672
-1.1360968793946928
-0.3263135530630021
1.2751907354063776
-0.9682838218220927
0.15651469072695096
1.3557460523364029
-1.2704818719521043
-0.7699854184486661
0.6252919664297766
0.8090694512973045
0.4267528269303301
1.1159558100139078
-0.4224179141718955
1.1812632547106299
-0.6371762093513229
0.8776740919770839
0.26021787900810567
1.2883598015631554
-1.0144995458234665
0.0306027706822579
1.3980316288231378
-1.435315229078564
-1.383818552669835
-1.1835649916565292
-0.4775041280949406
1.1156583139374294
-0.42153024808498685
1.1822577358463835
-0.6397403001944524
0.8731671250054507
0.2724438054243706
1.278756293128774
-0.9783727958744081
0.1286735708974692
1.3695634260914946
-1.3219482927353678
-0.9544877171270192
0.19214286562738336
1.3361346266314524
-1.1941336596262437
-0.5122212886271065
1.069886368533128
-0.27766943060313415
1.3129627210704888
-1.1063413981161008
-0.23571526001871368
1.3401079438004069
-1.209490810273212
-0.5628603617980172
0.9972012758483373
-0.06252336554160581
1.4003183977768372
-1.4449506089296889
-1.4215243144246212
-1.3293848007699955
-0.9808431472056327
0.12264953789696285
1.3717242026824006
-1.331332025633713
-0.9882774995214069
0.10256259275118505
1.3796329439423631
-1.362005619674549
-1.101937029579293
-0.22233693044720035
1.3479360958994304
-1.2382767028994255
-0.6601792638385336
0.8370865365613239
0.36141149205570894
1.19343581540913
-0.6772593637121557
0.8063814153879113
0.4343088249213367
1.1070305972529433
-0.39268011955962456
1.2129957339415343
-0.7447694633381678
0.6765471723764714
0.7129480855956747
0.6394123108053127
0.7839261772743813
0.4857770471321011
1.0370220676391195
-0.1776567082045458
1.3699227989795724
-1.3231435821597084
-0.958965077879975
0.18028507333976404
1.3434724264019924
-1.2211660871288805
-0.6023865655442648
0.9353199685100929
0.11054912891345467
1.37677960669904
-1.3503673382151418
-1.0589601406799665
-0.09528305978630021
1.3955806073086587
-1.424779333313385
-1.3429557683552649
-1.0313006131148725
-0.016463226612961013
1.4024842458284352
-1.4519337763350588
-1.45066845706702
-1.445895755078497
-1.4268479927521942
-1.3514193558382537
-1.063489031104649
-0.10899895302916068
1.3929191062079038
-1.4122809238388003
-1.2951869556927638
-0.8588744684442874
0.4278944756704779
1.115428751602932
-0.41912760442381436
1.1847911888955567
-0.6477655098103162
0.8590382348300895
0.30758035970562214
1.2474870844746218
-0.8660195899966695
0.4111816158163544
1.1359422136264374
-0.48581772616792357
1.104868751555384
-0.3862828237708972
1.2195817774095619
-0.7679727412495223
0.6290460380888795
0.8030031485203164
0.4415802704289274
1.0972492020624818
-0.3621954255096974
1.243208766013591
-0.8505672230005358
0.44741006795352406
1.0902059862636762
-0.3389704754090325
1.264259977023857
-0.9256470469712544
0.2658317209974183
1.2841871696058385
-0.9983046787632843
0.07493432894637292
1.3886886875982574
-1.396736623712986
-1.234331148655553
-0.6472185518273151
0.8598572386267598
0.30577973195402075
1.2492510341041179
-0.8722841933317409
0.39660453154444586
1.1535622663598464
-0.5433755916724852
1.0259647477594378
-0.14479617344391538
1.3824283511561801
-1.3724561329726142
-1.141623305020296
-0.344541777529129
1.2594124760132384
-0.9087370583953679
0.30825421186401547
1.2470514999595679
-0.8643234480134258
0.415542015562104
1.1312014172886322
-0.4691583395729801
1.1260242363620288
-0.45224579190517894
1.146632059517379
-0.5195395717883516
1.0597109864991936
-0.24472306531671234
1.3348134772564235
-1.1876253063320865
-0.4915392839078649
1.0973569922356636
-0.3620510962989901
1.2432442824309382
-0.8509180474637635
0.44675834055243085
1.0909255862199618
-0.34146121164186877
1.2621953503357128
-0.9175517221572134
0.28585322549149295
1.2676148152168436
-0.9371677257006191
0.2361780023572976
1.3070321441671244
-1.0832704545138672
-0.16663156865771533
1.3746092474584524
-1.34060066726382
-1.0234081109159392
0.005073517194872713
1.401591723362286
-1.4472594957223055
-1.4324588358553247
-1.3739017781204126
-1.1477644199155388
-0.36445445840464347
1.2410907922492203
-0.8416066514107149
0.467717425777946
1.0634137257482559
-0.25526146260124455
1.3283799071817282
-1.161332314955943
-0.4080845695692214
1.196729715124266
-0.6869964418839467
0.7880308585938391
0.47758666461870647
1.0493866113448402
-0.21344872780693494
1.352965234942803
-1.2557250484668223
-0.7207953485190121
0.72373647815928
0.6182149832059572
0.8238381181608755
0.39415171610297967
1.1570899855002075
-0.553697143622502
1.0105459061509752
-0.09876625297558898
1.3950315473279875
-1.421552550188744
-1.3307932154972664
-0.9872391888997049
0.10479111551878541
1.37953353116072
-1.358879065104188
-1.0918676639553517
-0.19343899139841694
1.3630160215629057
-1.2941196370535915
-0.8555766113689822
0.43529513183835045
1.1064835262926336
-0.3899204136960412
1.2159307964353112
-0.7535720712942187
0.6584643340052618
0.7489173672520868
0.5642426539017438
0.916797802248268
0.16087962840067271
1.3544627510865963
-1.2624224321757984
-0.7435172380524641
0.6788295091057132
0.7093025099174756
0.6482117376452737
0.7684436201531729
0.5211069097715282
0.9849265740019986
-0.026103341397494078
1.402570513814396
-1.452343809969855
-1.4522969087901423
-1.4521790692668952
-1.4518337126342529
-1.4503249455697813
-1.4438290005490313
-1.4179847234905698
-1.3161790111560139
-0.9334456160496304
0.24618098350872414
1.2996495711229181
-1.0552595350776481
-0.085018931834859
1.3974403251058762
-1.4322315676536883
-1.3720572341870467
-1.139668970939607
-0.3381729869299143
1.2651149485795237
-0.9298489518126309
0.2553116602369206
1.2921262065447863
-1.0287497143135047
-0.008862641932241557
1.4020444030494532
-1.4510180801094934
-1.4466064155966
-1.4288818646077461
-1.3588737528777601
-1.0899192453401336
-0.18621787782640872
1.3659604690707248
-1.308892562604584
-0.9068913294545475
0.3129953002017109
1.2424733296809995
-0.8480196034106765
0.4532467141530042
1.0822542302975524
-0.31474582864548173
1.2849073881259607
-1.000571704040696
0.06874960883531944
1.3904993471570828
-1.4033885260856203
-1.26035954696811
-0.7364089134348505
0.6929992577477955
0.6810732498177474
0.7045785303068468
0.6571344513038563
0.750972490069462
0.5591184403193294
0.9247278067934158
0.1392527696943967
1.3648466397383057
-1.3034706050096592
-0.8877824920700279
0.3595398529036833
1.1953836845225323
-0.6837697435699253
0.7941501581575142
0.4624796089135349
1.069493336184735
-0.27583770016244463
1.3143573089594278
-1.110487237084115
-0.24852951571978435
1.3325986564559187
-1.1786091054505954
-0.4626199561921182
1.134071699747881
-0.4786252998150261
1.114105354920032
-0.41478793077687043
1.1896236202533894
-0.6636061463697447
0.8309532944010072
0.37735863037007966
1.1765421816737904
-0.6184496181390997
0.9087904588266705
0.18226711989063643
1.342907161664651
-1.2173210019816822
-0.5902065985164476
0.954706427504689
0.0593982035455966
1.3930596454163044
-1.4126732796440709
-1.2967926058795143
-0.8647909143654545
0.41389043126758857
1.1333372186661788
-0.47590957266001294
1.117513738504257
-0.4249351108111254
1.1781992789652556
-0.6249034586602077
0.8979677010024169
0.2090653640983942
1.325806510231756
-1.15369893149647
-0.38278818274619697
1.2230337780498581
-0.7802021978961312
0.6034190113867832
0.8486812566303056
0.3325339803915321
1.223231618806016
-0.7807321878811979
0.6023047887445362
0.8506078132850804
0.32742193056876406
1.2277884477818073
-0.798140975187946
0.5652759382054292
0.9127592372850832
0.1683199050273688
1.3492926238446257
-1.246309571369723
-0.6862050120074196
0.7903281607894375
0.4695472691309407
1.0587090989096926
-0.24482694009184872
1.3345633702297741
-1.1894807874664441
-0.49641665039356
1.091184520988615
-0.3442609465183377
1.2595823491073268
-0.9113319787810406
0.3023016748958895
1.2518546324717539
-0.8830817097005677
0.37130611309247225
1.1818214430808076
-0.6392177378410112
0.8741111045399826
0.2691284283217501
1.281023756571392
-0.9879945549808055
0.1034468653836413
1.3792235748065582
-1.3605206753138805
-1.096487071163365
-0.2060471184352545
1.3565962145377688
-1.2717547397324576
-0.7755348800334223
0.6131477000563667
0.8316358878983889
0.37380158300844085
1.1791904561274966
-0.6302866946285053
0.8892705134310002
0.22994872118834425
1.3106280227310259
-1.0991667849359856
-0.2133040112852048
1.352580458027732
-1.2587032220633483
-0.7288626087156931
0.7088533976256515
0.6470714373299292
0.7691850088203053
0.5184964525423112
0.988361405729497
-0.03685253059933832
1.4020891844774508
-1.4518006476901806
-1.4495595290863696
-1.4404014729057646
-1.4040708014567387
-1.262095088941679
-0.7419044763657107
0.6823134507136852
0.7013831207501574
0.6628380605308206
0.7390763889466373
0.5836815153843297
0.882551966819559
0.24711532809436332
1.2981528184125817
-1.0518292079731897
-0.07421141018079504
1.3986609417152298
-1.439503408028879
-1.3996813548847804
-1.2440542702413933
-0.6784943147596123
0.8044911466416291
0.4367245519189554
1.1025745798750881
-0.3812329771275523
1.2246602427982318
-0.7880985467343222
0.5872541226035134
0.8758316336973265
0.26368011751275877
1.2848278955184063
-1.0036423505762138
0.06156842302178442
1.3911559934799607
-1.410767032558844
-1.2860840870530728
-0.8235519434472873
0.5102678943551351
0.9989820586428715
-0.06978818005044451
1.398962387939386
-1.4423973795304037
-1.410133354742319
-1.2835686898697802
-0.8150089487929052
0.5289152422393029
0.9705165559327984
0.010734625441666245
1.3995830666867326
-1.4459111213292826
-1.423483457301938
-1.3346296461763505
-0.9977631854925408
0.07855375423764271
1.3862939718562848
-1.3925048469753523
-1.2151657649461622
-0.5801215114284469
0.9712655628336291
0.008800954206701697
1.399954799574385
-1.4466411610168788
-1.4266527115859025
-1.347509337141535
-1.0456087770784934
-0.055274345840272125
1.4001358736272949
-1.4489234651892409
-1.4346145357022524
-1.3781023371359913
-1.159255655642809
-0.3971894608871894
1.2084474879813814
-0.734195833415354
0.6988764486514005
0.6648673847493066
0.7325038776211119
0.595305536491796
0.8607346962174569
0.2998694998478401
1.2526553712363397
-0.8892085070340383
0.35743923534167554
1.1955289696483784
-0.6889310073430355
0.7856335163231138
0.47904248061500204
1.0446283795351659
-0.20369851635879213
1.3573729366879534
-1.2783366267381564
-0.7968327083635572
0.568591807932847
0.9073021794850515
0.18290660205283002
1.3411346634761716
-1.2148481367416786
-0.5799860450345837
0.9713126254120342
0.010520598779603266
1.4003779208058789
-1.4455472323302063
-1.4240664560298444
-1.3389729816255187
-1.0156302328797948
0.028100435596213065
1.3982860524297303
-1.436594506123774
-1.3890261208252062
-1.2042370129945745
-0.5459800581801136
1.0222956951030269
-0.1335144417473321
1.3860347537844997
-1.3866697745236387
-1.1952798785944008
-0.5164396091194533
1.0641219041294405
-0.25926505565656244
1.3256060421546367
-1.1529650530295377
-0.380310537728504
1.2256452318288504
-0.7881550454653625
0.5863254431125055
0.879246712221406
0.2575826065572973
1.2910742158962756
-1.0230051703905618
0.006462328981842763
1.401311447257017
-1.446777079680599
-1.4306018534341935
-1.3660070462689229
-1.1171458514560613
-0.26906441529029407
1.3190968596821002
-1.1274024887538374
-0.30087217412611034
1.2959243546504653
-1.0406406101807602
-0.04332828537630508
1.4023569266013125
-1.4501900721475693
-1.4443842741210309
-1.4212439758658746
-1.3296539904023779
-0.9830841202159796
0.11577119919922078
1.3750364730183242
-1.3426759818330034
-1.0308950594935433
-0.015635736610238222
1.4027770429256265
-1.4516501142376466
-1.4502878032569306
-1.4448852526642677
-1.4230842893113451
-1.337257897841719
-1.0109798152341314
0.0398056818433921
1.3968201914880776
-1.4289112162967863
-1.359718000057484
-1.094302548008304
-0.19991434242988318
1.3596769778303044
-1.2830359445988495
-0.8153481884212054
0.5268575605439486
0.9763295636993927
-0.0015412864557774635
1.4019688159907842
-1.4491185969389901
-1.4399924949921936
-1.4038877718512484
-1.2623203075041614
-0.7433517123693897
0.6792430679044646
0.7076202459338014
0.6503227297077859
0.7633536946357252
0.5316062214601879
0.9685943246699156
0.019766647837199742
1.3998614698218652
-1.4410881784581948
-1.407720174010846
-1.2772945195020773
-0.7955713019672099
0.570027640124925
0.9077626077343808
0.18546670902954643
1.3411846588309264
-1.210305405936737
-0.5670945727601316
0.9903443356993716
-0.03992485194320918
1.4027824272001925
-1.450443063551392
-1.4463178141582762
-1.4301770209542308
-1.3662207236084016
-1.1203285160497645
-0.2803083675679907
1.311450747894554
-1.0954756729096016
-0.204902883512017
1.3576424301427585
-1.2712252952652559
-0.775986003396932
0.6110860037292344
0.8384886033541384
0.361288303974559
1.195254079657048
-0.680152324348801
0.8003557301875471
0.4504281130668277
1.0876107690451984
-0.3284912720585242
1.273524609696445
-0.9560766137016561
0.18657683983599416
1.3409760328401863
-1.2082495330037222
-0.560473967376815
1.0004270428889017
-0.06784524402235569
1.4006418943089831
-1.4409397432668922
-1.409052737429621
-1.2838938333850645
-0.8199402065730448
0.5161585732446675
0.9937646497511431
-0.04896260681756638
1.402483393945703
-1.448106447764572
-1.4377352133842578
-1.3968199285063265
-1.2369903236728659
-0.6581713125343065
0.8398628569751316
0.35818588989705485
1.1989685439080073
-0.691907948192124
0.7785109073681573
0.5014868576659739
1.0169578038444937
-0.11411765808092678
1.3921153113995757
-1.4059689508184916
-1.2723794337973047
-0.7800774157333069
0.602397665511723
0.8534517982650554
0.32462728737181523
1.233272360946421
-0.8112615314391439
0.5352167422836783
0.9651803098999654
0.03227443206402522
1.3990298601923696
-1.4339108866408157
-1.381212713365839
-1.1766701124984382
-0.4576856673083813
1.1399213551043765
-0.4959761229464267
1.091453608156299
-0.341037441566789
1.2624842540726449
-0.9173281110240952
0.28600723159311053
1.2681330338363226
-0.9374424782130946
0.23496973262412194
1.3088768517079743
-1.0873001721012032
-0.17976053262237002
1.3693013934289888
-1.3180683447380122
-0.9421333012672795
0.22268954678999728
1.3178432237016124
-1.120400575295148
-0.28010954897654805
1.3114954588335443
-1.096296601093575
-0.20712261160981457
1.3564566697655391
-1.2668079660585725
-0.760747310089905
0.6427934848462619
0.7804650472648849
0.4964816640817062
1.023686921333839
-0.13480649737003875
1.3862410265862262
-1.3832228275693885
-1.1849530389813976
-0.48489330675138476
1.105837304403514
-0.38570367652089316
1.220241681844058
-0.7655781445250412
0.6328600916268283
0.798730011687507
0.45455579542407
1.0823615236048822
-0.31198681031489617
1.287209590934247
-1.0064116406487982
0.05160531266898403
1.3950925404861734
-1.4195971272441434
-1.3246020027080398
-0.9657657376324208
0.16119503871927
1.354939683941482
-1.2623490603516587
-0.744238689438355
0.6771123270175018
0.7136772710404371
0.6399274570796433
0.785012236407329
0.48554401579950796
1.0390437535464514
-0.18064555247097566
1.368969430305609
-1.3160096630202687
-0.9348082601722199
0.2413997298806441
1.3046639830734188
-1.0703212133437192
-0.13026050873377598
1.3877344339905224
-1.38846688586478
-1.2051491579164548
-0.551230472619001
1.0140099302907206
-0.10568366476271461
1.3942000165870188
-1.4139532475173937
-1.3037599847125843
-0.8917091870108509
0.34823986036795446
1.209899011039397
-0.7281449180966988
0.7083736128314582
0.6531432092420641
0.762138392104438
0.538827784295091
0.9609165536658665
0.04649497512963029
1.3971929293887992
-1.4236393426739793
-1.3427683248619546
-1.03440354753364
-0.027575824061642794
1.4038862196731376
-1.4509076923974549
-1.4506824438060135
-1.4495742832905913
-1.4452874579903563
-1.4284425278676451
-1.3620227624797288
-1.1065513737538404
-0.23966795474124292
1.3386079981072474
-1.194685650867432
-0.5183324855424165
1.0608542534783456
-0.2429640940695019
1.3366403086601426
-1.186627472783053
-0.4921842989275048
1.09602078688571
-0.35128926191497906
1.2534410380325691
-0.8797632646754573
0.3764135395343405
1.1803207996082654
-0.625331276183098
0.8962791646672705
0.2198023301868015
1.3213369941741973
-1.1293447394352598
-0.3097082486372454
1.2892558940288141
-1.010050465814855
0.04004436989443335
1.3984366885301909
-1.4284522006319804
-1.3617133221396218
-1.105312444865934
-0.23608743586865166
1.340604029849128
-1.2029085935279131
-0.5450145727062615
1.0229716741543606
-0.13010783668674122
1.3881092808440083
-1.3874598235788218
-1.2028550239952065
-0.54493995284915
1.022932099047113
-0.13023421483473205
1.388048293562639
-1.3873719871667107
-1.2025587810919456
-0.54410278202078
1.0240800306667714
-0.13389877050632362
1.3867540807403516
-1.3833680146024816
-1.1866487237533128
-0.4909469734263519
1.0978068315723113
-0.3584535064638668
1.2467784076864952
-0.8578282350335471
0.4289164750462947
1.116897531974723
-0.4187784744322624
1.1850294519499915
-0.6432657587258734
0.8660474494659011
0.294929548098882
1.2618204856039403
-0.9107155346737514
0.3010962297680038
1.256824858899323
-0.8915738267360201
0.3480186416952375
1.2109497879503583
-0.7303690479546721
0.7037566980184067
0.663177017786375
0.7434732429788918
0.579919062425153
0.8940404187220523
0.22495082552252044
1.3180459214220355
-1.1159437173543938
-0.26876859952422555
1.3197483550912772
-1.1227888375825898
-0.2897913153957594
1.3046698609803302
-1.066540319345813
-0.12083511807224925
1.3908692930724724
-1.3976031490807341
-1.2422885134914883
-0.6780325595428857
0.8035172208975057
0.44659495822615497
1.094771018732008
-0.34790251343644085
1.2565357082117874
-0.8917398055683952
0.3477769843724376
1.2106599178024284
-0.7309181359156883
0.7030241394937623
0.6637052291777981
0.7417610344167
0.5828378001314622
0.8882904465096386
0.238252261383862
1.3075250909607117
-1.0794015330869386
-0.15771933873918886
1.378498518386139
-1.351685157624698
-1.0666694933786736
-0.12002858671956056
1.3905935544285388
-1.3998125102102421
-1.2488484638916548
-0.6983455554953235
0.7661928131331635
0.5286557246157864
0.9756705504596027
0.0036083122026784207
1.4023934431891791
-1.4472573324151703
-1.4344158630869637
-1.383707301600357
-1.1870168702492547
-0.49168600662450956
1.0969483747413074
-0.3566732330352351
1.248389723687234
-0.8643841674649115
0.41366402204494995
1.1354970337818096
-0.4794978985305387
1.1126844202407478
-0.40635111064551865
1.1986445429336225
-0.690129820909974
0.7816185401682176
0.49490087732065713
1.0267712111168008
-0.1424813335390925
1.3840045819506124
-1.3725744661510364
-1.1456193358903157
-0.35972953020325993
1.2456185630063383
-0.8534581269651216
0.439088568713315
1.1039195891624352
-0.3772847458179657
1.228512604684341
-0.792923891984279
0.5745524628213976
0.9025633518629892
0.20213084703454176
1.3326126872417838
-1.1726325182912827
-0.4462634529801005
1.1536213898470669
-0.537340864705049
1.034049038133346
-0.1630979687921265
1.376596543516
-1.342795079226611
-1.0344670213710074
-0.028061040612972293
1.4039300188500807
-1.4508189770115607
-1.4506056977768533
-1.4492267320468573
-1.443718282922958
-1.4215364569776467
-1.3338431879001085
-1.0008263202465904
0.06620050131137481
1.3924265772921665
-1.4059894852137902
-1.2733718727711332
-0.7841269407996938
0.5935486953187352
0.8703007001233792
0.2845158421294005
1.2710164652953617
-0.9439102378643829
0.2171489254680083
1.3231257308863875
-1.135673149835919
-0.3295632812074202
1.2727774686396616
-0.9491375742003113
0.20313717781233243
1.3325178063292413
-1.1707966459603885
-0.44099141006956033
1.159666394096236
-0.5564434820266588
1.0058972591569553
-0.07975750491830504
1.3996766035825927
-1.4329652962325579
-1.3797488423276496
-1.1738320263748154
-0.4503716831917069
1.1485520464699135
-0.5197933018320691
1.058709422127708
-0.23632830145822256
1.340539692983449
-1.2022088318476238
-0.5429328823741221
1.0259073312335678
-0.13804236331727876
1.3856566023534815
-1.3776041629814364
-1.1652535186541029
-0.42244186247858945
1.180960498204054
-0.6283409387478102
0.8913707825813111
0.231196946006607
1.313040721604115
-1.0990064787199934
-0.21655831611705986
1.3516625176259338
-1.2460843246303255
-0.6899607413792628
0.7817528730622761
0.49486033148247005
1.02691817206412
-0.1429991553834111
1.3837526787054597
-1.3722052173986967
-1.1435666627314365
-0.3531348494726656
1.2517423717067642
-0.8760111439043292
0.3860211524361663
1.168305920614325
-0.5874462520695407
0.9585906532184666
0.052022046622936455
1.395694856771537
-1.419105715640301
-1.324469227024435
-0.9670898276435809
0.15664285331499295
1.3581815457982802
-1.2717862957089492
-0.7789293922482056
0.6045160496511739
0.8505031977315907
0.3326187040420073
1.225687302204541
-0.7837520382616767
0.5944661776592414
0.8682487774704029
0.28901311261074264
1.2668455275448256
-0.9294328941596132
0.25424858662665134
1.2954818100760246
-1.0346388808328195
-0.02802731771426831
1.4036904287101857
-1.4510967192791853
-1.4508095720336818
-1.4494663982353446
-1.444288935684213
-1.423964621605035
-1.3435813230542009
-1.037091371993989
-0.035020115085544715
1.4035004974504997
-1.4504753053444008
-1.4483590999570453
-1.4397257947115578
-1.4058878003151163
-1.2733058737673613
-0.7842085016671535
0.5933047333456624
0.8703075580144972
0.28368731673690795
1.27125485864868
-0.9460211785565708
0.21191172258962163
1.3257708872610632
-1.1484046036751396
-0.36823723417486
1.237417781171832
-0.8253993759075866
0.5035344652837253
1.014382336130047
-0.10598201611390642
1.3942724548061698
-1.4134239197556606
-1.301940636832861
-0.8855943637037094
0.36289946555283364
1.1946191275633182
-0.6752631569270261
0.8088164782360979
0.43302444735296486
1.1116842343368483
-0.40206542115228694
1.2030899569526776
-0.7049816692607175
0.753357757544808
0.557266145852964
0.9301806031491213
0.12791219293139333
1.371065693859562
-1.3236700329505937
-0.9631099756162655
0.16787409604128242
1.351761264756798
-1.2489441880312224
-0.6983966917232266
0.7663217359720486
0.5279356368583217
0.9760969756599751
0.0013221271503471876
1.4023436413526995
-1.4480522855381164
-1.4371682132415016
-1.3936730715737249
-1.2241609962059952
-0.6141693584024552
0.9155336782982374
0.16673821914341186
1.3525292841326289
-1.2511283908852295
-0.7066070566094059
0.750549859179406
0.5636282811430636
0.9205187060060569
0.1547574746458195
1.3591651006492844
-1.2754286944741648
-0.7917122066717501
0.5772180442789763
0.8978118869290723
0.21421492482034252
1.3244716959260434
-1.1430364110447702
-0.3514601353901238
1.253339428356861
-0.8811640699029188
0.37359280713856424
1.1825329924428205
-0.6352164937443517
0.8799206168066002
0.25904956313197214
1.2912395085130457
-1.0202086178136789
0.012826305824098536
1.4013050277677765
-1.4440791215401991
-1.4212396755484238
-1.3312331768410344
-0.9902073629093345
0.0957841459113545
1.383112224453059
-1.3713567751954112
-1.1397763524722688
-0.34063540667080205
1.2630789450150695
-0.9172696349536914
0.28536957120691153
1.2698386379919895
-0.9405388609942346
0.2259210333510204
1.3164122630214865
-1.1126235486352296
-0.2573791530151891
1.3271107142945913
-1.1538235738331772
-0.38523250616489235
1.2206759105165945
-0.766247381763359
0.631351663108183
0.8022960012348784
0.4475265882913638
1.0924382831651154
-0.3420752473836583
1.2617113716923103
-0.9117537862600815
0.2989151286355315
1.2576675444683882
-0.8974187872627071
0.33446156129150223
1.2236376790089247
-0.7772733751906761
0.608536512666802
0.8429625989024989
0.3506134542128275
1.2069197937803833
-0.7194562389232237
0.7257793094132573
0.6150813752889486
0.830579570709789
0.3797647430940244
1.1748819044875027
-0.6106565591190652
0.9212813523282511
0.151081085856784
1.36032094723014
-1.2819386510007216
-0.8136229677574733
0.5296742487491278
0.9737011404359879
0.00832981884755643
1.4020002698130238
-1.4455536028075948
-1.4279661772084458
-1.3582780949747026
-1.0909829377062683
-0.19173799176110043
1.3641099857669303
-1.2958516989663083
-0.8633759391899295
0.4161912649496186
1.1322586406381634
-0.46896336197269645
1.1259580817938835
-0.4486024096664048
1.1508322702210614
-0.5301790380407282
1.044457599576174
-0.19619008586241363
1.3619092486423894
-1.2878540304027304
-0.8343388357215661
0.48370937540813747
1.042426991028734
-0.18947215520015206
1.3652409459040034
-1.2996061894782247
-0.8768661856345473
0.38419314942320915
1.1705681368221061
-0.5945387992070085
0.9471160884214473
0.08274791729297658
1.3875909446096741
-1.3879463059716923
-1.2033920861742413
-0.5455272774187658
1.0222289498083454
-0.1299916762488458
1.3876901086320936
-1.388795427849063
-1.2063589923866609
-0.5551061559785764
1.0082464966294524
-0.08946317411638022
1.3974573163504547
-1.4275536571638359
-1.356601493136703
-1.0849744569129283
-0.17379853678729745
1.3720118383921898
-1.3272328210585151
-0.9758421970597733
0.13434662480680853
1.3680067428876643
-1.3125613738598088
-0.9222206098909683
0.2735311792590683
1.2786028898513118
-0.9762759589692249
0.1339442674259972
1.3678405018532545
-1.3128443647196868
-0.9230089482344841
0.27178133592469406
1.2801485472893979
-0.9813716632517862
0.12001254836660369
1.3741021746953994
-1.3364610894526352
-1.0090236903784473
0.04482301314316701
1.396244745771958
-1.4250615303149108
-1.3453735087911949
-1.0418171768826265
-0.04733255478686219
1.402234849664834
-1.449189544072187
-1.4404941292006608
-1.4057210990087807
-1.269315910611728
-0.7676153265750836
0.6294097318328776
0.8030639669807199
0.4425818152250807
1.0967326723871826
-0.35941287631082486
1.2457755477985228
-0.8591123510748576
0.42744480181386024
1.116139069255938
-0.42120393806031503
1.1825455543281926
-0.6394577986372124
0.8733563575441988
0.27234943906047043
1.2789706755549874
-0.9788353731593151
0.127609118505098
1.3703505638450548
-1.3237237298322795
-0.9614878480844747
0.1732532536422495
1.3478524260446378
-1.2367064135544417
-0.6553798554927102
0.8454435284282921
0.34207968952313483
1.2142398305278435
-0.7481619310033585
0.6695084577461369
0.727111819502115
0.6103838764907371
0.8371739253719643
0.36137038042711334
1.193530284910137
-0.6775821545410725
0.8057214429344365
0.4356057768275226
1.1054105540873143
-0.3872706610215327
1.2185880277545122
-0.7635833503870941
0.6380490867022738
0.7868014635668149
0.4796746462670749
1.0460804214349853
-0.20405714319381074
1.3576254863301431
-1.275087370549916
-0.7875136964826817
0.5876521399241573
0.8765172168939599
0.26362582857513145
1.2858513922897505
-1.0044882595977849
0.0580377586364215
1.3931946266982478
-1.413985463187267
-1.3013178471737743
-0.8801051361019733
0.37770175013346513
1.1759180232979096
-0.6165964221494296
0.9118704693590957
0.17399817672125686
1.347560353788037
-1.2352116819133465
-0.6505826771679355
0.8537540317669923
0.3220396178427248
1.2344835687339524
-0.8183454747213693
0.5200089301149083
0.9868551205705522
-0.03143126559739736
1.402548605291601
-1.4521432193030681
-1.4514424367045031
-1.4485854358589516
-1.4368548533462624
-1.3901724634122419
-1.2084851242290227
-0.5598037518503026
1.001805830159186
-0.07505881050438656
1.3988677444251574
-1.4385177404022924
-1.3966306373494661
-1.233583556746239
-0.6442037541768565
0.8653362552912964
0.29160230192779185
1.2619224281575923
-0.9180133145858781
0.28504940322166955
1.267865362661006
-0.9393227396261153
0.2313125045694296
1.3106542648040926
-1.0964666102195852
-0.20622969341158037
1.356331651066342
-1.2715901798078135
-0.7742969570810304
0.6159722098439159
0.8259151740744225
0.3868645163792539
1.1640842386552581
-0.5798650169834039
0.9712100380057419
0.010568394932007404
1.400349870232219
-1.44549933253958
-1.423877526243162
-1.3384810063154113
-1.0137546213326556
0.03349903966358503
1.3970558808217148
-1.4335080461469987
-1.375601601312373
-1.15215803895166
-0.3766957162451697
1.2291220293387919
-0.8036528334891867
0.5535243372799804
0.9319967523889481
0.11705211761023081
1.3732945965100785
-1.3401921374031769
-1.0192053189124117
0.018824537397712827
1.3990552720430314
-1.4420083318383476
-1.4089450280363511
-1.2789368555646352
-0.7987284541504732
0.5645745202460443
0.9137613877104633
0.16545820595022223
1.3506602247431385
-1.2520731125018958
-0.7056646575248767
0.7538046285738608
0.5509164941831355
0.9361451226556974
0.10569454221344943
1.3775825310338057
-1.3573045314750734
-1.082470101869575
-0.1628137165212249
1.3754759960602272
-1.3486018077329118
-1.050457515018529
-0.06976176654064749
1.399072942182005
-1.4421385261587862
-1.4095887309846622
-1.2817976239177102
-0.808940218674523
0.5421814957211973
0.9503561619820515
0.06740085679437427
1.389673112917626
-1.4047922474360666
-1.26314176869994
-0.7437102276710457
0.6793990460059751
0.7052445586616749
0.6531190002019531
0.7559927840566169
0.5453955850115011
0.9445831286970193
0.08262710847288375
1.385256763062057
-1.3876932444133498
-1.1973602033121749
-0.5217316618600337
1.0569564999242738
-0.24105973952745952
1.3366541815141137
-1.1998101106279144
-0.5293514254837015
1.0463766427979908
-0.20978300933182084
1.3541786668536402
-1.2672524189415255
-0.7571268759168113
0.652474488656462
0.7567203516746571
0.5432835777471936
0.9475688190431363
0.07400104599708812
1.3877070498134407
-1.397662457070211
-1.2353347704247404
-0.6484293505784581
0.858337477707867
0.3071083913849034
1.2468509867315647
-0.8663119559229695
0.4114521339060427
1.1344085581563577
-0.48313509100036434
1.108481939461769
-0.4001130918108843
1.205388599002971
-0.7209793365938111
0.7243275627739495
0.614026824983584
0.8286797481569339
0.37947565929070737
1.172088197309037
-0.6076652797022811
0.9271885398955272
0.1300082535767647
1.3678941291742746
-1.3190721174261257
-0.9420377146952115
0.22518220359748695
1.3138290082557127
-1.1112902719016575
-0.24992401141589352
1.3313002842660555
-1.1776393479929639
-0.4576666362191369
1.1403359559496067
-0.502633297737838
1.083039627459446
-0.3198353084189322
1.2806681834542875
-0.9882876208612404
0.10317829252858708
1.3788451366752557
-1.3611443698177637
-1.0973057774835704
-0.20750450640623166
1.355490989594685
-1.2705736182514296
-0.769734556054977
0.6261136009632354
0.8069753050148383
0.43098675926851193
1.1100901090498871
-0.40451553234372106
1.2006783946904758
-0.7044190983380764
0.7561405985717444
0.5462903502565041
0.9443239609994267
0.08486560238937145
1.3851552028444472
-1.3850450078278582
-1.1886439559030024
-0.493978860779143
1.0944397611006116
-0.3540684940962175
1.250706116463165
-0.8788008099129883
0.3814214359231691
1.1703083122094953
-0.6008490515317008
0.9379869353760844
0.10130773197650163
1.379487942373555
-1.3635050662789194
-1.1065243021505513
-0.23550167554574292
1.3402164440640403
-1.2107788187858644
-0.5665419419751517
0.9917264455852333
-0.04714574407690267
1.4013738397494595
-1.4501665658450285
-1.4421915899386932
-1.410464285831729
-1.2860200644759066
-0.8246349942695242
0.5069303202920286
1.0054882771685856
-0.08602656986080004
1.3972227481664607
-1.4317095388466667
-1.3700781100901507
-1.132175403219623
-0.3149978192939344
1.2846893184809711
-1.0001681776144145
0.06973019613656439
1.389769315929512
-1.402495400900628
-1.25565157349874
-0.7194847551677422
0.7266874161137511
0.6107355435854702
0.8364273868435672
0.36330436470099414
1.1918572236872376
-0.6706381166755708
0.8181204969880087
0.4079380009792316
1.1406051846730256
-0.4999340234520154
1.0863278531831928
-0.3268376010524273
1.2747804566858458
-0.9633406072149999
0.16822922716264885
1.350623836932099
-1.2473389379643463
-0.6916154726571556
0.7794820810448182
0.4973453905824768
1.0217026984941808
-0.1300565028442768
1.3875191911441138
-1.3895313847694832
-1.2082535102379972
-0.5605944256604025
1.0003065611170356
-0.06800734667719036
1.4004215513076437
-1.4411821951509505
-1.4094110611800683
-1.284773635011028
-0.822371833804054
0.5110691782535133
1.001026039314985
-0.07052136038060164
1.3999134697661466
-1.4401217890980798
-1.4046825722981227
-1.2661148762283596
-0.7569479775108998
0.6514265652298266
0.7625859271426023
0.5345825422308551
0.9645322264274445
0.03162918212249357
1.3983275515978455
-1.4344122947820324
-1.3815604159408268
-1.1769956487948416
-0.45789488230799763
1.1398066913519183
-0.49690197884753406
1.0902995212192514
-0.33872358419523574
1.2645386915765722
-0.9259390190146923
0.2648420866587931
1.2853507050615625
-1.0018382527205068
0.06516227637482346
1.3912600075629893
-1.4071995191781184
-1.2744349777363344
-0.7849411785171104
0.5932706986682273
0.8669076839636567
0.28811980878743304
1.2653863634172942
-0.929520595934325
0.2558416686956864
1.2927426530492312
-1.028450980522435
-0.009238128942001303
1.4026313093974285
-1.4504884380631897
-1.446517926045039
-1.4305582838474493
-1.3676713821737108
-1.1256953203027167
-0.296650495013324
1.2993687172908597
-1.050749559022137
-0.07349193294481769
1.3998262802507082
-1.4381480424869826
-1.3975778282973614
-1.2395549865915572
-0.6664647990365388
0.8252894751724502
0.3924499426228652
1.1602077369865307
-0.5620579694018081
0.9978545605491917
-0.06072587472423121
1.401272987887713
-1.4444099333453007
-1.4222377328361053
-1.3348992396709891
-1.0036418195286463
0.0589985423760298
1.393697718854966
-1.4130569266405546
-1.2993563212137176
-0.8748972460051054
0.3892595959777653
1.163338805218993
-0.5736254428781116
0.9805372795468521
-0.0121523443114384
1.4026237342629566
-1.4512123961706598
-1.4486877351971896
-1.4383583831942488
-1.3971653131011423
-1.236255839446303
-0.6536353649671546
0.8486164365062974
0.33399079188495856
1.222166933212358
-0.7762797681515399
0.611473465943096
0.8350114112151971
0.3662088612956372
1.1879571335679568
-0.6591171000733682
0.8391234286742889
0.3565057112061864
1.1987675820839974
-0.6953235654936196
0.7727360395942462
0.5112514700746087
0.9998708445567109
-0.06858477014348059
1.3999088669188966
-1.4417108188273944
-1.4097775194504676
-1.2842207447695628
-0.8189229703959366
0.5194942729908152
0.986754217911227
-0.032023929684832524
1.4025025594380267
-1.4520717550286564
-1.4511815826577323
-1.4478907553279015
-1.4347688039216606
-1.3825403064056905
-1.1797971516405292
-0.46594598983266466
1.1300101741109845
-0.4662478238039777
1.1297473716060673
-0.4654053833760512
1.130762506560993
-0.46832075602664286
1.127149473503465
-0.45563429075480827
1.1425686914355602
-0.5053108003563701
1.079045620877173
-0.3034136455694355
1.2939436782805858
-1.032640263438938
-0.021025171961818863
1.402751099862237
-1.4520722008064344
-1.4518063528870258
-1.4509422561742003
-1.4475136383107756
-1.4336038919117506
-1.378516990774488
-1.165178365095439
-0.4192657774263872
1.1846191647140054
-0.6470547170014863
0.860274522390205
0.3051508937915066
1.250212813841359
-0.8748516647043739
0.39023917226789323
1.1610126936994976
-0.5681393240566848
0.9891017673313006
-0.038221364793615126
1.4023145772830994
-1.4514534356744067
-1.448530705345997
-1.4366672149346937
-1.3895160118568648
-1.2061086926166615
-0.5518925484067942
1.0135726560158589
-0.10902929360982755
1.3924079824470632
-1.4133052938958859
-1.2974592018755327
-0.8657090543112186
0.4124756449004753
1.1339327484908275
-0.4800548541526403
1.112341003520542
-0.4107752220697801
1.1938725133320405
-0.6802397785788776
0.8012867427060635
0.44491464424118704
1.0924667654819171
-0.3479853541831101
1.2562943871115821
-0.8982924468753236
0.3340857575884528
1.2216837637269604
-0.7753155304822212
0.6136675804113569
0.8304481539299722
0.3765180571288513
1.1761597774985175
-0.6198061071747556
0.906847618496411
0.18527459044806077
1.3402883868751225
-1.209769805671077
-0.5638674234600004
0.9955650324279849
-0.05757290065640997
1.4006644254083915
-1.447011121656124
-1.4295647562813047
-1.3601616627215962
-1.0940342218249772
-0.19796024985282243
1.3602443890563836
-1.2887097440903914
-0.8337832199999892
0.48663591603874706
1.0345678469695994
-0.17230186966957967
1.371873527176131
-1.3331577908883296
-0.9942967704342944
0.08649066394639932
1.3846106884754414
-1.3831158711117608
-1.1808343181883572
-0.4687644182189331
1.1265178923567756
-0.45696151299485593
1.1411307378568025
-0.5042883149012971
1.0807326887979616
-0.31198420861108406
1.2868814002503548
-1.011473921228791
0.040103308209895244
1.3958179787684373
-1.4289486847193609
-1.3574032748923612
-1.0828912446213987
-0.16426765136080346
1.3750469350869252
-1.3459699967677117
-1.0410656552657578
-0.04321198530327949
1.4016927460685387
-1.4509216268410599
-1.4455456762908088
-1.4242581133263519
-1.3398602174677048
-1.0189501104604084
0.019010805644546568
1.399281590497929
-1.441772550344999
-1.408756650909175
-1.2793811262208032
-0.8015637937012703
0.5577043385037862
0.9262257396915801
0.13391309042884275
1.3667163473512027
-1.3125505311479888
-0.9194636224394567
0.28190012317087754
1.2701854201208376
-0.9486823579317543
0.20746088765761064
1.3265329966784536
-1.1574033220887416
-0.3937882287433698
1.2120232117815266
-0.7418488693905445
0.6825177733252062
0.7008157489552823
0.6638824374748022
0.7367509170411007
0.5884943102637464
0.874591365841513
0.2682025710613044
1.2818440699845688
-0.9908461236982605
0.0955887504477238
1.3819487118397986
-1.3715478511920698
-1.1374933868756096
-0.33121580679557405
1.2711341150734359
-0.9513325968540827
0.20006937292054267
1.3315439771106161
-1.1756761986478776
-0.452810577541766
1.146037231246026
-0.5189301064489564
1.0605292082158828
-0.24900404937303333
1.3322262872830166
-1.1784007540334835
-0.46164964615131143
1.1353166536093535
-0.4838955327849888
1.107351611807113
-0.394023085461858
1.211647316805344
-0.740171452493226
0.6859221623600454
0.6944758421056965
0.6774981025998784
0.7113791757315633
0.6430948319715787
0.777707218890685
0.5006355412045967
1.0160361544176657
-0.11508958356968124
1.3912111418176567
-1.4068446114170672
-1.273337024870538
-0.7813332457093539
0.6007856404374988
0.8540577650338568
0.32029589328421443
1.235811229697573
-0.8239751853811499
0.507796777580663
1.0049258715084022
-0.08336070673771447
1.397935281783664
-1.432837302477804
-1.3758778663171363
-1.1560623345383667
-0.3909680388465425
1.2148195732956342
-0.7489139838789344
0.6676997220263663
0.731706895551684
0.6018405526635134
0.8533426586788373
0.32319236826325576
1.2335775516315135
-0.8145434834375535
0.5283522085254404
0.9749191134019178
0.0035253930313377813
1.4017469627069088
-1.4476282808242076
-1.4343878936389882
-1.3817954379354291
-1.1781637515231955
-0.46188407713141155
1.134918233335508
-0.4808350753116604
1.111276120861214
-0.4044478320092132
1.2007689146121414
-0.7003906374808117
0.7628125202953238
0.5346456891290329
0.9650377278750464
0.030916183499347355
1.3986088022608083
-1.4348347414122449
-1.3835080463867406
-1.1845459091754236
-0.48258553127033943
1.1089723954580546
-0.3971894650697081
1.208341328399339
-0.726472588294386
0.7124386580201559
0.6420444442111699
0.7803567234762384
0.4952141980933855
1.0244794451439607
-0.13858735293571867
1.3847374058225497
-1.3792882901967825
-1.168752728968824
-0.431701576051936
1.170701998898034
-0.5982748457962067
0.9416684939644592
0.09527646025244459
1.3827949878610597
-1.3722255722629029
-1.1416455461301849
-0.3452728871498466
1.2587080483721946
-0.9055304881832247
0.3161004966666068
1.239818497987198
-0.8379734286950912
0.4761564938520168
1.051132929787851
-0.21905810192670716
1.3498293470885596
-1.2446094804316024
-0.6821089479955307
0.7972614186564843
0.45553566697670855
1.079167141869062
-0.30534437250654634
1.292301564264288
-1.028837604247842
-0.009399258902176673
1.4020949532727793
-1.4512447588888724
-1.4470908277107506
-1.4307792087062046
-1.3658390043224045
-1.1159050877533758
-0.2646120838439604
1.3220152855488045
-1.1406549055061852
-0.3411185914476544
1.2623587996436745
-0.9207624120007601
0.27871006560650596
1.2726989350515634
-0.9581005343129527
0.18281725004523305
1.3414824171986357
-1.2152351055294848
-0.5817544357711003
0.9683696972133251
0.018595938181497223
1.3993369764459331
-1.4421109138074548
-1.409861412307767
-1.2832006414670478
-0.8143232368890173
0.5302135760010839
0.9690863492028138
0.01581062430293631
1.3993726891468299
-1.4436867840739744
-1.4150573206886243
-1.302474123023741
-0.8819207730349556
0.37491311919994214
1.1764064845883515
-0.6239221859193917
0.9005633024477374
0.19886775734795606
1.330710985010936
-1.1770575941917802
-0.455251797733135
1.1433572831161873
-0.5135789917214766
1.06829504411046
-0.2751105814899895
1.3145614437255266
-1.1154298856021496
-0.26169303633438107
1.3236313187722892
-1.150061764457599
-0.3691385597420821
1.236500583048765
-0.8311134709832103
0.49309354055920684
1.0239322771843078
-0.1431230201446122
1.3822142518168232
-1.3771470276593232
-1.1561627379361599
-0.38813601194942926
1.2176934391317271
-0.7660054201978982
0.6342557058588592
0.7902095785873935
0.46742231617949254
1.0599937624755003
-0.25143321328954965
1.330191532192587
-1.17618734119587
-0.4516091336010427
1.1477069132865443
-0.5291169135185994
1.0467922857615026
-0.2116373031213179
1.3531172552125108
-1.2642675113022706
-0.746214157766851
