-0.10656229684520246
0.5139695126858101
1.8725107694179206
0.9468417014279887
1.3005632173129134
0.907326141144943
1.1465289179522393
0.18003883881503702
2.143757123201547
0.675362661175127
3.938068422986549
1.8396308558473886
1.2292577803615925
1.798156059069683
1.0838292825618427
0.6632228930740312
0.07261178756410058
0.5535639338090885
0.7868082511827916
1.5114226763477823
0.7636339724513891
0.791998334021244
1.1717001615875877
2.2849244637280277
0.6113678807142772
0.0032317811010154074
0.2948648382115633
0.5609636233921534
1.1029077922865307
2.3417851153342086
1.1313658624714402
0.2218644413947175
-0.26044336010474245
0.8780632783646923
1.6196756956382776
1.4621577722923993
1.7003134511176479
0.6767640647077924
2.7367865509854514
0.4427020244184141
0.6960532828461534
1.297723577781214
0.609173610311163
1.3920407747156456
4.07588159513457
1.9237766704390515
0.9378268333432276
1.6935875410427685
0.18780159451043887
1.022044347873379
0.6599385671295391
0.5630883096209138
1.120878604038441
1.2825674546785741
2.2862287774554986
1.028725266811991
2.1482008338974383
0.4994746995173913
2.2642270463682106
0.5230295992737701
2.6337877458540575
5.084810395913857
2.8660400920872897
1.0985427186854781
0.701260443626887
-0.4679530712070643
2.9511071528594988
-0.12113509335724881
0.4942002503834666
2.260683129224327
4.976457275175223
1.846309022019375
4.498851686836468
1.6918920407174145
1.655265240195102
0.029740824480803396
0.5782399702262233
3.8308882909355573
3.6467818314172984
8.43087979661689
-0.259845351627225
1.525194929679286
1.3372099417493466
5.033926248949243
0.8252849432770117
0.11285097540694533
2.3228322636527885
2.288280398956858
1.4998140890492286
0.5313274913548045
0.9977387080042232
0.23194761931215802
3.8198140744590376
1.577253211932884
1.012205257782208
2.114463278710602
1.3373092476286441
-0.10414120392050519
-0.5361642597912213
0.8678880742613464
-0.10343311119913534
0.9310626564303738
0.36502985896501394
-0.2535978016002436
3.0459540534976393
2.009754788639855
1.2491040064658276
1.4978641010929337
0.06376891421737163
2.2575540209247067
1.0046572055949825
0.0689107560349097
1.1830203449635568
0.13900484328510976
1.2089765738272924
1.7859143836464373
0.9743664979675412
0.9896196550765098
1.198051170031996
3.3844041429226643
3.5927671357769877
0.6016693286397922
0.7964089146619235
-0.8814431852452871
4.901651663128824
2.356672244366896
2.3804035638227936
0.8948112034413848
2.007073994541339
4.870745373821709
-0.12574018217127692
1.985863417399631
3.742115049599841
1.5521831390749725
2.940468876582167
7.5061497376020965
0.747806260730628
0.18245751877091487
1.9420798451052976
4.615900070410419
0.7535464621500962
1.9803633860248344
2.2826723113486658
-0.07917576588016617
1.9339341809066144
4.06517651298989
1.328208632303256
0.8469086678553359
3.914974801936919
7.940506119212495
3.5496018693145674
0.6576639571689669
3.0166901759727742
7.871153306010428
0.4361939526736286
2.244558646485321
13.115293648800147
6.797405027594084
2.469016166142863
7.4864474538936685
1.1615219959071597
0.13866611236300352
-0.23386634868464906
0.5852165721975648
-0.9780624339583
0.8403396999678757
-0.7131776946520434
0.2725129452264037
5.314863252648527
1.9902512990318546
1.1782889871837154
-0.3443297532266214
-0.6216784529724864
0.32040073887962395
-0.04689579749823913
1.5571883033978997
1.0490455352876222
1.2616147275172407
3.3837494399030623
0.9320697647199113
6.936078121337815
2.9654774745433405
3.348230559268795
0.22917573126493862
-0.07938572170259639
1.8257038021034304
1.8412768567021582
4.259177273638672
1.1572557301630395
-0.06869887920902218
1.8792775134916142
0.6222413348401066
2.687518663393597
0.42909106798015084
1.5918096956750534
0.23603295262204993
0.9724046220903086
0.13045094593454032
-0.20100680092363588
-0.6118797472024808
1.8105083460285654
4.995555809821855
0.42870689936718487
2.4101806365887173
0.7848907764634677
0.13146782959807812
0.9156951621997175
2.891282807183742
-0.3566830127159153
-0.23366844517244223
0.2259573971285298
1.0346908978332416
0.07227934772658984
-0.6393351041561983
-1.294462438191132
0.023440855293602736
1.5014931281870452
0.05823536995651646
-0.0917309251712548
-0.11510612699570877
2.7229063513403755
1.563554149530332
-0.2172925158873773
1.0069407495550071
1.7631139831054958
0.2774597186325398
0.7994975122172001
2.2181748480893093
-0.1510777763255493
2.317715454072726
1.715865454278847
3.377400597211408
4.422132444206281
8.10186793388466
3.409585770178886
2.391653409411951
0.7138207352060173
2.3065843586738115
3.740046076249592
2.2151894054273065
-0.5881175683115989
0.04323292555960612
-1.3470181122612588
-0.4171128326992253
0.8343063919963936
2.249990137898958
0.33763583550944753
2.1700138928228476
1.0577489999152219
2.7651667375470486
-0.1284786462023748
0.6694401566330882
4.372356321614734
2.695292566788461
0.6678408508656495
1.971911255863801
-0.5768589072626993
0.3384798878998504
1.0067146269627636
-0.0897902885514863
-0.002886016495559973
1.9264170520540218
2.5322422158738633
1.141698685192136
-0.008408114554046886
0.3650657431269636
0.22296582624014094
0.9899894535275675
0.7642499165092023
1.7823392005861591
-0.09233322131162747
0.8777015307447442
-0.17940515191762718
0.4900740135085426
0.43765982620001487
0.5719209035854713
0.5857104206193903
0.8154898711822591
0.7036690728824084
1.170237888067393
0.026990234462434093
0.19657366953295896
0.5252579299227563
0.23869706565808113
1.2872218894637792
1.5387542439723996
0.9485112677419846
1.1172814744198383
1.0783330992521374
1.3000193383663896
-0.3045424320826684
1.3715128432474024
2.779663804341977
1.9482235932542111
0.3061361474130585
1.5076010081986464
0.33955660544648725
0.9395463928153629
0.9579460953495722
0.518828548607387
1.5836969409075903
0.20840420326456832
0.40187037848353124
0.9054665601766676
-0.05111320508795769
-0.7491729999967702
0.8081875442511028
0.4503332897897079
0.599640232921533
-1.2690122779931614
-0.5086601586778876
1.1803234143978583
-0.01993876688523244
-0.25891104254971187
-0.4369978007414257
0.16359967191153746
1.1718535500203464
0.1651683560319238
0.9475248666924313
0.2982625267686142
2.1394542407576775
0.270724832670064
1.4338912690530157
-0.23014861785411123
0.9569236437629614
-0.6579641754938688
1.1407617069057032
2.779483446832249
0.3480916301747815
0.4628102542762067
0.6652980667426225
0.41848573601781947
-0.13060778390375227
1.148736543385393
1.290720151765519
1.4977485865727227
0.2080300264029955
0.22343053653164535
1.3297136234853322
0.8390004141530178
0.38291434272029856
0.7839821449679327
0.6702310003342633
0.158949957033086
0.28278311976607096
0.3173553131733292
1.5390073367907822
-0.13407047530294935
-0.05116106037993706
0.6590801189704056
-0.34222584570944337
-0.3274565897510602
0.3871210383071829
0.9005096783051049
1.0044904496385638
1.755212271013361
3.1203327480400103
0.6932584179639218
1.3488401759790103
-0.18280691099145652
0.79644288610937
2.244268387661161
4.091534664327177
2.257900169960368
3.002772851283846
1.6872132792445718
0.3942724120047322
1.7839783142059036
1.8690365569796157
1.9176103554245096
0.12480372999170264
0.7907615797438545
0.0051753592237473445
0.6064505307460049
1.3105855318913344
0.014746909723851731
1.760349551324638
3.0573834062743543
1.3296641822483393
0.6297748132296752
0.8848043410850683
0.28309478327698956
0.9209313909232899
1.812355399926723
0.22129811532789578
1.2543788873564574
1.4243642112886792
-0.40468360526982283
-0.04303018112517121
0.98164826316512
2.1374330035256053
2.5527145532728053
1.2154328492950517
0.9001120191023809
2.984646098763662
4.768795061003589
0.21856161081130032
0.8138830651031858
0.7921763561269436
2.202827093403171
0.7202209883907924
1.1500455419852285
0.4131589711802256
2.2819442695464884
1.7291779207743816
2.2619040599644977
4.616350588130148
2.1671140852118413
4.735512127178552
1.917162925403487
1.911205453508582
0.509195290040168
4.585731078948195
8.874332190041955
4.234834798070192
1.652734608279721
4.173423291949916
1.6084445067296385
0.5094846808906042
2.319163015988324
0.243194566012097
3.0177263855034226
1.1387661008960888
0.44228547970310095
1.313981966991148
0.11051074184133591
1.6522494149189715
1.0752349113679196
0.5686824407887103
0.5915803420589737
0.21384799371226482
1.9997126134807892
0.9055754704771838
-0.22010127964746595
1.224325445977373
0.02590243475220777
1.4067889797537214
1.3661309670044468
2.606252054936138
2.394178545205544
0.12884650579369572
-0.8904997058228747
0.1709292286041717
0.07635470493698182
0.1908225601823681
-0.4304316779283992
1.0742611313636692
2.7854712076863013
1.66288996619604
1.4805117815220954
-0.08350661202207998
0.39313966860544225
0.2923731735043501
1.0429236235583554
0.3998777026651611
1.752755566904598
-0.3278934220503875
-0.2390090680549246
0.05181656530251133
0.3196254637361482
-0.7533535780137004
-0.29588811315144303
-1.0121960986522858
-0.599477523067266
-0.25338178858298344
1.3453515084636725
0.4054862978019693
0.5374686183697497
0.5044147743677718
1.1157687931981954
2.5465681853929825
0.8292600049772325
0.4985088972553272
1.4320343639736808
0.4389429026112369
0.7834729410026586
0.8822085015682388
0.45603741596637026
1.4468419609882317
0.7479858334881522
2.7400516899825647
1.3801990857976383
0.6463241929756722
0.01982493348942893
2.668114209952705
0.570062061656617
2.9076954596967264
4.923486437112755
-0.03887423393720768
-0.04485418439785516
1.1957054399630302
0.38014679148296815
0.964721746773573
1.3935302958231142
0.41167939116309593
2.3503858200090217
0.9604649829835631
0.03986019683671105
2.0586587937751784
1.569441101780427
1.6772647255364044
1.2182387656362803
-0.6705994355900682
0.32206167374221206
-0.3477657240198455
0.523956348707642
1.774810596359658
1.2262983340989024
1.6993703694250235
1.7305374006178638
-0.26932456047513
0.759495984682655
0.6955368998859491
0.18418052146737396
0.9407085205551983
3.034010691123373
2.974726673906944
5.71384521099907
1.030444412250707
3.094617489673881
1.0308222474257573
0.9281771909577816
1.9568717366776387
0.8581210723309912
0.8657821817939794
1.433238864408887
1.7256106803017854
2.8563248332126348
0.5093895863688995
0.5383994198068218
1.0318818522708881
1.6588673242065364
0.676776539161442
1.230363961173823
1.042674230790416
2.3629524337384504
3.308487352526434
1.563896757401009
1.3987571518395037
1.065292634201396
1.0764780013248327
1.627836132126351
0.5853553888817196
1.779369532342509
0.4098145745404691
1.7388976009489152
2.476748596786405
1.5115847246659868
1.5775882461094726
0.08093091939840891
-0.6238335019305068
0.9405148049605155
0.9650849044048767
1.8312712649837943
2.1574391126614545
1.17826532824756
3.374505590171871
1.6341670434799227
0.8689161874727882
1.3899714407915496
0.10182928437460637
-0.6673181634506467
0.48502920012728
0.2805209976106108
0.09138710912483816
0.6629109052015896
1.0538270383202337
2.151800073979434
0.922244838480637
0.19921670838583172
0.09629349641489726
0.6626342570869943
1.1200304810201895
1.0282371035126372
0.6564701673982268
0.18240116687822738
0.21234102023714396
0.4954576194066753
0.8343225454504994
1.6846645479642888
1.4409689474831382
0.8831811388596044
1.8255111146533687
0.9956675019933228
1.1785088675624789
-0.17377190646028517
0.3906218231564129
1.1023112049308008
-0.03631707920894223
0.6409267723470675
0.6916881995362163
0.33549502575060375
0.5046252325662139
0.9447376699378659
0.7859308839201891
1.1289551027954148
0.46900558041621754
0.9350310480819184
1.0429041446511857
1.7967006006394675
0.7269716175630638
0.3576516693012758
0.6356087973498898
0.2942107066792262
0.1228837010613748
0.3258971877889725
1.0682375850668766
0.6043349819576391
1.429546798953962
2.365555866288708
2.0670441122386842
2.907558554611213
0.8394326415988476
0.6252244462139269
1.2547987824664084
0.20596160568466249
1.3012463904308893
0.5908084203532771
0.2984263469042491
0.8508001070366012
1.131593775095415
-0.18790273945508873
0.39632842976978855
0.838847613149183
1.0156692638692355
1.8417069080309094
1.413240745085143
0.892863715401598
0.4893383514629409
1.1451376802412307
-0.6572589935997226
0.11027956231131664
2.665864248992477
3.126028121370859
1.2786152335288041
2.081101510034289
2.04085949292981
1.45323472844465
1.2155598785973503
0.7685017752645015
0.1894442109906852
-0.05844640927992617
0.32594905401018515
0.9586677252627293
0.08666325719646539
-0.2999482252261825
0.8860189839315115
1.0984992356160812
1.4229260296955248
1.197898544159719
0.6812917382771767
0.24649272002665945
1.077687992293252
0.5736121333419657
1.0398397384479428
0.6644569096462979
0.6543243551465334
0.8552339717982101
0.5586394855604955
1.6827527648086487
1.2134724083347175
0.8208799960479873
1.1728432067773615
0.3387369352573705
0.8965711258875035
1.6670141941584378
0.5093678602560278
1.6072592556913317
1.2849782654515933
1.1878972260895062
2.0563545723840417
2.4060403768226184
0.5998391360143309
2.191546790822729
1.3026778694848684
1.632630190700534
0.5293394056591738
-0.014552943244090955
1.3514349670517527
0.7333168950242803
1.3766060900056805
2.18201782223187
0.9372381085709485
0.28084268857066874
3.1682614993743843
2.2576353459588887
0.9315824449300644
1.4651527603171348
-0.11693272111931807
1.0039813339776582
1.7204800119544532
0.4032453165015807
-0.201535403932678
-0.05690846623366852
1.042270610463239
0.1690005896481377
0.2322585188500207
-0.20683534479297383
0.12683801835679298
0.3172119544414739
0.11913083119895007
0.7171515085473995
0.07686200641033136
0.5392471834423767
1.1713083744404706
-0.2851846563998728
1.4581167332202
0.2948757202929956
1.2983497163246143
1.0239255683477921
0.18503079909421538
1.2153530601394882
1.6966597477845677
1.7373681711322067
1.5122190728347764
2.1085866711883128
1.3381592142836372
2.530903469853999
1.6876335492027148
1.1875230718700893
0.7878618552564274
1.5450268221935457
0.5705246340330328
1.0593862729666823
0.5849676640048023
0.15851485854550107
0.6332140799079162
0.22832378129412556
0.6817154131526175
0.9047424036680728
-0.33470310692520244
1.3740292762911346
0.41832804552255287
0.3084088593349832
0.6326161497491006
-0.56151006739047
0.31546127033542704
1.2516169227483311
0.8340666195315839
1.0898441437986364
0.10461899775508454
0.4833964947382323
0.06039207583635953
0.11693984355310838
0.3322824097211562
1.7786619388839204
1.8182275532635686
1.0570421955947047
-0.18777198682592244
0.0571899263991571
0.7835003594925779
0.48970250980056085
-0.2211845621966686
0.408144198621021
0.8008109707839601
0.20597880421932724
-0.484524824221378
-0.4410623007464489
-0.14317681089494205
0.37498382794751794
0.0938562877989163
0.18534311903725786
0.5379896832334198
0.12068594100582775
0.008050152736706506
-0.008985622733955978
0.4490033561392147
-0.44571143898143006
1.7942274471010409
0.8778909809449156
1.797176167952801
2.6246449377434855
0.1458467663405587
0.8924594385905815
1.4926500999067984
1.05432699026353
0.667646987090565
1.6084704064936295
0.8445033696656747
1.7437661234859214
0.863533481080147
0.9839040943389964
0.12844611884661594
0.12288791086384232
2.1771810961597273
0.5396555241794905
2.2663973496307124
0.9692000115972839
0.6884175875747298
-0.2610726885939858
-0.4082523048805673
1.2807403472616468
0.9658051836568794
-0.12327112318135347
0.8235713424575575
2.7216971399218046
5.5055134228780425
2.3642283377321203
3.1899470452728567
1.365320433679688
1.363143761849178
3.3905333287993074
1.113515712511692
1.1888150894652783
-0.09698352104956176
1.2907658644284385
1.3799940656398413
1.384471292092437
0.09239356885217709
0.7210162888065195
0.14659750782094472
-0.03840173123549162
0.5207056883976189
1.647102198857303
0.8571586046030981
1.015725880883816
-0.28021880326802684
0.46637019896486387
1.8967335643792285
0.5975348912101919
0.1035757305545828
0.35901630945295826
0.30533788525142025
-0.9100502182074397
0.5674424073629949
-0.07713718557929772
1.5513205434439294
-0.006570554578537502
0.837487315051808
-0.18767465063330713
-0.755598368318537
-0.7710005366778343
2.40854960867839
4.493874261220143
8.42779666725892
4.360075421902206
4.118768310586866
1.3423618592756619
2.969684089583786
0.9670678522312038
5.251305164306949
2.146016948514987
1.1264081889900093
2.541556746948551
0.47822657957917003
3.007449460089655
0.3319346020889201
0.6502509026800474
2.716969276801592
1.7301659714443995
0.1876505234612832
1.118647142468986
4.054408389532281
2.2448702960306957
1.2032796884803292
2.7554953356226153
2.8630728580269564
1.5068305525267904
1.1671190537266876
0.18006178114153448
1.052795800391463
1.1730472905260525
1.0099839195598403
2.2155608467508747
0.8606121294787066
0.5488295598820756
0.5878876468525798
0.798831861854626
1.2215558706177716
1.5267114485189501
0.8062134541227541
0.6525505331194936
1.6256446894573782
0.9097363135524037
0.7416458093632692
2.1546715970499646
1.7635733299794376
0.377167365676639
2.7012416041163294
1.4929502043793152
0.5812158549099062
1.7560236809094851
0.6153606113855072
-0.44880118963609705
1.803040130287426
-0.5032949078768312
2.169092151056188
1.0969128153380088
1.7930164172921463
5.279850391724357
1.1770968034316878
3.0870315978235903
0.7782834405988073
0.40298636703118806
1.8137974629598121
3.250621977137475
0.49973416678089566
0.9367524192165919
1.663510304143895
0.2490455168421536
0.5271440394505815
0.4933745671847747
0.4445958701888275
1.313302216644399
0.2317523898346251
0.47807824750584615
0.4560191177992162
0.09467947119184461
0.37204070475479933
0.3653197932432831
0.16802717054487082
0.8543234698555493
-0.402278230327656
0.9827520269826202
0.4364651306765921
0.36299652153754614
0.8752564642183365
0.5283925304468242
0.9852550266230957
0.703225377654759
1.6162682355625808
2.127058147626073
0.17007670568190525
0.2504861550620069
0.27298296061184646
1.380388529855875
2.1169006789454152
0.08777254757167485
0.12004283366759783
0.474188877032247
1.2076683124321475
0.9668360204064375
0.1227300861648234
1.7011224381861347
0.7776148590417851
1.8019053475293483
2.074039567133209
2.4976363396348686
0.2245712648972843
1.571464222105372
-0.1833862408314959
-0.7637041251434302
1.4799604047997348
1.356369389982858
0.6916943127964714
1.3356392301224385
-0.09772919414212522
-0.09735398113305727
-0.4157953644828758
0.010661636308768485
0.20489072178251722
0.385601753664371
0.4263778774531769
2.396354286174865
0.999790963817628
0.5164358574013623
0.8551786341002355
0.8339088424703307
-0.10225863694385895
0.17937902600023303
0.6643999521112801
0.9480113104191564
2.004331358213898
1.4728828617578442
0.984311576844785
3.168802604180694
1.0238538918463294
2.0019835712802685
0.41724994102267343
-0.17990159922440596
0.9831692336850327
1.5521203734317024
1.237430418036851
0.5782943479981125
1.1924895378734501
1.9705310964133396
0.5603082136526301
0.7238625899188
2.15780647225459
0.6687729612057323
1.7421787976532732
2.0911375257427975
1.659410350644095
4.392753893988788
1.6363893493731643
0.8160691147164065
2.6208784423127507
0.8353368893506637
2.411316111488948
4.428029607077667
1.4492763910940414
2.707341303949134
-0.07456396880743799
-0.1496243236700867
-0.2715523898539718
-1.017738377972473
1.243952630846389
0.9255310055075521
0.5395353859267382
0.9905732906380453
1.3618142680695173
0.6025259881224823
1.133686729654622
0.38592532811634894
-0.3828893034041905
0.690196824405513
0.1752874352007019
0.3030926501051492
0.6733162475492278
1.3349638999637423
-0.33927010398463353
0.6449639041715612
0.9535727858301766
1.5399122949705464
3.67528380106904
1.648684790356765
0.24558581203286223
0.42432012324833535
0.9379155901142596
-0.4264482803334064
1.509138670960351
1.7275580693627695
0.21658037952717468
0.6974661483197123
0.9719157013339333
2.7339939769460706
4.940840224923595
2.015963116398676
2.9154589261565285
1.2108730594409056
0.6546165904930266
1.2397230127847987
0.2953552176496623
0.60900738574723
1.0005800977209853
1.1725828664330447
3.242471100786171
1.3786667959389127
0.5310022676390227
0.8287149178254601
1.8456163000490382
0.7622481257206031
4.931232016694867
2.2079619590627795
4.003278474223702
1.608677777156272
3.904554500205182
7.387103249419471
-0.5786388581614319
1.6831644596204627
0.860591776142126
4.703062912084842
-0.021810714446075075
0.8023879579838129
0.9750858945410572
3.03921972026688
-0.32725770343441773
0.19391739841049715
1.0894753335754668
0.2420199463427566
0.7785054575864736
1.9992026574908097
0.352168745831584
1.2037886375802254
1.8665264597612379
2.9752255725866177
0.9281771703489533
1.011526931693794
1.7342690366949611
1.7840853859192198
3.441423809968172
5.080562558961735
-0.6291918324826822
-0.6354603872618059
2.080987050904189
1.2478195342259468
0.5715247971683979
0.535787287362715
1.4856412425999936
1.5357536664760127
2.567171925780441
0.6487875596906132
2.1470468149372435
4.078437500857267
1.0827493334615508
2.0889574884505366
0.5812924785847227
1.3353003756096087
0.44960473710856297
0.7856871895804549
1.1271259776202873
2.628866770828907
0.008597825919183788
0.15404370050336547
-0.2622527988037817
-0.2252896195440901
0.5094991444246698
0.802768374469931
-0.3606282376481691
-0.1456467975006086
0.25578299484426303
1.2912943200014646
0.5017350189516068
-0.019336105470294962
0.5240275922457
1.2747319242622044
2.452868323598286
0.7504891223742005
0.9592929751393425
1.6297926411989314
4.456685891630212
2.4660562912671624
1.1676830832387397
0.2527195646065641
0.5253421920005364
0.6669716911083408
2.1460923233311298
0.5974577444380729
0.5869142399748836
0.3064597313773194
1.95127297603037
0.7931674570818996
-0.31138235703658035
-0.005309457916155891
1.1079582629248679
2.8408160930838244
-0.15459073029014947
1.2347308613797092
2.363518052897774
5.655766503876947
2.8576100255745622
1.2802912795668644
0.8627458883530998
0.35492813158474246
1.7107640933948778
2.631705042043899
0.6517058339718056
2.596604615165629
-0.01854782282663181
1.3750686997135153
0.31708158644789086
1.7068384374083116
-0.2941435746863921
-0.7378502415797685
0.9347045718827756
1.0587271244587615
-0.18407480695323453
0.5591708495390154
0.785147942270857
1.698173240371068
3.109869763334831
1.8686440572358662
0.12953124479777578
1.6442354729596766
0.6223115069579201
0.37986255243221234
0.5738377265917267
0.2930189634723094
0.8794148164366425
0.6844390205175562
0.8067930898611687
1.5529225610847919
1.4623853490287642
1.315366320389772
1.5561819211358598
2.4577746930576065
1.299299488836857
1.9641174127959145
1.1745713440645764
1.459487260964135
2.228801319026511
1.0789965231626963
0.07488761523753595
1.1149284061503197
0.6503434887471211
0.7856431967003227
1.1061658110035826
2.646836286707958
2.4141625821545976
3.0984252767858904
1.4162940468290088
0.7412328905785466
1.255373916561965
0.6758157369691832
1.9222459239134242
0.809895741088849
1.3979918923128112
0.5488773872207422
0.2645062526746351
1.638617579107338
0.9760302093193004
0.2551991876601877
0.6610587074680917
0.2746607201386848
1.2793002461973124
0.31670647266329877
1.3213874117691242
1.4611831461098908
0.7452513373187926
1.061020451829832
-0.035524677010699834
0.00018838983147762
-0.17018599940869805
0.8860959670483783
1.1240220491129436
0.4537038534552672
0.5685109273563881
1.225577303507029
0.07898907217122031
0.32676714592978373
0.039802161967533944
1.284945044958759
0.0472876947226919
-0.27896532858624656
0.8112793396996235
0.0536379436755986
1.6708365454189624
2.8594502803755453
2.6558682071435933
4.995212988481091
0.5807927808171407
1.9818058519207642
0.3931028279417299
1.4314319820156653
1.5535210427953392
0.5979121659888615
1.900679535195719
3.7908533858244464
-0.030496702589077662
0.13579327099424154
1.1516086757611614
0.6834336765845107
0.9916905136490897
1.9313121015390768
0.24210868914693895
0.8862600500382203
1.6291764414506824
1.4977076588855716
1.2722381449532734
2.683850763260949
0.2857684269936811
2.213695137072272
1.6137114692319874
1.7054358782509624
0.7029197883297262
0.5490560018558686
0.10340775907355693
1.372955985027039
0.2185532809449492
0.394556610124992
0.5986900487116138
1.6751076076202782
1.921316300094952
0.6565611106606561
1.4960235592425837
0.6496154165155434
0.6755825152959402
1.0733251194501872
1.2624597667131214
0.2965312327921785
1.4117019689483903
0.3851846028893311
1.5516126542194386
0.07372559570538073
0.1498125325928069
1.2523317546299455
2.1081467078878857
0.7863726561993429
3.8106503590346126
2.55454043199337
1.5152841797552057
1.0126147999255717
0.9530350766562857
1.7175933597755308
0.9832057824875942
0.3694648213011893
1.321330639618643
0.5600345447281108
0.4681706230546204
0.2947693290387018
0.8161598262803593
0.519265030978439
0.6175407558687316
1.8555753784840032
3.42240177791052
2.352242889387286
2.083589835343151
1.316841573205289
1.8364566587274966
1.5249793739245108
1.1035391130667807
1.3279841404134247
0.4237261434086178
0.0941956920359337
2.069095007314381
2.1690760431153047
1.24381042126022
1.4906349849066978
0.5328368670809935
1.6533697718102713
1.3191827581529676
2.6405581700599337
1.8731795077781919
1.02109304304087
0.6471392729358996
0.47106405056351763
0.6937180171852846
1.5323165070079936
2.1254827689747566
2.334850395726656
1.0376719664963403
1.8091182708435591
0.18755535757240238
0.2785975573118298
1.0815980938450471
1.6390822160935428
1.029610481019448
0.019591019093710416
0.5906260155889316
0.0005701710540497729
0.34570607405288023
0.3413618375147458
0.8834600914078498
0.9441522090139848
1.1043576014043057
0.06897207781385739
0.5301899735619174
1.0636998294716882
0.5591021247362213
1.9286229122320164
1.2169102544514852
2.646765940411987
1.5072717783234975
0.28493131560365426
0.6974951834671026
1.2293253343089807
0.4715297793768648
2.003575982308348
1.547785023050453
0.44482406429241295
-0.03031735985401718
0.7255064560016791
0.7985151802965635
1.3781881696433853
0.8608263450136332
0.8946688587351784
0.7851045501483039
0.6907765992683601
1.059509377916093
1.2505097979466397
1.7516646047840485
1.4305614133285771
1.2450216905695886
1.8490834015101987
1.2306701989529145
0.9749098177935382
0.944406659432044
2.3046450163662593
1.3652854050314256
2.7803430221467886
0.6108120460254765
0.7798027969367861
0.4803300201266263
0.01968149093941418
1.148977299622418
1.1253420883073615
0.8818294217241993
0.3249902290009702
0.939450838640465
0.6330995758030054
0.7481799607768622
-0.04124209254533051
1.1795400928560174
1.1848254530073674
1.3084952325539505
1.7363578008358413
1.2479103972277308
0.6962257998778001
0.2796000020312377
0.23925111851884073
0.7043096999144903
0.27084057499724623
0.22398504727220536
0.8509408354093085
0.4919474700567844
0.9693565410949682
0.7106010088792521
1.0036305286320462
0.7551078160368966
0.3449490140202317
0.9231776031807979
0.9078199353503107
1.2863782600777118
0.8543158797819057
0.9249964593748907
1.0926602963346939
0.7671191371267745
0.4023702467161132
0.3036229517729654
1.1488517764106896
0.30339493342182167
0.8096481262621307
-0.2874405112467988
0.9536263468381782
0.025572222447482917
0.21616224301152354
0.5436486940597494
-0.28141528385226966
1.2370765151485954
0.4042435739710689
-0.11803323111841602
1.1238409556684523
0.47197276043098546
-0.5597917025352868
0.8810795955162102
0.5035927645491982
0.9243542174272942
0.1185736781952873
1.044834245034922
0.8929029346419997
0.8040510009842735
2.141666061032443
0.8951042391912734
0.6210950671209
-0.32062949684632214
0.3128929939992454
1.2153145079443946
0.9156279331490027
0.5853764320190349
0.5784033151113969
0.5407436750818713
0.3715651279984311
1.3970214984862803
1.212330959277943
0.6153370190124892
1.1900214560591063
1.0496030260395588
1.3739436012116433
1.0444063462970403
1.0585371360082114
1.0968415949806365
1.129497318676714
1.6508582751290262
1.0239972886927067
1.0369824690266671
1.3416529832878024
0.14642574057894397
0.9091557311154157
1.8256466345093765
1.6100516092840123
1.624670297971453
0.42575644214637465
1.0004626170139672
0.40754087656108684
1.0842455920326703
0.4684488479592176
2.180298364266437
0.6115080392279213
1.5472692923022515
2.2494700479213092
0.15822334672182625
2.0663386781661974
0.8820485257049789
0.07748695737954203
0.229397231608357
1.3092698081819636
1.9406243980578881
1.2510680517427548
-0.23426436888073776
-0.06148939232571404
0.8349573333265675
0.3060528162286321
1.5872733053310522
2.2255110758914913
1.257172715396408
0.9814614098814939
0.2301182950009487
0.2925554153165938
0.8329657990229944
0.36683540907753787
2.0344460612933952
3.081373680462694
1.4840660440081064
0.2816104511216524
1.8912449926204578
1.559747828924734
0.41014192331648713
1.0573706950864374
1.9292376035634637
0.5520637380379834
0.452381305080488
1.0660033798474875
0.7423645144599088
-0.013321335659749689
0.8701735397803423
0.6722016177656308
1.1448702504873962
0.07968718837281896
0.24637165473835476
0.407801521385051
0.7490144848191064
0.6684155718573954
1.0749169122128321
-0.7882921469703563
2.906740283894611
1.1914456358523358
3.0478877869218817
5.093615720674834
1.1854673579676633
2.293263229146795
1.743819234391291
0.11425321795008614
1.0715028570164513
0.5068139073448072
0.8021884195732578
0.7527086734365078
1.1108433948551042
0.5514313208236933
1.5103869767080669
3.267926595225087
1.1055911556213107
0.16252917507262443
0.9072713428873003
0.29740466708689917
1.869279977852895
0.6712131589646992
1.0880851036816408
0.038122692972784034
1.8657526507712339
0.42357225045289126
2.9493116641690547
2.0754755885221465
0.8470932164765308
1.591329635120191
2.1564093215571267
3.1083622853244504
0.2770546700156086
0.38327286097468616
0.9633145322666198
1.6712722892555594
1.533762587003539
1.7688135536871967
1.1081420381123632
0.8032892073960696
0.4959936138312313
0.6943890919856952
1.2379445163570753
1.287162299875449
-0.3638326321475145
0.3518910241141273
0.9539271233850478
0.15784934112717675
0.12768893314775176
-0.027120896417367923
0.44648559406861665
0.1914709295659801
0.6315523255817348
1.378645741915996
0.06181750961473653
-0.006560760831426871
2.4352333191504103
0.7794248185451171
1.5034436127449389
0.7893938858239296
0.23483747553654055
1.2279129878175943
2.4991626496280315
0.9521981699256574
0.860929610441172
0.7187444796765096
0.8648552364266671
1.0167990384125507
0.7231047771523045
1.180540307166082
1.3984038736236102
0.9515003508513892
1.419098624693814
1.3719732108137876
1.0783004261667766
0.8805652424956792
0.26281155112059507
1.8100921087692687
0.8141293437461967
1.3554256036166856
0.5239359952707234
0.7415681801283989
0.3512345621305589
0.42165484383690655
0.495220888222049
0.6982244277050373
1.2787885076054797
1.3386147881943855
0.6954973316715649
0.4459368031121703
0.6578494763731153
0.9612278879306795
0.8579838269722035
0.7504402292387544
0.8732352601635527
0.9495638564546721
1.5407343406737264
1.4955743102179948
0.04477266524220769
0.8747375131597726
0.6485903329467597
-0.007645345124309699
1.3534428038207307
0.2413298703710145
0.44549492283443093
0.15970072215036235
1.4663920801837431
1.212279798236069
1.4386017074195252
0.9424010871515729
0.8673160240941596
1.312039715617585
0.6508412241836341
0.8466853628255672
0.90941370245697
0.5166103684036027
0.3658775836724806
1.0865870825984496
1.4167694520839347
1.5342247164542333
1.2739741840364598
0.47992375946496457
1.3423734456746543
0.6087907763789343
-0.3517853560052633
0.10022559059555658
0.5895778064902077
1.807063321413156
1.662346123621604
1.3066986082409764
1.2107344772668218
0.33791621545362405
0.6522760522896931
1.3751609804800264
-0.13064019332498256
0.34097278119917607
1.1355519965113487
2.1641365601522935
1.5302694657066753
0.7765839068249112
0.463597257581598
1.4517444414619016
0.7499904482037743
0.7013775631455397
1.7995999031888363
2.2561737928078855
3.433602457505843
1.6038685415734402
1.4967477814981265
1.5616561564496392
1.4232905327528118
1.0843457062537962
0.6756375463554388
1.123832108750907
1.631156570759381
0.5252752526143982
1.5102762658737485
2.5142482641319015
1.242339314073894
0.6959968848541804
0.7929874198882578
0.5054773866382791
0.8310959145836572
0.8045749260521098
0.49963905441396994
0.6591701085107419
0.4988828012793828
0.1795803194307205
0.26453655067303317
0.28804213707593873
0.19075971311351092
0.8384646246677183
1.3610209561584905
1.5773051043599136
0.8232828567139691
1.0754547621840325
1.0904753284971742
1.3059284144989516
2.08728747894028
0.9270256583166255
0.3558469255341683
1.0260857411686497
-0.07885247473270596
0.7592045605092463
1.0068065257446004
0.3390352682734207
0.34407142340631636
0.16155623371559336
-0.4323521800937369
-0.3991246141627349
0.9620778868634098
0.8404216063649859
1.3905947979229347
0.8694863326601934
0.2616514404695237
1.536805504487472
1.202047333837514
2.028165039296807
1.3012122268391064
1.9238648191841514
0.647738943769022
0.5583216806710827
0.03613575903556565
0.2706149339462657
1.484609112666988
0.9998844660112001
0.9319515264811974
0.5187438902364561
0.9486187942302968
1.0088125111467134
2.001192924062809
1.4634222890985504
0.3996066562356505
0.11330699068723882
1.1962089498396677
0.25687534599970896
1.2230817578527904
0.897230571140118
0.2730834759964529
-0.15464069520307655
-0.043317763161099476
0.3252360051654314
0.751743648378912
-0.039493671351687576
0.055617872536735224
0.39825799121583394
0.035201389155881224
0.7570415613137569
0.12695219669893154
0.6057907615546088
0.7737707787902787
-0.738011499352279
0.29128848233502025
0.7352501819893239
0.9684369641897231
0.47389652205235555
1.573427042135223
0.6931312140790857
0.8934582039591402
0.20952683886794032
0.18697207903311663
-0.09035106277666216
0.019255573256901526
1.1492444795361338
0.017391223159859637
0.3220132906406601
0.8542200634140514
0.04761674421541162
1.8908810027165166
1.3078841768787004
1.7733500449241837
0.508184192553474
-0.041934082659532024
1.2846324906793076
0.9455259374717176
0.7372762140780769
0.08318645619395992
1.1635952493207837
0.7442210273325733
-0.07028084550174407
-0.5280376401445497
-0.5522895260998386
0.8374953607383205
1.1067930060144067
0.8314099654679389
0.9382539948239077
0.42882031272464527
-0.16905045718506662
1.2037027892515322
0.02050092731371911
0.0415991720494171
0.5336316217068509
0.44113762813371493
0.5336674142267583
0.0560960690105341
0.509455944736741
0.5954168227911427
0.08942440222098891
0.1518745397493303
0.3935694704103908
0.5922924190199356
0.012817194216131922
-0.1015730038759659
0.25810464758869645
-0.013171502257933732
0.9559058209398315
0.004139635097342498
-0.3207234458553234
2.6329408939580077
0.9365151423661149
1.916682578485995
2.800328332508602
1.5873525386932368
0.654528990315965
1.8406180280832518
1.145668764839934
3.4258278768529116
5.243006502085031
3.127452688797491
1.5799335868185724
0.6028799455391312
2.383432496766915
1.0803872431627237
2.795552726170604
0.6469854736260321
0.5451863397082377
1.4587116412516759
1.304021212819898
1.1009057308117007
2.0365553642123975
0.38770631967187785
-0.07745971712735988
0.828601027037758
1.959819468902741
3.971998768916571
1.3063284389804317
0.8918627910847235
1.59713562582417
1.1868781036609377
0.15552896200632327
-0.06256076210797534
1.1039332070621928
1.5815527815787247
0.7167597955748053
0.23204613639485927
0.6838163124585283
1.0544397576683633
1.3287303358579634
0.709205159301771
-0.3880457887202948
1.5236249069263712
0.8384995967249637
1.272862382665628
0.7114752982736735
1.0221065665019728
0.879800303841094
0.6246731130439078
1.582040480513846
0.31930821594258496
1.3580589909666692
1.854940007440391
1.3178867006403037
3.6961443231380775
2.004874580254165
1.2180448806192907
0.05740002346465167
0.7796170474973461
0.3895305451460387
1.8785668456066102
2.123091486144922
0.34271857206590406
0.984298634027188
0.08225651492832686
0.4274937248656968
1.1965058819969197
1.0084657708503348
0.18129006175200935
1.238304857072034
1.8022229418702325
1.395568854733856
0.851999876013198
1.0162668348922077
0.42287438044487513
0.5302262879904753
0.8863361904528083
0.40742563434176315
0.5725796408649257
0.6436873490913146
0.4512537498583975
1.0252530268692965
1.1172488298778334
1.0696489030832592
0.56394837672178
2.0097228492146417
1.0981247319427299
1.3386723837973569
-0.518779018606111
1.2717147098902368
0.6588684062052277
1.6138476329100184
0.3799572280292838
0.831373492224191
1.0336572795898318
-0.3469678959780871
1.0972880841991643
0.9520428873496071
3.1218707051228267
1.2037096261318503
0.785308900663424
0.7146614867251221
1.2778325688497758
0.9421159554910336
0.7077748973902613
1.3764940619280783
1.1757171727865459
0.18743030853955012
1.2947132351021557
0.9771235882089515
0.7030869243530136
0.6163644941258819
0.03483606872941081
0.9599686962277655
1.7000833219183402
1.2766114049301207
0.9439045259898697
0.2606693564068221
0.6364104466816212
0.42879022487540597
2.461515543857903
1.2947473799498759
0.8989252635473348
1.2863517023440048
1.60841958920147
1.438929646793428
1.1401394841104935
1.2450717429506193
0.13101771969218434
-0.7048756480256713
0.29970286366597676
0.9985662443975415
0.7577632383209952
0.8074679964200371
-0.7699076193708767
0.982857158469831
0.9375074601360308
0.3293825494617624
0.7945818897476191
0.8885104516210706
0.8388946932990073
-0.022279229184910543
0.6721156430076728
0.5419734205082225
0.419584202394484
0.02217202603494106
0.4270503572054569
0.23760611679620203
0.1154082032768583
-0.033755699912154435
0.11554900229012333
0.3732142475270279
0.8522125734536932
0.3132807467906702
0.4910434773696999
0.38517138788338834
-0.12002090118067077
-0.09965125692720589
0.872312496150081
0.7954516156907934
0.05980577761634864
0.6231636703634793
1.8376583230205492
0.463830825284395
0.8192863499785433
0.2806467187558114
1.9866430304439437
1.2237429273703093
-0.18017181862613452
-0.2784443200414106
0.6092348845318017
1.0923624269297518
0.49878016930505265
1.3110671886124718
-0.20657455680067116
1.1048553200249462
0.8721608322886176
1.4674111708599
1.451736027979986
-0.33225024236006906
0.18965448859203826
0.6048756680626299
0.17164586139783955
0.20376252790975558
0.38423956679768934
0.825839991244119
1.0459541789418951
1.357700482269832
0.9877419461668594
1.6152087866132496
0.3530989280210872
0.6336200125881208
0.7931571077306618
1.994270045655995
0.03341521987978846
1.2291381628410663
0.5311894941156985
0.6147759909102013
2.0031387473910494
0.7005845934794199
-0.24981935624049356
-0.3510857636991924
0.6778905746196069
1.1826890798923495
1.6588798177792867
-0.6375814229669134
1.4519191239904772
0.8628785173391289
0.2371278442710114
0.5713326677708543
1.1257142938113804
0.8221864832709751
1.7100642465347407
1.2417937953290021
1.2798708523199744
0.1934519222945147
-0.009144580667741042
0.3011517681343694
0.05821270635698883
0.8552139417019855
0.20042085414287103
0.42826473885804095
1.0699062172516913
0.2770313945148649
0.8289247674609331
0.6481418228774967
1.3202095560098255
1.5059079517634424
-0.3064000462286347
-0.2093063648866591
0.7952981974705713
0.1852156509709202
1.4221726808285053
2.462116388137342
2.4447092738260787
1.6262817735864612
1.9921638184133754
0.8489707224255977
0.37224323126930303
0.9790335454791858
1.5103093835255321
0.5707596934006106
0.7194069468728987
1.5591012490747396
0.21017532759026136
0.6302158477487488
1.9794322862401645
1.4277480382708299
1.5669007507499022
0.7593474312013805
1.472369583163504
0.5814261914213439
3.1695813438204166
1.5672243274616955
1.6923693042402994
1.144504643170393
1.7143495093480667
1.0357674925893465
0.864347658157591
-0.24434336157950498
0.8389009531943893
0.917744759275127
2.1489280136546136
0.37120582763107546
-0.013622306591849709
0.4689743332699221
0.26877514487959386
0.6999480660763258
0.06547274867004926
0.4658977001451835
1.245004064232332
0.1909433030433233
0.3980590167362741
0.6106167011316672
0.2310604651491227
0.39135589735104337
0.7866803341740387
0.22679235084462357
0.8152447062690207
0.08503034680775945
1.8725965185491769
0.1343263581849753
1.09615697037397
0.5923727708371271
0.49131060980449237
-0.19469864684610183
-0.045436606796504186
1.3481178588832166
1.2856742337905627
0.9078523210165108
0.585235357391066
1.0706586122914248
1.692065097296274
3.1785275819471623
0.4998889415690022
2.00118312248903
0.9012986798167498
1.4370054677754398
1.5821950319574234
0.5541546043646464
1.1717922695086804
1.324939894693735
1.5851387024408634
2.435683864302044
0.7202844192614599
0.8150234946729917
0.9600328960842585
1.5192347059304487
0.5837062491389138
1.4619003295274617
0.9930206435237936
1.6443923699395173
0.8050705447137825
0.9109156556005176
1.121910741696027
2.267302923813979
1.9617139928488219
0.9476939762440478
2.6898982265479936
2.6269241056894104
1.337912651655084
1.2500257507259307
0.7258534483780564
1.6103963738538165
1.036617183091695
2.1340940735420366
1.1484108225989291
0.30266889485613957
1.0527851497151344
0.4876847148039215
1.6268833266478029
2.7542137797117565
0.6132413841953384
0.5928775420498895
1.0367371799749747
0.2997031073108728
0.4983240342162355
-0.09965195274607908
0.6192408248420779
-0.03549595229858049
1.1790109352812719
0.9336133575905712
0.6982725095806086
0.777779062682623
0.5857698815063713
0.454231519739028
0.5635077270608777
-0.20901066875260188
0.5691890910228261
-0.580866985055772
0.7091869041676455
0.7085373754865154
0.9520202941310059
0.7332488455223255
0.2769180115381489
0.5393539200899609
1.1256316185354052
0.8830149515807943
1.288352497120449
0.40452431456641125
-0.15576163572166823
0.660013004543075
0.7511729543644569
1.118214990975493
0.9510708266353735
0.4513890753305808
0.5267870111964041
-0.09079653149607458
0.5796538866427847
0.306599963888857
-0.27285577869013156
1.37907690454016
0.8844289722381279
0.5220858352712595
0.7119116314493478
0.617563808911737
1.0518982979210267
0.4665344742277816
0.6647845199449498
-0.06267639717169748
0.42562962970082374
-0.07534486331409784
0.2967639971424316
-0.33144040826372234
3.7298705186548666
1.544487858328887
0.5067220434181625
1.7184016703732083
1.6888088688754732
0.7328404975188616
0.835460437786937
0.39937293927784234
0.063756819450008
1.7227715969270458
0.3496916649120805
0.853049826833064
0.3853761901270176
1.660349448714555
2.197096027693819
1.2109633765034125
0.38811702304902373
0.5542482596774205
-0.21622142505593311
0.5223882918924013
1.36797998304449
0.2632513960140651
1.1430684806295934
1.0800461831745685
0.1824381155591801
0.9192812668855687
1.7753135597996734
1.6139138891670004
2.1676591559221494
1.250778184109635
0.8408028546623791
0.25251997115203917
2.6674363258653946
1.5049640813002534
1.4946200525411772
0.14047638155409814
1.5419146939856083
1.7981274393564215
2.1930127876735925
3.365098335260422
1.4162407691506846
0.5775813297623782
-0.43668983944166784
0.202290978774046
1.1622627448859817
1.6522069748753252
1.05071031074915
1.9295827620761457
0.7666223967877925
1.8977893373167913
3.239675978138307
1.0989210096427557
4.3773745342358295
2.6272370050796914
0.9210256180387582
3.7334114388962667
0.6455094786120317
1.7748749480062544
0.4363795227868984
0.5197175676571131
0.6560471872766929
1.495497865880845
1.1735754678318384
3.5347990477618727
-0.07988830344084596
0.9347834656966043
2.467356796456249
1.4484720435632643
-0.08441770705316487
-0.39722741010752083
0.6814652267419048
-0.08592937463790506
2.8707036346969317
1.6547437170004073
1.0105943389093206
2.5076329639052677
1.9297296331141114
1.0354610423881827
0.6350732893510511
1.7646349802065546
0.4419572515995348
1.4563075202029268
0.30803025930920547
0.8882664222521263
0.7992720966412692
1.9074960343798761
-0.04733473402396915
0.9044050361637245
0.697941710339157
0.9060076710360919
0.38028858069503435
0.22258113304554972
0.2384448495488135
0.24454157064707815
-0.21184861310777503
0.36549523759870195
1.1027601300277041
0.04641330934934562
0.6038865997904102
-0.40143918161562664
-0.13964086111235652
0.511736438411885
-0.2991909021653951
-0.1773832004896978
0.8203135119797714
0.03187542286302225
-0.2145947101806156
-0.23370694451929142
0.7000724521295132
0.4121704719561936
0.8766218857152781
1.7942877225557359
0.14863623885789223
0.9548456223911296
0.7024413934978129
1.3642871530772984
0.7488917561644852
0.10114191000312212
0.2465718814140414
0.8939234815918256
1.2570746240174802
1.0204840976567933
0.6427229291311436
0.8034836540254183
0.5665781832320234
0.4075523227846267
-0.5515759363118649
-0.5452812009492696
3.3494420948026686
1.4981700026876423
1.602886846904746
1.8600593937852552
2.3723442400531667
0.7582199366793286
0.2939275130292516
1.8585662521760111
0.9593731239887214
0.5634480155618782
1.9840701961447813
0.6895027797170202
-0.18153084339282444
-0.33190011790987595
0.698519366072275
0.9929414202877295
3.196565436566152
2.113089498132843
1.004883486210999
1.0618871534970478
0.8923954651369245
2.5067730822934085
3.26182556357658
5.324487682271548
-0.0991621150504236
1.6508191620827832
0.22729859066120073
1.2046944821539676
1.1694858145888356
1.2190801456378826
1.5432003992353398
2.577085629802183
-0.3019414877914657
1.1181494960609313
0.6934719417978669
2.222950685281025
0.6383742149546034
-0.2615014313120978
1.4717453990869913
0.7798804263624581
1.6774038227389831
0.22561113287581835
0.858983908242978
0.6506980342096447
0.286543889238405
0.4418953182618873
0.1260811101233732
1.2749998775339177
0.5874942581208856
0.23939980538392325
0.4199795701402439
0.908084766680815
0.2508668564783618
-0.032397536397394955
1.595429840614508
0.7832270339666726
0.716624933446746
2.1403163615204783
0.4368783946855783
0.7090804133259395
0.7427534260710519
-0.10735089847574719
-0.42609117573718347
0.9618843175018734
1.6694865142302695
3.219405154883451
0.898848885511146
0.8005353623386753
1.050050386524545
0.17129285501850122
0.5549922593984787
1.1496267471639425
1.3031181542066919
0.38880855817758875
0.4953406337820049
2.3146923372803285
1.775553800803348
4.07699072298983
1.7663431526569566
0.45737128268917904
0.9410569359252915
3.4778238319654826
2.766880655131727
4.582420136615818
0.8826827648657274
0.2536001762947847
0.8963206037034913
1.9588596084287317
2.3503752415550716
1.1520344159159175
5.9756743738928835
1.7634179582145961
1.1810725733367449
3.269786605721016
8.024231369694654
3.467228306928116
-0.23899158925309139
1.2713828237219356
-0.024087875975489226
-0.20469531268730168
0.49357723683981425
-0.33795610273601273
0.48743779320888303
0.5208846149715585
0.5790834792060398
0.7913389309860279
2.4669098160499194
1.2613852341834502
1.701617584649187
1.526149051156447
0.11536162984994103
-0.0004519903360058475
1.2455745504473528
0.4381670076350622
1.1807060126370372
2.636170932276865
2.8630376967295996
4.900425378794521
0.8707115508361738
2.7883520692415518
1.3477374739609926
0.1974769290770736
0.7496313095427615
1.793229691703652
1.16405014525606
3.4368987408149434
-0.1931127909311352
1.2558031310032427
1.6385425701867464
0.5237471595330889
0.1739997704519919
0.6608576644273242
0.46473451956266065
-0.050125756737716465
1.6729944159846024
1.0384671785526696
0.9441621265977488
1.8980887761272038
1.2616460294150498
2.502433783137869
0.5308934617313374
-0.5721835152540438
-0.01551429111979652
1.3040753190866297
3.5046116366826046
1.9831628876285454
0.9823589723982065
0.5071658625897426
1.9844340865900565
2.7275856362630666
2.3759235481609204
5.689021114644707
1.9939440606105951
0.5219679012456605
0.5308487772362506
-0.08947834312315406
2.7768213867045404
1.5062279936084653
1.0906628272884575
0.16407208071192692
-0.22371767668766784
2.414848893519582
-0.11044880161701998
1.281831222137255
0.816553047325067
0.35225397665617453
1.0222088247896106
1.18499207523858
0.012615922096794518
0.34148060792234625
0.3942118077046981
-0.3459786687048261
0.2708782387295795
0.24833894703808268
0.20444092304121597
0.5775779033245961
1.5407223616969636
1.6029613376100635
0.37822575685419246
0.29573108983264407
2.177935884667414
3.1060243964614003
2.1011781434011163
1.218825581925988
1.0234129225487942
0.4728562920600128
0.8636561925055087
2.2727235047831407
0.8076870296851625
0.10449850003665762
0.7377614031144049
1.6333581071034313
1.3392963450045123
2.0050312986802377
2.3928183943482537
3.0307228618664506
1.6366731712174865
1.1415117341911782
0.8892210821667806
0.9967168255186987
1.2873336728333846
0.38067636784349856
1.6747629931646233
1.0532592437163286
1.2356656678785067
-0.09035235520202178
0.777945973834432
0.3821623729137752
1.254838062949219
0.612014187446305
0.41783235726098666
-0.03154405838537344
0.47573023052496466
0.7178713940402653
0.4425073699913694
0.13773299347585954
0.7385956081782993
0.8821294136638709
1.9234350204692467
0.7369569335637053
2.2879971390696037
0.7716895924486462
1.0464219609402046
1.677678336424661
0.014841691397625034
1.0605573098625503
-0.26489077665108085
0.5229985702625908
0.22998885768125799
1.029607505153288
1.6391531630840699
0.9133845791603517
1.756611867725466
1.1690957607371852
0.8706163792055486
0.5482620771432996
0.4346911928094872
0.1693876323100847
0.49609173149636343
0.5741209981496724
0.6708976062347052
0.24919013876582086
0.5169081168516657
1.2507020404734286
1.2577536329281067
0.708244209026659
3.0273480861733866
1.9240086865118549
0.9102376923371109
2.11734536036081
1.7783884930149743
1.3134350515010451
0.7956253571478509
0.5933808727013878
0.5841072594076622
-0.07972214156726842
0.9313933690239932
0.6344908924926498
1.0380807800598102
2.5670869953962354
0.5344502277930065
1.1818162373105534
0.35958492906095485
0.6879647534801965
0.2129837045045364
0.8942732903733738
0.7862852939177017
0.8266924175380971
0.4828656986143588
-0.02048099472575915
0.9894174730196993
0.9692219562387981
0.8099264082209882
0.9830262068312198
0.5033886101191243
0.883778344766925
0.9256337428533858
2.583631862242706
1.6138385217576054
0.5195570627144589
2.2180496361688293
1.413995119616746
1.0517804943887201
0.3104215970377978
2.489164278444729
2.4307835189748794
0.5947018824036463
1.9502961172991844
0.7513269812541601
2.1988282580820195
1.0012535780316572
0.6595065302115397
2.228400425823429
1.3859106457280874
0.354563844544434
0.04539671326875605
1.8433540146464762
1.195870822426542
0.5351388285657632
1.045142092619114
3.6489145632821636
1.8767974409661214
1.7075490664919257
0.5415260702203546
1.142852273221545
1.565598334198468
2.9890848791501816
1.0109135814603842
1.6890350964003416
1.6247965593241158
1.509463282265107
0.2240443578864767
0.3974848999026893
1.4637658654894472
4.13772045841961
1.713332244435176
4.776590670846582
2.3990930558814156
2.3235336825688035
3.105304393943092
0.10267633689856837
1.5544440579559982
0.9179917077869115
0.34585017329020784
0.12325329543123509
-0.057244244038090475
1.5369404773330748
0.3618029118921279
0.34171151437202574
0.9966649960936619
0.11530840211348659
0.7369272513946211
1.000398105177111
1.0923665041666566
1.006990540356432
0.30807445201296046
1.422605483884038
2.168066607661023
0.20840192221710074
1.2225333901231694
0.9418098348040618
0.8388144546806374
1.486490530109772
-0.04223932341177039
1.2938217639541743
1.4422594247021698
2.1669069964472456
1.1295542084982897
1.7474530386628666
3.4661461445916677
1.7476047831138108
0.8035769935889494
0.39332674828511727
-0.16539729040414453
0.16219230780023797
0.8891588292254038
0.6104610742999685
0.7369445545987328
0.042693433679595216
0.5349023187539818
1.612581578932424
1.2200518004588732
0.36417962901116363
0.7033562311083836
0.8921689414183707
0.8602412139138071
0.07638870320700675
0.0516897106887646
1.6456373166294358
0.06828872934829389
-0.022039335734472143
0.050030934447680475
0.5391342851408203
0.6166582075703293
1.12463453936665
1.3199197523346577
0.24246983363241204
-0.258291118413847
-0.4079661610176728
0.5815239629352942
0.7372741949332569
0.8040307058712337
-0.05294805483844822
0.34934055567454425
0.08457674351856548
0.7602810651359765
0.6702426288646286
1.577812025377881
0.20878851765713125
2.0799843837301393
1.3036793862526441
3.1076891361953876
1.6113928147198744
0.4586124764383983
1.0513382541570357
0.7911682381811784
1.0864297869635837
0.8847420725603509
1.026287311393968
0.5221337289808836
1.7513182456411087
2.0926973180060355
0.09817153914218868
1.4491231297031022
1.5353647731487887
0.6758668984126379
0.13485498284375053
0.8237865959501698
0.6572983510379498
1.070273655581714
0.8383720502443427
0.5243368232202961
2.5400732426318076
1.8441347530908248
1.982156337659101
1.624227725040368
1.0057983224612435
1.6282136395362579
0.404874374563841
1.2392433739900035
0.5521111096550486
1.1926065971005138
1.2091188195434357
0.23298833514098372
1.4591369947562318
0.2438058433806427
1.0003524327312245
1.6922118858456767
0.5422066213807896
1.3843008508593888
1.0481931635501187
0.45413434600620073
0.7785070377034263
1.5958704318348005
1.31259424457488
1.100657314078208
0.9118919685790718
0.911754363543394
0.5015099565379932
0.16623378492967378
0.7133445536567717
1.490280785731968
0.19533949496298963
1.2004475807446284
1.1048241435485067
1.899416385827918
0.4353602538605248
1.9147324128396876
0.6513210317434996
1.3055844270819257
0.7355534342989372
1.9327051495956917
1.5889090679683568
2.4796297182959712
2.089674244584086
1.0481269477522897
1.3359613658418317
-0.023760318214847365
0.028042931518745595
0.6018705320875108
0.3421151804466277
0.6087187060258348
2.1510912980521564
1.5484160833168366
0.01961097193459793
0.40613727034254643
0.6879746333296174
0.7053800243364224
1.2385453426683646
0.4576851826412558
1.0694647914382895
1.83697546089684
0.25298665448393787
0.1398203231273233
-0.33872498781192584
0.7246082964562903
-0.0009819816466745124
0.2999842974550999
0.5381503222563381
1.0205622707291035
0.841093682777281
1.0840639346137697
0.7706480396757315
1.378284969947056
0.5164059673487168
0.20356803911347798
0.4812383400900193
1.349719186235013
1.4018630939973882
-0.13739966449748575
0.47693440157610967
-0.22591708083229056
0.6394687939341837
0.9390807933536537
1.3182633122964553
0.8639641348235061
0.3742576562670741
0.3751446532293642
0.3148473604563039
0.2290942785076333
0.21066405041875036
0.10867351568555583
-0.15168492436241943
0.31672570944145406
0.8635099957627921
0.9104555939810126
1.076565082111312
0.7126924848724479
0.47184485176807534
1.2154165241935193
1.6792678227192201
0.5873403684721561
1.1576945932628866
0.2979169703766211
-0.21124373496783355
-0.06663874434997608
0.28788103449504354
0.4520878967580664
0.4807465898212414
0.5584200053307907
1.885592691665671
0.5094399940498835
0.792490821442576
1.2691019601138742
0.5967428307310408
1.2816565523383117
0.5913125370924155
0.0038985855458372187
1.0986081406272565
2.1045625217355175
0.8525670066868979
0.6606368955353019
1.20000635660169
0.5080930552285774
0.07824987476315015
0.17475637444656278
0.12692256884429287
0.4515451866512725
0.0711691324563406
-0.22787200903949723
-0.18174898941203366
0.2253501286884214
0.6651569324028586
1.3008398418723424
1.3844846220389582
0.5939294785652152
0.8256947598437304
0.14778099576912107
1.1650233008435409
2.7942943201645054
0.6102094809811724
1.358255338574725
0.025171052058922005
-0.04007473974488396
-0.05647461906313489
-0.0059249021258713785
-0.17790226238136997
1.5363247157893487
0.4602048006704076
0.9571906314901638
0.2044836903879842
0.419332290250497
1.348887393605729
0.23183179955304556
0.8297518604559938
0.95693768485234
1.7134376645174845
0.7293072446101918
0.6997595621419651
0.23572809314247245
0.6420551169567406
0.48267087459999425
0.4143590725703614
0.5090877930946618
0.7615826260577823
0.6866562940898306
1.346899800388166
0.5085028157597227
0.7441856186079923
2.2780337120980754
1.0199779919287175
1.12692835650899
0.48654849746707385
0.6063188942811034
0.4936257538849924
0.7671279532297227
0.7625776939416314
1.0901188860160405
1.129862937324091
-0.23216974392100664
0.7889528248593487
0.9053374260237722
0.7874468917002742
0.3747547057598273
0.9874750183928445
1.2557970516199966
0.5720206222958497
0.4397447681517379
0.08210106193681022
1.0161889093853929
1.4268849074832728
0.552425351600573
1.2163386755123065
0.6175202470529864
2.0035121133146
1.0414270843314213
0.3563420467485857
0.6572911915762694
1.5079203847687328
0.22618829158562948
2.078715187192751
0.783149618718023
1.4633207627156202
1.2186614467940649
0.5419713077902255
1.4206681376433075
0.6817132786186885
2.443805121550233
0.5134314913687212
0.8709740109493457
1.491652816668123
1.0064396148371944
2.5448497358249904
2.835724767765003
0.04301936211242985
0.5044560495482675
0.7280467626354064
1.5352957150692426
0.4117667613016689
0.6690066416043257
0.530832875330002
0.48850512355204145
1.292824700097245
0.7048774875178865
0.143117694682805
1.9701706014366085
1.1267862152547279
0.971225162055012
1.780945423711067
0.9259508951137023
0.340064173479818
0.17345669891979176
0.5771643323646592
0.08802496782929647
0.8322041210232622
0.6303126611860017
0.9032839101903641
0.11836338981293648
1.1408324293427314
1.1943438436737739
2.6851551952713324
1.2299915240789796
0.2980892487020629
0.4592145745162991
1.250085445336767
2.1482593114454205
0.6448668468984298
0.8504551143015802
0.10690568403921719
1.3931989470790662
0.4349738879055661
1.3259154997008262
0.8156689113623387
1.8615052094757953
1.4939846623022581
1.108424310960883
1.1639935578249507
0.6170785990204355
0.9498470388325986
-0.11304545359912344
0.8880822931065403
0.9103583329647542
1.2967664660307983
0.4115517540256045
0.48230758660364204
0.7372755445376318
0.8659500738998023
0.19372515074516106
1.128561516562687
0.5017394040597314
0.39772214161207176
1.0409640230104062
0.4306058995100973
0.8470630863577806
0.28785062751831214
0.5318808272334814
1.1933140964020776
0.19405793408155847
1.9309602249411535
0.8688527692592063
2.125128200211633
1.1824018689354563
0.5671554532264345
1.1907392887155628
1.004584511097768
0.9858497283854588
0.6813984984684722
0.853846716251719
0.8902792803148478
0.7185575704926905
0.877316370814595
0.6458457600929607
1.1395484003318865
0.5548340902560123
0.8614784064880465
0.8199364731435759
2.325043505960961
1.2835367774048139
1.002787660578332
1.541839931790629
1.3037612848686657
0.8978793632647594
0.5885111533859764
0.1753442012411378
1.0574648684372796
0.7161970701518752
0.8736800085692054
0.6753614569523962
1.122778800310951
0.8947319655263767
1.2142474413941766
1.0079510154344986
0.5265723097749359
1.2139116717966683
1.546181277117261
2.16178335835132
1.40857757204344
1.244491361537498
1.2906003029919328
0.5896801042103739
0.8063740589812212
0.741263894426665
0.9665044505718765
0.6617357318394922
1.0486543307023064
0.4337413229389624
0.7650609924256053
0.9048683947110768
0.8320447051197912
0.05807115223535553
0.6556575001279579
2.1870415062249444
0.8522661135179462
0.8908690718914279
0.9492894280325841
0.06736316575696766
0.2338381903115051
0.9054594897121089
0.746151348162216
0.055703694035773466
-0.3113933290039117
-0.1015006387135704
0.6226940812140882
0.5358190637185172
0.9430380975183251
1.3457758782709706
0.6561647440970068
1.2171347071316516
1.2089961827854308
0.7479867135286726
1.0447505230074978
0.7449553746385845
0.8930412770857055
1.0668811309157007
0.9219192267197351
1.1309652984193888
0.6326710060110736
0.027374279755699282
1.1157412101653879
0.7668047764259012
0.7966638437200357
0.743303415864955
0.7273322052446214
1.6756289544256502
0.4647468400603314
0.11688586984692051
0.5270644057289617
0.628098318564589
1.0140764884759421
0.09887331030675073
0.7744172385366369
0.6007570157951705
-0.0642593614784801
-0.09496663627046065
0.5035463202117318
0.5803811566430207
0.8235970072789104
0.3062253056678398
0.7143083081387387
-0.1845063032490406
0.4841975770104603
0.19783843870511075
-0.015509981888162327
0.9466936338859105
0.4471422732803666
1.3596083127009644
1.0467810492273115
1.607658246785053
0.1870188285158243
0.7475624055601646
0.5980010666403772
0.22190358743500094
0.46280887691138106
0.09496220861455051
0.051169839602641876
0.28706581741075465
0.5034019318165909
1.1434537535836866
0.9916241952631486
0.9057633643172269
0.3770517360950155
0.3731388435733347
1.2024323495709397
0.8235062190802885
0.4904393730940383
0.40647370489902346
0.45234707123388307
0.3476580502220017
0.42495602994577697
1.1181383946896315
0.848767718103643
1.125481939587012
1.2902594076601113
0.8784955925966963
1.3786675166659412
0.6262577608134443
0.16265502548830812
0.6944707520453237
0.8901318156995383
0.7918924829803768
0.6496844787352132
1.2856430778787755
1.0818048485803458
0.6790372050397246
0.3843383961221384
0.1492170100567708
-0.10557183011609128
1.410560468047865
1.2966038449965311
1.1341253886930218
0.9657841924587758
0.8753306529089826
1.0725280869360914
0.8535853846640009
0.8292265435151982
0.35889127588580194
0.488566776655737
0.4054703094407148
0.00842506474694904
0.46148320455200365
0.4073064950049824
0.7212767723941416
1.4458234373964305
0.5112296844227703
0.9393694574875604
1.5756815972905507
0.9308682461336825
0.7364074539104485
1.331229277739272
1.3066405777689845
0.8326815274335752
0.9739166324018554
0.7310500587237598
1.4195413876664302
1.2779872173470535
1.0214215310516879
1.4507561357738963
1.4000459980220508
2.5088363381860654
0.7231529925599695
0.7836868470672931
1.1499797091829047
0.9993689601053493
0.2604654912602947
0.9847751407736968
1.6071631765145402
1.1778883139862635
0.31524402341834534
0.6759295006521115
0.007084730454612109
0.42675339870538964
-0.11541263062973517
0.16324599077269142
1.1847890980584534
0.7095585358851574
0.46850263664342895
0.6933824355006224
0.8700413268476075
1.3884378083379527
0.22581261469520797
0.6966908610518356
0.9248115634050691
0.33666858274665423
1.4904093257114486
0.7945833862521333
0.4878496714061068
0.8149890420381312
0.32568868706197474
0.31399187815248286
-0.11485884053681339
0.6320069637357106
0.7408175610741881
0.13516106500085667
1.3666648680856306
1.1573808791376494
0.7099322905015433
0.8376825251302629
0.09913864888931112
0.5630763423853666
0.6643804105711055
0.24482483699140778
0.5123674536145222
0.04314618245204882
0.40849246020852037
-0.33946469185136263
1.0488478922915148
0.4011963817400448
0.483168550948899
0.5912326918094073
0.2783898729267903
1.002841665996438
0.45165183176121515
0.38530197217447804
0.73602039328256
-0.12210286512820678
0.9477208556910726
1.0377420680882203
0.9694797146595675
0.38410857200743975
0.11274842188843526
0.4019855185353963
0.5205566532368551
1.067312871184059
0.718034927556937
0.6280261811638912
0.7671568835246978
0.9125094268024163
1.524816684185045
0.6305215130419377
0.27373619174496533
1.0610069310007626
1.0336028253965108
0.9813577916846834
1.1036989678271039
1.0381910753495929
0.4866138448916979
1.0375229769157321
0.32372094071797863
-0.3346130143358401
1.236804206252748
0.8599178887855414
1.3100769726021473
0.46481613811571554
0.8477405916158052
0.7086167597605149
1.1612235497550623
0.29693051311182794
0.4459455605091788
0.4135527780806103
0.2228634030508213
0.9126969928292253
0.9250721304611643
1.7921127707703173
0.8065993156888871
1.282664760583737
1.2225408795082306
1.0076213699134329
0.5400667348891219
0.4674606870694854
0.5810813856237034
0.8939089001602911
1.545617899568364
1.2361486824577481
0.20001511907489566
2.545678526193729
2.2580361187797
1.1943377683664262
0.619652164794334
0.6696459661680214
1.2033643391780333
1.3340850388776186
0.7554369122324589
0.7426130818215837
0.10286198872888874
-0.4798385831583589
-0.0650604148530407
0.03899455962816445
0.9889556867626051
0.9017270237591265
0.2754425709963969
1.4269939720189855
1.1224217540716708
0.7674878346119879
0.659926165430277
1.0185655037030426
0.6430863652594578
0.6327675094840874
0.6465174443931021
0.5242416503693117
0.6393871160744016
0.23400412878784327
0.34155766415547306
0.5135756888495211
1.0578660967120839
0.43798075342851706
0.41038561952456054
0.5387504388227664
0.564261193295873
0.6959979407754378
1.2801088067549566
2.0051063698005205
2.090025432632242
1.202865900754936
0.48042333014254146
0.9787127360283688
0.6627189583930355
1.1245474655719927
0.6724478969579579
1.7167579222159324
1.0936578688574174
0.18799735277810037
1.0351206912840776
0.3758047715688331
0.9486406619301752
0.8567319434153736
0.34067472175931723
0.17640507484776657
1.0011804254204433
1.0793115718993902
0.2930524990716785
1.3233600424836771
0.8863370319037289
1.125198000738041
0.9516340624682643
1.5913030190837247
0.7804953191514024
0.42597131028753255
1.0740916402627423
1.114183662547419
0.015217507097022298
1.6550871285436768
0.5885647417521495
0.19737735376798227
0.16096158072389266
0.9052528306477163
0.8425875572424278
0.6228849771090765
0.4489715556856865
0.3800481121574115
-0.30286809168789053
0.6381667590984992
-0.2577836501632198
1.580203035574279
0.020639441755231025
0.023222089870594487
-0.4091532107056157
0.932624115884159
-0.4987861406079843
-0.8113496222505505
0.28471082049516805
-0.04142407365667178
0.23214596413925537
1.033640105912665
1.1712931639845499
0.13662080122224818
0.22751035630383865
0.23907479759101236
1.1003848231927347
0.4788626299216763
0.27658349295877305
-0.13026797134696322
0.3539687267022308
-0.15936871362672989
0.9277955193707434
0.9875053698301
0.991173726805521
1.0267211378556789
1.1002613530574494
1.2853847501929736
0.3755003950340443
0.9565425012528594
1.103215304318767
2.6030656084603723
1.5833213172355562
1.681763544281126
0.027109090691319504
0.6453821485971261
1.0959490482667864
0.6253718173973377
0.6616853683619219
0.8385975777873093
1.0482285540146619
0.7068040753251061
-0.05494600411092776
0.5055828423854498
0.4517110117760509
1.5871772969115538
0.6674184258172773
0.2298982917956569
1.5471635477668264
1.309647806507102
1.3120783667710731
0.9134427749064112
0.9183446310542638
0.03206607667550343
0.04612797385899492
-0.044254401180095826
0.52361380933084
0.45797155387486876
1.343871198242586
0.6376371655555473
0.6166306715379443
0.9150587457242685
0.8308847027429545
0.34396135391665184
-0.04672212688426036
1.2491566180799563
0.22305441232895917
0.8047986200610415
0.7124558509945168
0.2225303418419189
1.1878526804687501
-0.01144285591378913
0.6873789330540947
0.21844892017325135
0.5535924047871628
1.367969462692011
0.8273643887353058
0.6777676479050634
0.4240577892014675
0.2679864812973377
1.033532480797004
0.3875514848626448
1.0475025089526016
0.13534922269759886
0.877234197485815
1.3482850049770587
1.014522043058744
0.9299393591068841
0.9517367761865712
1.318770617766592
1.6693919722855286
1.1539105318804737
1.2886333869455355
1.1610532861903844
1.0369170236627798
0.9775349257811439
1.6439887830078521
1.2044361412168647
0.4205341292256668
1.088242898961128
0.7243773406001472
1.3283076781090106
1.314713916995134
0.57762103377532
-0.19789293715279843
1.319611589874909
1.2305538714272708
1.6018373102836911
3.0570103485533586
0.9096086860213561
-0.08529448127021544
0.46115423341216577
-0.042268855936524075
0.8139941443848286
0.2638470265286178
1.0162335409613545
1.0670264711852664
1.1502156618815218
0.02476956061085933
2.5171933656123233
1.3708277841716159
1.1053859234810512
0.8434385264898252
0.7535326140331322
0.24190064527721644
1.9732180968782935
0.26876164986660733
1.7436123002363946
3.2840337550978105
0.5519377634018705
1.5172218730933087
0.804249918083108
1.230688664618076
1.017344818175168
0.4668690362566825
0.6279995250131508
0.8624541166354986
1.828158091293392
2.1483536003324026
0.7124860082616588
0.866084930762674
0.6131656647606066
0.16140913933876144
1.1836482055074389
1.4473478775595985
0.5503717158040751
0.3554142573193628
1.104796355956568
0.5463938636496138
0.5472792230494455
0.8197178980071728
1.7235395162480374
1.4537844884043525
0.7272862634219434
0.5439278265426623
0.5785795459611249
1.7510364046285707
0.40043905141891856
0.34224642617960754
-0.02242610258803701
-0.20981243425784646
0.5049419356556384
0.24494775213967268
1.0655201582433687
0.766061260921244
1.0496626989869855
0.5834014534374478
0.7958889197915533
0.41061987199422834
1.5155730285074025
0.4142961902813732
0.5898130160386766
0.8070087558733211
0.4459642485571319
1.03022041808302
0.2531850859049568
0.1307867997944393
0.772983286334778
0.27504244287470736
2.1583323287759324
0.6487785638986651
0.3802923008049567
0.6415247245272028
1.251528098712402
0.46418322831042336
0.2763959462299015
0.13950517740200508
0.46465283995784057
-0.5385081185016072
0.714980869667688
0.45671300246460156
0.24942328539561798
1.1578870064776152
0.8032463897440152
0.558403960169217
1.0406730581227661
0.717112108619534
1.5075495574863245
1.2281367923616249
0.35705438353456265
0.5781742053895762
1.3231340223519596
1.5459265144937246
1.1756914805539367
0.8356339624243068
0.6693057904225274
0.7574701173849973
0.5175782313795101
0.2953363250073069
0.3678289092231736
0.36052114373448063
1.5613433034824533
0.9169108225021072
0.5760918105154125
0.8322544849486713
0.9611140630862492
1.126038668369591
1.7017800952295734
0.389188287904205
0.4972793564069766
1.4050225555962923
0.8300221500044
-0.3248060578452352
0.4455724402384392
-0.22069565624448173
0.3021425869280041
0.42884220265311035
0.6609515532853218
1.1766453280845817
1.1079940934770387
1.1457224095843765
1.1423488427114303
2.222652517856207
1.2732905505002026
3.5016459564342743
0.9086087173007557
2.32769258284061
-0.041183300884679364
0.14264530235770467
0.7460184259915491
0.6980281944615292
1.7659872334054025
0.8811552405761035
0.4732744667422961
1.227218636347644
0.007681297292064682
0.6194597681336234
1.4257590765980412
2.1700960496098487
1.0180729279356826
0.8526216234263009
0.7599617969199042
0.8452081997697047
-0.12282205708598459
0.6129531016881811
0.12215752076429087
0.3054466815932886
0.1351166530669874
-0.33748546216438347
0.8861783692041934
0.8609145908869749
1.1637157546047239
2.282242028389952
2.3056339913299047
5.415436483974028
3.1539577305365207
1.3224882833985958
0.30689173720878504
1.5622781363871967
1.8711052124359226
0.6178877787400638
0.8982660972359027
0.41763301680063314
3.3132216606643468
2.9901824829702823
1.0209467368429324
1.5698333002011702
1.1209148384772694
2.171417594528709
1.3287146909829424
3.211057623784561
1.5826978656555633
0.3679324583650706
1.0501535471288828
1.9303248355342224
0.10573409522179222
1.4575651108631469
0.606848872357452
0.6967830997244677
0.3812990083519354
0.3805761550410999
0.49932707784153885
1.7288083698516634
2.2535285350411423
0.8914984491947293
0.3935362651886951
1.2920682719845926
0.42393078656508176
1.6083667708824507
1.065490939905337
1.1576181006836772
0.8861009535218465
0.8455698932537503
1.080288540415031
1.4830070299665599
0.6397479679150164
0.8876632300253449
1.0006632545254472
1.108546366352522
2.1424757173328004
1.0134470488830212
2.6981533148060723
1.352222576112479
1.0515288175808364
0.41113972545219923
-0.0023922588514884158
-0.18817918723050875
1.4711246353928176
3.438983370054218
2.259887059398319
0.7594297142508296
1.9730304900148372
0.8663802835699885
0.5991615678955748
1.228509891275535
0.9128915683820813
1.1510577752604807
0.9542086337706757
1.189331579345007
1.184488388446475
1.0006898632678274
1.1645419786643527
-0.12550681150904208
1.4951539876629185
1.6853985737613688
1.4935343486471562
3.2782521857456413
1.3565257939332906
1.1025779372158335
1.7897010663348945
0.8450316546465381
0.3618321067001866
0.13478132213737593
0.8588788315329534
1.0053735317918882
0.23912366796991869
-0.4152676184328632
-0.05053709902647596
0.9478611897038811
1.7542780309295956
0.6675086777637068
0.6534518662322509
0.8993440294020573
1.6372293633256
1.1612365720632465
1.507008297719663
1.625849216959955
0.29562620823623864
1.043980163355491
1.3466161881047947
0.34484598654412535
0.8349502611523503
1.0927463134984268
0.7999077104484704
1.2136668128302681
1.5433161566340758
1.9878893396598536
0.3804225302702845
0.5725053423516654
0.14773492067270033
1.0046887872169272
1.0472612747153138
0.888782429576674
0.8229015132012427
0.381876936429416
0.7009026725047532
0.9008634729405324
0.2589622474441051
2.1912181023182873
0.12087393027900417
0.7534798232831516
0.30472572024987576
0.4148931899125794
1.7733945730976532
0.9314143779016923
1.4501142230895956
1.2688206633874246
1.6684002213448133
2.3136119672452757
0.829164564691408
1.5215584095449888
0.8493402730449091
0.27673020619721933
-0.10007282722799471
0.8571852766684581
1.5722070065576252
0.9975698368582466
1.4061899145076955
1.7986074493727902
1.5364598192425736
0.9776614706569665
1.2924084929214574
0.6289976108880815
0.9749095814515906
1.7550644036388188
0.3613123509373074
0.4593477954877061
0.6855471529731675
1.415818465650852
1.5971301690258735
0.6468275493539234
1.3465936073754947
1.124879644303184
0.544146982187139
0.07909656971629808
0.48881549652125267
0.5969040139027941
-0.07679993538648855
0.12776132147491226
0.5327465887879954
0.5345587839984978
1.1045975013245053
0.7040967084169316
0.9486130408156997
0.7328155569140495
0.7633776614759101
0.6514865064409656
0.872023142768118
2.341024681134246
2.112639994524746
0.8424384807084044
2.4469225560138073
3.8055867473210316
0.26987242910224196
1.3076191346942443
1.3212250640510677
2.034435887164987
1.4374938191798712
1.0244311980675196
0.24774453671995733
0.4536292063399925
1.7963499821558147
1.2457894421335745
1.0408941121628543
1.8033352773017586
0.8106962160401041
0.49404041677931887
0.9695122602847291
1.152025139491953
0.23203508537303952
1.5837289441587956
1.6744514361027232
0.5410858272294143
0.17041543898355827
0.423099024483681
0.16079208669954048
1.144844337208221
0.2435883083221254
-0.5737235317821847
1.5447499115842287
1.618111972473727
-0.030774803258365013
0.7578344349944832
0.6211114275186667
0.2094002180618385
0.8672573430738493
0.9304487393756418
1.0947037509381705
0.5799114588745351
0.36702765429032935
0.6922552959261898
1.0489272341283933
0.6983853954030879
1.1351027223048293
0.45407390431911143
1.7286577891961206
0.9884160023281935
0.16323071295346836
1.030058058446958
0.7368579288256876
1.1816960185391705
1.854289085780196
1.0236105910355169
1.9789606571454283
1.626698169068497
1.4009792247012367
0.5893692527531633
0.7269054426124677
1.1862301694090918
0.6689600092834418
1.0085860523672712
1.131245020309727
0.8447036807508151
0.7153576737533799
0.5990497343160249
0.23325980770824972
0.27918051189003545
1.4626940629340657
0.9289702934615246
1.1095890187949498
0.5342577295205918
0.581165380830301
0.5079607248981688
0.8247166556657445
0.4709297055279539
0.7699677022083531
-0.2705101474343903
0.8426157962964699
1.5128448119081086
0.755937795737835
1.1511135621071678
0.06706758742560004
0.6235129887606926
1.1915017875171054
0.868829502193345
0.7361293333887158
0.2904359847891659
0.5975753671119837
-0.5490563975593248
0.5576106216468326
0.09370941853484371
1.0497482091319297
0.809537557102568
0.7694224483463369
0.5721474011227999
1.6087951287802382
1.028410628231612
1.300638363716267
0.554344120561757
0.07744918565498282
-0.3762086452388502
-0.27179255614991926
0.150084441613331
1.2867351294887768
-0.10725276594844724
2.1853650430501013
0.8307283314592807
0.9147621103871775
0.002367872953894401
0.5918342762801564
0.30509351420499675
1.3347449036381205
0.38535889731876527
0.1312956996147132
0.3646672576484059
0.6316431450284707
0.6746642217584966
1.275508618180511
1.2891091660940304
1.475121645356246
1.2409117880719163
0.6548244666918549
1.0282863259134873
1.6077323111827986
1.8905178869856927
1.6881504352543908
1.2347171127200611
0.8501039615919871
1.2678165684301335
1.7043857363173895
0.9042417282719862
0.9851531748681316
1.0324475686711256
-0.6725615868509638
-0.36883415975849476
0.5619275164487822
0.5081547715213315
1.2095060101145285
1.3007158724675645
1.1945945642570126
1.2562302328176438
1.376553209176468
1.1831788410843085
0.5420957395915599
1.6204404350162744
1.031750875312763
1.205351331780657
0.03717472795804588
0.016159983544322687
1.2672743321814102
0.5340148401489468
0.8319016189604185
0.1658745716768426
1.564460158125666
0.9865572227124091
1.3667914129660401
0.5654063834831063
1.0720843984708122
1.433979775001751
1.0883069380146106
0.20119362053724743
0.7883963807434449
0.037879010224949994
0.8553664694757687
0.3578609999422667
0.4919742912788857
0.5016711157978354
0.7596486999576927
0.47993536920284063
0.5394098612316114
1.0440286343763592
0.8258629191644972
0.7520518652990422
0.9663667911430189
1.1199633512148959
0.5940847995078755
1.0112375337267399
1.0383966029605798
0.3139475274623972
0.5814791337418654
-0.20103275904169182
0.12286304677549109
-0.5878986745735042
0.4044831264641279
1.2229333964811238
1.3902843235165696
0.7115036262216177
1.4906697359713175
1.2001058404350484
0.8806235656578596
0.4964808805666793
-0.142600692969157
0.3967733006123756
0.2768152340947708
0.5431608420856603
0.5931538058499362
0.3252781195083392
0.3996062979405347
0.742278859719768
1.1277531886263938
2.129037385451636
0.7221357840536198
1.0515779574961504
0.7730272139004162
-0.2895881896005106
0.4071218656310941
0.2575441391778608
-0.1335794608600236
0.12656570028789593
1.178077067817252
-0.07622381746026763
0.21030736060095734
1.200956816876217
0.8086734481501487
0.383535096614533
0.38175912756624897
1.3600735393826868
-0.2048928706826585
1.0437239743399969
1.2002951828655326
2.1670978914034755
0.23635009980011723
1.568429171388697
0.7145402775219436
1.0357423379502506
0.7270901331023012
0.8363388256761936
0.04285343307886258
1.3334461780260638
0.870081839932033
1.2743196619395756
0.24046311825797362
1.0863095305971633
-0.03403980519065786
0.5835773311906447
0.6808549829801191
1.3383107381250239
1.2881883717180682
1.2664771522016722
1.7302800331681967
1.600703768262154
1.277627962950102
2.4484770042578097
1.1614122093245975
0.44601797986285163
1.1226522366252727
1.6715882495296244
0.649748660320842
0.06377501502456251
0.037553033369087885
1.3521732349492495
0.9183631193168044
0.6876245176891709
0.1036653418606901
1.7795812937607796
0.9769119999758946
2.5236026951925994
0.8000933972510691
0.3618340014027256
0.62157979393173
0.8664852950948332
0.511276671752579
1.703114160210573
0.03980576111047762
0.3934428989441734
0.01988565898057304
0.610914851961694
0.8782860779881362
0.6558893769859078
1.410280409615042
-0.33691476652695185
1.5324851559167108
0.8338675317183796
0.5225622814174118
0.7718923221423175
0.11931101431700963
0.8340016111281816
0.3085999473169667
0.4887321592509193
0.8640723667747838
0.7304409827332531
1.0687991462951425
1.398341868571222
1.5993002632814468
0.14544477754656449
-0.12952989058034325
0.0207924793626153
-0.11899814254873187
-0.45279130004714463
0.15596168667304788
0.8639483679208585
0.9585194194747951
-0.021825732874755754
0.8448467561804787
1.2257911385230291
0.6825914362161125
0.08687796603093112
0.1571444660292688
-0.2694374261547503
-0.17374033300105673
1.2250501718539433
1.0058087030579477
0.3078115694367376
0.9457686504736681
1.537808972920479
4.367007999838961
1.5538117525827146
0.6979587189559411
1.2015135715123437
1.1094030251113909
1.7615215084355502
