-0.09031499950505739
-0.08628196241312891
0.02401541389864459
0.1221039496344749
0.03535626228276345
0.021718923475699814
0.008849266742227524
0.030898193587917344
0.13388279270788805
0.20562874078923854
-0.28797440964822596
-0.23864235261336397
-0.24735854879396157
-0.26451595950579754
-0.13030678725571998
-0.10862219747271462
-0.11813860324430503
-0.18754599604094369
-0.033352997463785394
-0.10299350062158252
-0.09324840254738898
-0.28849418856051756
-0.3664049284884191
-0.4170294467765655
-0.18491138691039588
-0.11948183381233601
-0.2344187999816567
-0.32015771507601964
-0.5575497684494657
-0.5538925575967516
-0.04233702135389805
-0.21601119085104026
-0.05858933011340617
-0.2719110272033779
-0.030272328554099115
0.1625710409243939
-0.2650949501997678
-0.07086273104734153
-0.140402551599214
0.12889116661359257
-0.10615402541768149
-0.08878636963109976
0.09893096877892593
-0.0009728305947861449
0.2307155296682568
0.17602044082289803
0.10484544105077087
0.49604156285513734
0.27048877518238457
0.09494640533837706
-0.2605242855703359
0.03474805254531721
8.229028440576158e-05
-0.044521976108626626
-0.1760801043017005
-0.2917770105125185
-0.08178159239881655
-0.03583697716744483
-0.10045880029936105
-0.06469349598919971
0.039812771667933955
0.3318519580694197
0.3193716923524761
0.08661116178352724
0.06634206575783774
0.25571322640862193
0.11480156828597954
0.06545332277056048
0.1842673367457235
0.2860661789620813
0.5049061166378113
0.0655818975305571
0.1998069114683798
0.16420688393901117
0.19098848796632173
0.4161724436399665
0.45838220450623224
0.1291889253694556
0.3359359833851041
0.06036313019468853
0.2892482572044546
0.21526500610967636
0.13073237708692864
-0.0554578518458837
-0.21507046411655995
-0.235322495523566
-0.13426690441329292
-0.07855349328173
0.09675182621709877
-0.1495792528662011
-0.0010850216309294947
-0.13078041776666105
-0.14427869105690927
0.1841308509206534
0.007680446663342
0.35833880457208833
0.16809623181347888
0.13813478663366152
0.1790543616057747
0.07761139645042703
-0.26355895929241924
-0.35326793212801766
-0.18813803885727598
0.09482792546108576
0.21310932652670567
-0.12753336331430376
0.13709329187447095
0.15617021957696187
0.2644763386113247
-0.22342006745494336
0.03774157591924965
-0.1350073564209905
-0.04761901080558306
-0.0026767188270641062
0.11584801392444866
0.23798036300240133
-0.0860464014606267
-0.19409411253705755
0.029811393998405267
0.19949158169948666
0.059287612205250584
0.1303425046686204
0.0861779673734484
-0.09797340170027202
-0.052940036483921094
0.19669848188537742
0.3025033489818163
-0.16379405109363987
-0.47161643099704864
-0.5009646472475977
-0.5404982894821266
-0.2908942646248224
-0.02936283665075856
-0.3212798487632421
-0.16799406627141744
-0.1039236127700236
-0.2678728330674738
-0.25897166282083384
-0.21509591811723472
-0.13076082186695404
-0.2790595359036321
-0.2861814852688769
-0.1361225586240591
-0.048106006543521485
0.008766160897848874
0.007663620620121048
-0.21788136722828755
0.13070779916890496
0.0534661069737683
-0.12452491458688542
-0.07571754429960253
0.11458297917560745
0.032322683856781165
0.18066894846086856
0.32227870821213234
0.273663984497033
0.17511090505978943
0.12698213035746586
0.04730950300446257
0.06718518755152303
0.17852937817109593
0.12065511817532926
0.2253945200997376
0.20102308035584016
-0.15573735816443135
-0.013588665607260908
-0.18700436391023834
-0.3054145687176141
0.10927055348927106
0.10410558391377545
0.12526270853149413
0.10446260186501521
0.26397336103360614
0.21553360680425993
0.10226150654797106
0.054425464378631716
0.010031704504037231
0.18626979157703016
-0.006918371287181313
0.0771493731962194
0.1846094577180608
0.05695712778390383
0.003233559734150182
0.14485205641353693
-0.041922580343164983
-0.15993054433067821
0.02952433919239006
-0.05448483061452125
-0.11208889942819944
0.1506549154014205
0.350735835447769
0.12275714127272863
0.26995259576882424
0.1562310262410398
0.20658577748617502
-0.007428305885765707
0.12232822628330298
0.34582982593594846
0.15026881707533102
0.0070848018257778644
0.053108089949509774
0.21511374852408394
0.07494883326396096
0.2637310300650204
0.11189627841620053
0.1481132303165924
0.31532258790556056
0.3402109410467511
0.2088224658750919
0.13007519979448912
0.04728844495169726
0.13857997275469658
0.07120702723289507
0.11482543599973072
0.05772307279087463
0.25212933996104137
0.3593297102951638
0.6792095543509906
0.4598973356126592
0.36829758904623877
0.6371129448722053
0.6057129136558639
0.47372422271180126
0.6084522244967603
0.5364903485430983
0.3687609392445761
0.4373907055200459
0.4782344821843274
0.3090231690418086
0.2626197772821466
0.4297697720161018
0.13959180430265206
-0.14681940882029587
0.07730891690731201
0.009264492259251522
-0.03871134122041253
0.009238484533342639
-0.09743117624178721
-0.07285319149640834
0.04345004524368834
0.06272779462269251
0.18236949547198678
0.3388061699125262
0.07693590157875407
0.056386102105750346
0.1235149018787316
-0.270104552290266
-0.048655069007589646
-0.0167263767371455
0.20995722323064925
0.15447690762540356
-0.07358432751191912
0.05623242007189733
-0.09152558467716687
0.18706189779969273
0.2974789934586257
0.1846450227947094
0.14394742359208257
0.042852870255475795
-0.02721192746308687
-0.13085251987879865
-0.25048316749832733
-0.28869431682104807
0.0999049392436604
0.17307757494468112
0.2215103419225799
0.2376665454467748
0.18526465046506546
0.01590052228716332
0.1322014571683232
0.50331437645484
0.24863854782850225
0.22559955390572672
0.31104190330390824
0.2285332255308754
0.5433771578935744
0.6915648408964103
0.5473694675076552
0.5934393355487988
0.23397413636370312
-0.3108596586562993
0.13175890944043833
0.10303658145985106
0.21849085737569607
0.28212400997632403
0.5973425651734314
0.35674666299131674
-0.027158852222094243
0.22794486651917878
0.042744258527551704
-0.09957751303090823
0.0370394821278186
0.06109421179694419
-0.03975017383354995
-0.052694993466473106
-0.136648542955759
0.14776297915646275
0.1863388737162177
0.3648721439526974
-0.025347156943812177
0.205203367597812
0.5725604057788809
0.06871605642523448
0.24112029383103017
0.17249599307022123
0.10419804435566848
0.22186600836260584
0.18255191272603288
0.06901230823250493
-0.14226643233702618
-0.2353654756967406
0.014137883881000235
0.03129637932443807
0.1579079513144903
0.06060420873936834
0.21223053327207708
0.6497841473495083
0.4359936511553164
0.045261444813258445
0.23488609490800694
0.10421561698620141
0.16720461465560987
0.5505490226891683
0.4637607264041952
0.16129730218777194
-0.09470307207535389
0.07969941766377486
0.2882976013586107
0.5228766548565815
0.4362508791618738
0.2625125354263147
0.7015901239075801
0.4837369218483105
0.59561047158344
0.6638114010902385
0.28469144753683806
0.3754895640946083
0.4835598560206764
0.2931540499222538
0.06382800289660007
0.11927836430212602
0.031099093123230004
0.13225696874572224
0.31848545741284995
0.1774185926502747
0.10107948041429271
0.34297516350997226
-0.15393650343320409
0.06035896041797062
0.03221346491838206
0.07812965133237348
0.13026018866939526
0.30503411690345184
0.35165602712428967
0.2919547967325806
0.43671682121616184
0.35764216932744475
0.3525007224563923
-0.040140410173347796
-0.0859532156882199
-0.10936170945818657
0.07072100439405316
0.13273237055777964
0.34708804148821026
0.025942772026160688
0.21149205885565703
0.12069050306892737
0.19147827052294897
0.26276450662704853
0.2096322672742179
0.44174306919282835
0.4499972562476138
0.48997045559183205
0.5061791815531145
0.30061828557455605
0.5395196922585814
0.15607983096078937
0.09344171799889578
0.027396488410798447
0.3214317361826555
0.2856380496735207
0.08711005957313667
-0.23806749161148033
-0.260381794087036
-0.3042706907588202
-0.2714830113923765
-0.05593929776342621
-0.15233471310072344
0.2114924117092396
0.12978701916053548
0.06868289662134885
-0.11004958498052408
-0.13079593623853958
-0.05103917933219526
0.12625064589041646
0.30504400463085823
0.28233039433110285
0.26241096868121105
0.2705862193496176
0.41840191195023735
0.3314300166244242
0.3901456195534849
0.1837029293644037
0.11602954877756866
0.3857917415445422
0.08222311075276711
0.11485092514421402
0.30391673906030614
0.0999161405308624
0.35296270188284296
0.3882743632051544
0.04946609392112733
0.31002675379796507
0.41346355182821126
0.5481842748338992
0.8378085104029172
0.5931366603553234
0.49443832472669436
0.6986320118693594
0.2179628877737938
0.07167215270943084
0.2797041915903815
-0.04882571172404504
0.06790552114768422
0.19666492360987187
0.13285133776377056
0.19563053922492313
-0.1650617284908038
0.03076179046533767
0.006175004067789924
-0.11161355994410271
-0.05126830622426892
0.014943711265878346
0.19621467394852665
0.1926951036781317
-0.062445468997199605
0.13670586422196518
0.2684704157855742
0.3894750447295152
0.38987650953488373
0.16089534119466542
0.3874510586564799
0.18292734622273943
0.2402450687592943
0.24330210863504687
0.10965557800657688
0.3848320510001293
0.3509470510595041
0.6873382752166606
0.7533052946834273
0.48432080533615296
0.4387316540468267
0.7346575136683446
0.4915976843287264
0.2802866647989415
0.31148580136767823
0.4534088095407993
0.22069549192380356
0.3040792554923766
0.44770524727309335
0.7919314832244615
0.9800302553781206
0.6360864236899773
0.5234560378572706
0.29453736409357845
0.5828925717584186
0.6531967150246316
0.6290185255635101
0.554566722989672
0.36268592322317317
0.5741478810150362
0.4410818395027343
0.3600764758208934
0.05985380975873711
0.23725329504332082
0.506893719242693
0.5340390856391355
0.386744973995784
0.2719725750777784
0.25017505155893427
0.211494141927979
0.25242375211990886
0.050502925923775255
0.10321594246158905
0.30215213557668363
-0.09224411997007487
0.3501547933590745
0.17467245108072404
0.2543128091121112
0.4281471628936251
0.4829344422376076
0.32155680573053247
0.38868505613479387
0.16161007708113573
0.2780493383540219
0.2794649689694746
0.3579967851198296
0.16390594753647303
0.3223053613587852
0.30673689615175714
0.31783907241786813
-0.1288657150764304
-0.15726475143641316
-0.23739423744866595
-0.19719473511209296
-0.2259342265599149
0.04010495770389544
-0.25483561190781545
-0.0009477234515657962
-0.17291224010218742
-0.012667958877914387
-0.2654145292533753
-0.049048091794439475
-0.3553867464218744
-0.06353409157093692
-0.024326110883036156
-0.10432087988393068
0.20627832774692556
-0.18561332344330772
-0.05856732374087026
0.1323800265910744
-0.02206774530893174
-0.0985024743014844
-0.3548312068061158
-0.38706613038566395
-0.2002512246981819
0.12859702272997264
-0.024946332173412467
0.32469355449025517
0.04911426189330559
0.1043027395102949
-0.19391777778017938
0.04574346021098252
-0.12342697348263199
0.03118952205867731
-0.22305657429240489
0.18113302725531066
0.14962815299306742
0.22359343223705386
0.30461060707981646
0.5635300772095093
0.24033573024739585
-0.05568227449530028
0.2943106043665258
0.5563485940412192
0.3355620384992366
0.32227234709313657
0.3883668965357272
0.4819462944473909
0.017564370383907013
-0.020900187557703398
-0.39339822602472685
-0.25592516391649867
0.05457772214700096
-0.20723069991880538
-0.30748394409922686
-0.29415120721051846
-0.16292658116183123
-0.16100410880080207
0.03692403648025433
0.2140857223210726
0.23177874680389077
0.02561788217858485
-0.013425463717958608
-0.038908522098730525
0.12909775085014275
-0.10284823952950661
-0.18949339105607832
-0.16538257905087816
-0.1665584736815231
0.24217276849120206
-0.016162378710662173
-0.043885605759520274
-0.1807984109137828
0.026152201617221094
0.1474749020595687
-0.050960977476744884
-0.30171029924983406
-0.2250296752878974
0.08471260481683163
-0.15561242141108433
-0.4844277668218546
-0.3861977177675664
-0.4995802788885594
-0.28789261933141974
-0.6321199224383527
-0.41769473448026817
-0.5433490427594165
-0.5067629431393867
-0.7738640756374798
-0.803272841788123
-0.2737206406208764
-0.42208468673782107
-0.6031361288391979
-0.4850761069816336
-0.4503131801571826
-0.4875933998178512
-0.36521218931303656
-0.427177019483321
-0.4987270865380743
-0.45202374727083294
-0.30170876535843427
-0.09400861745520184
-0.06900711921074154
-0.003966950155797178
0.08457517158373484
0.04948783222588693
0.029219895120946582
-0.1570629793614079
-0.26567992122118445
0.03259960314771915
-0.20997903382538907
-0.32110306694641666
-0.26338146644014193
-0.04164074461253564
-0.057241508548389275
-0.30824782291396546
-0.28861214344376473
0.01835371634549099
-0.08887729446578707
-0.24438307122159741
-0.2685535994285856
-0.0896876057881012
-0.2942403944513803
-0.36530972426499164
0.032347640906333686
-0.22876526985065326
-0.4522299101953904
-0.32886525433200964
-0.21355448445536862
-0.2051747713526919
0.010564119379948167
-0.10439130766621552
-0.32147943708615134
-0.39354639792191715
-0.6013845818327658
-0.47058530890490935
-0.5824616419880266
-0.4849552068741104
-0.5984840371749819
-0.4421191155102543
-0.1905933441634211
-0.20465014953564176
-0.386330168612274
-0.21518340246229473
-0.21590479429752307
-0.21621967837478628
0.017144561571454497
-0.20360581767782204
-0.14545416866562033
-0.13712544431333462
-0.3197395027677088
-0.16766845099894778
-0.4764492921526695
-0.3107010730017038
-0.5123635781340843
-0.34421349211688057
-0.7602177074526524
-0.7283978569474907
-0.7981023357922828
-0.6841794034907607
-0.30446372062158533
-0.581596014358273
-0.5577334183231197
-0.6575447291374719
-0.523209275029624
-0.42300849416489206
-0.5958742378470949
-1.0
-0.9208206368541572
-0.7262572183798168
-0.6606241888724228
-0.815815171744928
-0.5572743889302848
-0.943478408664156
-0.7765672562944376
-0.6675438348868142
-0.63440980144919
-0.705804914596893
-0.5111641266441879
-0.3682312172740221
-0.3562400973859685
-0.5204118861526724
-0.4473204904773208
-0.19983201697343955
-0.3993715382814398
-0.22356820864515758
-0.03032744592176051
-0.062174166607388615
0.029754580748410753
0.013899046807184012
0.05632777776668996
0.18363904649841833
-0.02846384776465327
0.20035908949734016
-0.3748011704573778
-0.19628923150805577
-0.18218808085428118
-0.19516807937391412
-0.7989224641889747
-0.2824941039737795
-0.01604030188743255
-0.3347136821617007
-0.3554126506276878
-0.19328571687549134
-0.19732155846406707
-0.08626574615821048
-0.061855408340113605
-0.10164445131869415
-0.15207538165456091
-0.3412935339462688
-0.04154731794915767
-0.13141936696970768
-0.11050051564355778
0.02414039598718065
-0.44301727797435275
-0.2124288634703183
-0.16618197039135196
-0.26162602990506767
-0.5332375246190219
-0.470328421005459
-0.3455228878648571
-0.23335637931329334
-0.3078863219324687
-0.34718895832439145
-0.19064662741705152
-0.1546981692623005
-0.2214055840049013
-0.14401304027438921
-0.060381683174179024
0.03263667948289406
0.23920620653567481
-0.0423209655871839
0.06848075638782336
0.07403960069428717
-0.00016129322445967986
0.02198712978678774
0.02562327957465005
-0.25476338323385694
0.013385527025959076
-0.15791955014204828
0.07507194517945792
-0.014869662416367668
0.1182230475014503
-0.0343857432825021
0.045585674575587154
0.3411736286919631
0.24450366948660984
0.2725025947653479
0.2666314486976864
0.27234324713971736
0.21323204229869508
0.06567861477047021
0.028895655893300676
-0.1419521688283819
0.034464510279510474
0.07299348254705595
-0.1305976095196104
0.021917504644781927
-0.2326399190929218
-0.10795527422479578
-0.15041863379442189
-0.23827137228771078
-0.06747594324745176
-0.19790784010450702
-0.33898077244085223
-0.44432808055777806
-0.4605644128424152
-0.17069702881516258
-0.43153312543065214
-0.3841621288834186
-0.3760502118716259
-0.06453362741383706
-0.39413222325657193
-0.45257026410520174
-0.23611016219665681
-0.23973563773671036
-0.27626005388334596
-0.49815329700543187
-0.580277731107905
-0.18220716589477692
-0.2837532291646847
-0.059294783831137954
-0.20319192973519606
0.07220852485106044
0.27063375965923986
-0.12071049305280346
-0.4130944143822445
-0.016642874557720733
-0.5175929792274336
-0.422449041069504
-0.22948492748920302
-0.12135017435331885
0.08303009302674358
0.19952085041712153
0.06377346822715046
-0.17136073692477294
0.19209601066675153
-0.26771369636430875
-0.3763230557014552
-0.08703741672209486
0.04784501879941261
-0.3147269850200365
-0.05778691686497961
-0.23894384948325398
-0.11234059600297497
-0.3201634059370605
-0.43683764012189796
-0.4637300696710116
-0.29670793838827514
-0.22052061406545975
-0.27285803072263715
0.16336294668747264
-0.2776263437291868
-0.42111328427825145
-0.1915011937129225
-0.3346212756546364
-0.13690805513098936
-0.04071559482098608
0.1872175303427086
0.08030485223177242
-0.03574196005277497
-0.18855194619234705
-0.15347643877038786
-0.11495394851786833
-0.2418451118367574
-0.333636532690862
-0.1419226617577931
-0.09507846996361446
-0.25671796635920563
-0.36397379406682795
-0.38561810536242425
-0.39317370906548943
-0.27287266113326913
-0.37022443876341526
-0.3429047381535266
-0.38462788348883303
0.011517935687122671
-0.20832380069099077
-0.23407402288341472
-0.12410199302875635
-0.193059722890344
-0.17252113359596333
-0.18998778961712282
-0.25620525099892966
-0.13195019199988667
-0.05497546361127503
-0.31944148703518527
-0.1798792393177565
-0.31385929573540805
-0.20572075708722548
-0.2160038450312476
-0.2946432774770591
-0.15971641070410703
-0.2974222875572802
-0.621579970807861
-0.41820556471351034
-0.48801549140523137
-0.10652267691031314
-0.30813627016691203
-0.389019837175409
-0.38998641911083876
-0.29059064424509784
-0.29041354785503426
-0.07604086149554501
0.053347269598025715
-0.043896068165251156
-0.21153589232278114
-0.19494618797674856
-0.24336025395585692
-0.33259261308149224
-0.17379579054496275
-0.3043420683099337
-0.16360226745465722
-0.34988153156727997
-0.29472848098542204
-0.1933838273166606
0.021627162846853176
0.03170323162211597
-0.20632935695610521
-0.4557814950246397
-0.3821813665658954
-0.5620927074558599
-0.22210456083391938
-0.07414794808387404
-0.04190812162755664
-0.04847288292978269
0.10788476335488473
0.011151887610736821
-0.3938963759617665
-0.3099624963601051
-0.11646446468500793
-0.006844388775423815
-0.12272384355226984
-0.1534718930934632
-0.1346801517370403
-0.3896987361152998
-0.5196831005648365
-0.42951690915255947
-0.20091193864502432
-0.13222921280444633
-0.013345670152650535
-0.1572388368380604
0.14908243587738523
0.12179356275703235
-0.24847530954577002
-0.4652515429683368
-0.4298142352000561
-0.37403010728355324
-0.25442507068351783
-0.07117551258842458
-0.5174419104208998
-0.427945828666941
-0.4869151860359895
-0.649356437049244
-0.7258108313931388
-0.3193230462100922
-0.20078142048749348
-0.2901756814891696
-0.2514148360911198
-0.032204477463896986
-0.13663640886668726
-0.24196347055442136
-0.24739760109512732
-0.26315451325079287
-0.28435558263736016
-0.3460868465306307
-0.24022726152716822
-0.3895485361827573
-0.29461545376442366
-0.4230686281560272
-0.5844323760424652
-0.4963909363184671
-0.3417433606821474
-0.29859688665886575
-0.46216895937619673
-0.557343013642936
-0.14111127108911004
-0.42132465005246045
-0.3663889308113627
-0.551214147124307
-0.2853049692973919
-0.431501617416169
-0.25149213965297434
0.10878269100490101
-0.35949917372309836
-0.31638918519234027
-0.45957522232834247
-0.6573143744535073
-0.37250676817374295
-0.4153622937128453
-0.5965067998076856
-0.40008569645235537
-0.13428245131443184
-0.3253072220004415
-0.09883758851830216
-0.3670335746953275
-0.41742153732006704
-0.44838881069543124
-0.5110852129034604
-0.6399629251408823
-0.4745905965934887
-0.47462159082072697
-0.281725848592157
-0.12854385572666782
-0.3618625237531128
-0.49119324566624256
-0.150976029582634
-0.4627538831812774
-0.1855100483424299
-0.39758931035927636
-0.2236253999392499
-0.12469856686861536
-0.4398865489923053
-0.5678365230282578
-0.4379673107348454
-0.6098866082031233
-0.3030110875179237
-0.024991839028540852
-0.04174917730288841
0.056462035300715474
-0.11907626530168725
0.14136758053860654
0.06836784000439189
0.01969408268660966
-0.046035535965222696
-0.22829468310949064
-0.25656836354851387
-0.44121689823218113
-0.3996311816248024
-0.027777315491099297
-0.08478632205610193
-0.22332448927558923
-0.18994377343399937
-0.047954861859629494
-0.03840379035775843
-0.30965892891133007
-0.18712596530709968
-0.3310324170232255
-0.2657161153257728
-0.3077532368000424
-0.09893338535594898
0.20012013426564246
0.0042282109003164425
-0.434834856421934
-0.20681985260571611
-0.05331096277406222
-0.07671239880250391
-0.0998800486759649
-0.24145161693078687
-0.3190361532590609
-0.12620686390727753
-0.40935306401579297
-0.48805835949786236
-0.4297038920933264
-0.46683896200733577
-0.16743223973410126
0.017824231178572125
0.12950122246525564
-0.04101143213400227
0.0357688706844157
0.1703991765578321
-0.0006060303620329943
-0.27563995427421584
-0.2609627808314504
-0.1362231758629422
0.09080817906718086
0.003179541262997132
0.11183414032964056
-0.14783737222776105
-0.08385951997039442
-0.23524372075972844
-0.524499748895891
-0.23372027513031013
-0.11958544075619881
-0.17040407243138644
-0.15458962375265228
-0.24724160069080559
-0.08306755550325051
-0.17996626564267448
-0.04255478594817985
0.07790230843559631
-0.03652165937204921
0.07450298139766565
0.11673396554549931
0.07321783439282425
0.24085267938586474
0.20146462569178958
0.18301572928569354
0.3223882294758553
0.30950456270918814
0.1631292576519574
0.45917711500613323
-0.014258280102962484
-0.1348029183121664
-0.16863319164599555
-0.08799607305042001
-0.4285274571828416
-0.39238155612113146
-0.40845683487973494
-0.21861245099548154
-0.17040440504933974
-0.2309066231299437
-0.12932161772184825
-0.5141176109908282
-0.49843454781645224
-0.5477199762923568
-0.42606580549421214
-0.24393054530192848
-0.27476757443257416
-0.05250762342614301
-0.04416955486846641
-0.07110348375720776
-0.1492377888552271
-0.2642680526525101
-0.19328738469394802
-0.18294758471694905
-0.386585340950931
-0.4326610311082486
-0.36351454648724457
-0.23497294209401287
-0.21216150823862867
-0.21882366017244226
-0.10888378052045367
-0.197008233414955
-0.2278768790261675
-0.07965062278803636
0.049846935290282834
-0.07296349005460545
-0.29670353190084364
-0.3051561022829046
-0.05941779932138158
-0.11543789730626108
-0.2173961396633579
-0.5721456856347564
-0.24080529958544905
-0.26310058479032283
-0.3755665016704478
-0.42225708410772445
-0.10741038326714214
-0.13541260271914646
-0.211941763847024
-0.16735669006468368
-0.16329283836719644
-0.018489086354995132
0.05966885959492729
-0.05067523908128235
0.04162678359732386
-0.23055659728466593
-0.20918448544296964
-0.23709052246085893
-0.04962735450976463
-0.05018483168526566
-0.10321245714372473
0.30649244910228046
-0.11100872302746445
0.49949579660743426
0.3638969912299168
0.1814879397280138
0.1203719145349913
0.3946116195701357
0.14779151648788913
0.14776035389860698
0.12358168448616325
0.2192567287377527
0.1140494961328824
0.12150012615848826
0.31523256733779204
0.021844224589277372
-0.18489700433116463
-0.03065265046545329
0.006546236652975601
0.02763012443208912
0.0266093206424578
-0.21567745876505062
-0.04467868309931011
-0.13791509520453482
0.04794022408708454
0.013819201275783621
-0.029850352965350546
-0.4977746592180028
-0.4999202867166781
-0.540076635837562
-0.5649771014861995
-0.49067727751984824
-0.050662457053524346
-0.06266799205245788
-0.17265381890278175
-0.11683380272081179
0.16973823620549777
-0.012850389658344619
-0.18294401742027422
-0.2693075446856076
-0.3102138220501003
-0.48935806066538945
-0.1063790940672864
-0.4775090461228002
-0.19797793149444753
-0.34455329016797276
0.01747630786490606
-0.09550373014217017
-0.24730788583842256
-0.1710667247810297
-0.34772243407240466
-0.40065209868590124
-0.3491520035574476
0.014961620856986046
0.17648832322473829
0.04850390547256289
0.05664753140545753
-0.2990427996976073
-0.293162575495581
-0.44548303315332605
0.013919328389016883
0.04922595774135008
-0.16529234366342038
-0.20612067275219426
-0.1734910324346245
-0.0011757307955575502
0.037509819016958934
-0.07568339876578789
0.14678269310723158
-0.04529707640858038
-0.03179072022528684
-0.06313020175880435
-0.08447959521890769
0.1941178061874036
0.6604572487658626
0.5177423255494928
0.42493914069215233
0.6555801976367044
0.5507088030418523
0.7143961100430845
0.3074721584287914
0.3144109279923024
0.3572416579589208
0.06581062810321003
-0.055348064694371146
-0.13414517000827975
-0.04635534600376656
0.06363120522523391
-0.15353017218233578
-0.08309873446505955
0.17565833853882928
0.04220652562409932
-0.0653384048351684
0.20761368097658517
-0.09066361070711815
0.22608750740304684
0.31662618563330547
0.25826713785385236
0.22330310149936983
-0.04124433253334092
0.11116647699196891
-0.05043513496903973
0.0766074954332181
0.01141103504501495
0.1224563122972191
-0.07758862822236423
-0.10272792870275949
-0.11773309589040848
-0.22811241883773448
-0.12766106601485527
-0.28988967317948067
-0.49957359741245166
-0.41306434385581403
-0.4302074775182776
-0.49040828061228314
-0.224001752377736
-0.17630816575080022
-0.04201347291377322
-0.21281295993913485
-0.17505875890979639
-0.10091405285294097
0.09749398333314163
-0.2966556845634003
-0.20957383627771797
-0.12047658474105005
-0.38726470887227227
-0.08512551931346857
-0.20806816225980318
-0.10622502554713198
-0.05747748573494327
-0.13313671235915725
-0.13654093802284595
-0.02593986229227152
0.2289992428204295
0.30636881609900657
0.1468820122878609
0.008023728444964462
0.06321804945283693
-0.03971792792379936
0.019698646648560914
-0.07606531144860007
-0.05897675152918824
-0.19024192540219542
-0.255414345032667
-0.14390294380935809
0.009130424858111885
0.02563445729547409
-0.0333909944254942
0.04244883009755074
-0.3810564736705855
-0.23710224585741013
0.13186492248951565
0.286091422796227
0.45493324823644854
0.5855577051985952
0.1776348238905363
0.24130550503689885
0.1583795359012452
0.16249435863086736
-0.12064661306237312
-0.06147553914016968
-0.055464698956843694
-0.03986268479169175
-0.1799358222648222
-0.32294907969665243
-0.018440898593228172
-0.09007168492500783
-0.034660963965760905
-0.2970999918944234
-0.18434548153578323
-0.05018142862993058
0.004560743510884757
0.03188883611539017
-0.151449818827476
-0.14634927475580495
-0.29207291660507095
-0.09478770393957991
-0.1358202919436946
-0.32133482858468365
-0.3431040738219391
-0.2618819632717615
0.05614483009824256
-0.0636968887997893
0.41446815767786105
-0.05010450257070276
-0.009361064512821482
-0.08159562141145704
0.12636381689880305
0.14115502846064354
0.06320137822296767
0.27819609860614936
0.25165253556273837
0.2875856725503696
0.5044327565123747
0.5159700413682178
-0.10591660095730626
-0.32126283667612854
-0.3728956717490759
-0.24481017108045777
0.03250122368041963
0.16012531439681688
0.0074057888116843
0.005908386366269003
-0.31657646490260327
-0.1172038915153587
0.12983276522455722
-0.09602447079646015
-0.1482440313869947
-0.005345887051491971
0.13807803568553578
0.2556521314036695
-0.0031475109127441225
0.14380214195988028
0.047698099602411226
-0.050791277864456474
0.0016774669281820476
0.02136494886588669
0.16864657097828406
0.2858610004906148
-0.040329638663569756
-0.020572023792017058
0.11296873207131486
0.3624735101549972
0.25440986089161033
0.3884677852542693
-0.1116596605889717
-0.022072896248037877
0.07897666441607054
0.0666532295404978
0.023592542774691472
-0.003858863975322868
0.0020394793888129925
-0.03683704266342902
0.23741298320424198
0.19133910938819154
0.3878304884288246
-0.020488054027190894
-0.025711558295469228
0.04360889558906278
0.30872041654699456
0.4611342859083365
0.514514891061308
0.3633484867051078
0.2714605701582744
0.09845355891367191
0.10805249633946112
0.21371408803999214
0.23244084086122396
0.1867866557223663
-0.12849342363346117
-0.03926826625660884
-0.016406364039569632
-0.03289825660184065
0.2295134041018867
0.17697932137054306
0.16937201393937618
0.4364303999822696
0.455668506067451
0.2487974970149549
0.21546829205735896
-0.17356395918813838
-0.16701219314457294
0.07639146740235692
-0.12052244442615179
0.032690452621468635
0.12309192047691941
0.17699472006213068
-0.032211631192137435
0.13555428963550264
0.0539919604438901
-0.0471373295428168
0.05553257121961708
0.013494065679167555
-0.1704204860752424
-0.07261339262391797
-0.0297053733009347
0.06726376789244215
0.12328785850491863
0.11209858195436717
0.04135053304745662
-0.05442042537134151
-0.012395464618988994
-0.23020923606094268
0.02893445572977904
-0.19461921234841795
0.02751046376288646
-0.03728663570746138
-0.20405327175009302
-0.2570766424317429
0.011891783286243074
0.38337724935896045
0.23355886887060984
0.10496888218631928
0.19696548701571936
0.35844307842015843
0.006467685465988193
0.14346252340238697
0.18920130070696928
0.1206709958880583
0.10456541542493114
-0.07201414738581391
0.10836924701594408
0.4144632270135591
0.43372101380222494
0.48708157735528523
0.24497084617866127
-0.17476669459503225
0.14140037242631354
-0.09438006203767646
0.3353545465601129
0.45733935150197924
0.25539610893877396
0.34566783462857464
0.5656076552035822
0.3212504682005546
0.16645439672799456
0.17016188221418505
0.22504584907587732
0.2892998367618065
0.14709763366504647
-0.06771264801969101
-0.02167135492238792
0.23151141815742693
0.01484568167197442
0.2541263245237815
0.238555097976354
0.44654504307566434
0.4075075596323514
0.34186713782013456
0.1330010360553855
0.34253829302426575
0.214046199982453
0.16976363430476282
0.12185053748610253
0.12444420318065275
0.16668117510110503
0.1559280296757113
-0.0085923799053913
-0.019823161507718123
0.07985097457376478
0.1863343274890128
0.597089064020065
0.2264530257441546
0.2842445297883973
0.38342437049698375
0.0940642690652953
0.05174895961612713
0.12957195436657565
0.16253758279674546
0.08971421087944886
-0.054510803580444356
-0.020429689835625653
0.1466705143439344
0.08379004422382663
0.1690394665632966
-0.028774265625785667
-0.12968272761043576
-0.2086314248123341
-0.4891972859359297
-0.2005597232342693
-0.2326067854505356
0.17635029036680772
0.289461347157028
0.14689799359797573
0.2960943614993794
0.22599475591990692
0.005441323800333908
0.1692886101890081
0.3331772848456924
0.4082626376368541
0.5941347298871047
0.04523463551707696
-0.058008905604232996
0.012677813848150032
0.31062176887411397
0.21898373085817857
-0.13640666715323346
-0.059959731899265734
-0.1865031156201925
-0.13152270901033003
-0.45822794900347685
-0.21893535663732577
-0.2143026913480247
-0.3648016797588536
-0.5276804155184612
-0.26851312548313055
-0.07282516934604122
-0.30886664617165227
-0.2991758965975748
-0.1452702204930142
-0.06587300517973671
-0.10442591347395336
-0.10257810652088795
-0.31133310450642415
-0.18754457817373205
-0.19085192423947994
-0.08372706357044735
-0.41632344125448584
-0.19021689174354472
0.1492410554300958
-0.14543819533821178
0.06359558411961475
0.2543627912221025
-0.15274364111571304
-0.2131542905747248
-0.17715587577142133
-0.041583618729202576
-0.2812812669145788
-0.0714980906268119
0.0036647291038824914
0.037734581741836415
-0.1686074800958104
-0.10333600155310285
0.04701443174411635
0.030808694102773204
-0.11164365519362685
-0.1171850219080186
0.08248697088282975
0.2206481770137494
0.1500707158128194
-0.11321176823740575
0.09064480776022954
0.06089504733542439
-0.10078451245517273
0.2889327347811217
0.04952239028408467
-0.15797270956360887
-0.1854481207452342
0.07780339118224666
0.3099781743546639
0.11352773610619504
0.06297093919727548
0.08082781224703872
0.028997414092868823
0.29945692353488407
0.029673509529714037
0.0754093617953453
0.01024744997408611
0.10803196146251959
0.08821868481251705
0.11727892428215769
0.08213909098161865
0.09022632529113439
0.1752026752892475
0.14362032096251443
0.09629671572940546
0.020197074187932262
-0.06848351648023299
-0.09690325066715144
-0.2304224122128904
0.06752328393651741
-0.15525762157037126
-0.3661195660799488
-0.6010106046591881
-0.17008791713247673
-0.2953864511156966
-0.30755463832455743
-0.43441603845630183
-0.27880730005726684
-0.2986581271988179
-0.1661772965236692
0.12871486826712975
-0.17073175457329548
0.1588234592416402
-0.03596510758049287
0.2928833731067193
0.210625039709746
0.2562336488270849
0.3459583191913118
0.15582808183249575
-0.16458105531411993
-0.20535039119583431
-0.21301958070627147
-0.2578403612897384
-0.17756581519397496
-0.09432446520797877
-0.07842769118926207
0.08010911185588543
0.07516785862278574
0.06236265075575553
-0.07633544682438342
-0.05492606607691741
-0.16565691020599294
-0.03924652256600425
0.2670523909114091
-0.061450701520363804
0.05369131599180332
0.18599292577768178
0.05969061997011926
0.39933964008534817
0.2016423962716709
0.20335317920699336
-0.0645031415679872
-0.28157866750459104
-0.548106630672166
-0.5179599743291239
0.04921092523619963
0.05994185585415934
-0.1322658859351934
-0.13771856163809648
-0.03823952742781933
-0.22726223338223195
-0.27014351538842873
0.06409972781577866
0.0985939791464947
0.1645048558411235
0.12332089599828522
0.3633180683322259
0.3440354724643606
-0.2325221909449714
-0.007217543330346188
0.011573881816264509
0.23562139110853897
-0.09669486640180125
-0.17680793651132487
0.07926701797698166
0.2740820532741748
0.2219529361446697
-0.07200467956512047
0.26402126857401487
0.4068258936017368
0.3376429918921231
0.1440659397819044
-0.03881977125357139
0.15321365266454934
0.31124553350341055
-0.007987149653842618
0.1283567841345019
0.6324424256083845
0.2529738058145976
0.2729962181768486
0.3002807889992327
0.3882777547770051
0.49121167569737456
-0.10869736160896848
0.0011470146823302496
-0.10844801402300508
0.06284628476465492
0.27334551998892453
0.15031263230231695
0.16709283218253979
-0.10331839079633764
-0.007934698561820941
-0.04215152249654186
-0.011416594467109853
-0.16507612755648327
0.14454664737790623
0.084119949629204
0.014347855906526652
0.16902916540892132
0.14004401841949776
0.012569929985269956
0.0328094769982481
0.24243206881438106
0.46772197778163527
0.10282278694365621
0.06224696089898485
0.21632493798868335
0.37487256660990087
0.1525681220054278
0.49849051509042597
0.41457398989095195
0.21120599580376687
0.1820547407453159
0.3963849065056042
0.10132361432418402
0.2959377651538284
0.36178013791835784
-0.06478379975704696
0.1861349748719725
0.006480000241681383
0.14691247010709274
0.13874118514502665
0.3865000934821172
0.4387396572731901
0.2938916082964709
0.2120700808698328
0.15756390012809351
0.06830378901891732
0.009295188194920811
0.3581846377347744
0.14894266713674487
0.013107209499085615
-0.16627453192616337
0.08513825730895186
-0.008681661670014384
0.017714817452359588
0.025103812857568686
0.057345849250138414
0.3922804171421026
0.5010610526655102
0.6656750525395148
0.442941824312691
0.24472843545124823
0.5214232353846313
0.40070249943192193
0.6024117047694939
0.6106470388151541
0.4310047345322552
0.3252460972615885
0.2570502020169789
0.4581801638155496
0.22719374729213038
0.1270625064449984
0.11325296145683472
0.18447563427509306
0.046538513849064156
-0.23612941665899834
-0.056359036131089946
0.09284389495218281
0.18949100373435224
0.06574577384226465
0.03363081018200176
0.2568017643849507
0.21536503747243452
0.4690180398563526
0.5201824117442775
0.43616248018118897
0.27600950279602166
0.3136606416287704
0.10700015663808382
0.628883132558103
0.4375770241212924
0.5096385593672421
0.4939852756516232
0.4706313552470658
0.7878960385068163
0.59072939113809
0.2869631077843413
0.2225390523253601
0.1564774780666156
0.1939482750307766
0.17920185582379866
0.4349462113037381
0.29719929301673176
-0.23568410138839935
-0.2985527842235718
-0.08745818703449693
-0.10482148876442343
-0.10218935209253599
0.046049385141491816
-0.15445178221454925
-0.06398745436138709
-0.1654342744115732
-0.3083254731719124
-0.45237674438140896
-0.12352943957394413
-0.20880228256541689
0.011913904103327377
0.10070398449690154
0.08933033141782754
0.05870326671658299
-0.059949587105615265
-0.2091684691867981
-0.284079559157684
-0.16244009671677528
0.06740283619621867
0.07410894285102221
-0.14664720935323095
-0.04214069001951104
-0.07569987920074672
-0.0863861302844946
-0.11391418469774395
-0.06573938943711721
-0.31198710052262235
-0.4033690609301114
-0.3147944251617133
-0.2534755204985065
-0.32082317645108305
-0.02566931440006892
0.08505849665250431
0.31643884766519537
0.08020149816095468
0.18948737668726712
0.07606732643279135
0.20149935411697695
0.08658722197323665
0.01814068575518535
0.17372053779858931
-0.04337567145851884
-0.04158497344477907
-0.01337954005962605
-0.17979337706533183
-0.09828844968657213
-0.0553023547424325
-0.028428554803922035
0.1909710667207487
0.3114332871442089
0.21169307829880402
0.3009359599671977
-0.20369390488516814
0.1291238606651186
0.30138346610630995
0.37744015964959887
0.05581548317912599
-0.04991255593301891
0.09521545339960058
0.05803056766423276
-0.17952900438364872
-0.33100520359090324
-0.36175456047634635
-0.1885957681459255
-0.3006538185382286
-0.2744246127954745
-0.2031348444076253
-0.25069774240645615
-0.0923927855772998
-0.20795103250116465
0.00028312742343872266
-0.19330111973824204
-0.23560434716663092
-0.29548672237636464
-0.054210534034447755
0.1549319547226511
0.14334308602163937
0.3107585353436628
-0.07538905737612622
-0.28750776642698206
0.056721411845336966
0.13477052623994834
-0.07522723681270627
-0.5063028050250564
-0.6599512647642414
-0.3181119448922419
-0.285712909137919
-0.2855968809939601
-0.058449533773289986
-0.17211779565084462
-0.47077694228362654
-0.30861603755930667
-0.25753474473750837
-0.0788571047939981
-0.16959763657233506
-0.08258750393378866
-0.3450970723104204
-0.19192914708633868
-0.23271468346871582
-0.07440329188378059
-0.10599672499550872
-0.21763469169224559
-0.12315449540997836
-0.11561623803198995
-0.1583727838960448
0.06461500665286124
0.11524458199128884
0.19855205632633677
0.3423788659605438
0.33499251259288854
0.03793188519852353
0.29987453881516535
0.4120540453431494
0.3087109286717067
0.3555454602379011
0.138896900551579
0.002491001804352244
-0.0900387709409215
-0.062440850765052236
0.1924622160927829
0.08298675008786738
0.3159586253941642
0.561693946484026
0.05368464786785676
0.19451942604424466
0.28251973481605086
0.09183071110389274
0.38332677891384836
0.5444608530819282
0.6008670365160653
0.19799988176239802
0.10711915439536934
0.15912199415248995
0.16750214903143434
0.13313582210894026
0.04102357877013696
-0.08446240428728702
0.1854032511347703
-0.0992138783643115
0.0022549538991836204
0.09388296543084707
-0.03672073539843379
0.13676084201023597
0.0161943605119943
0.03412379688868494
0.1733136987811954
-0.10569077111087843
0.17018732946851833
-0.013069267539900231
0.043370656907319116
0.08377744903599216
0.11496180931144995
0.05657172415676137
0.19824315725095265
0.34984639637138737
0.31833689204825233
0.026744008564870914
-0.25075007612255407
0.0662027104163847
-0.18463030294537197
0.16673626908928196
0.009551185786460081
0.009967319095881777
-0.031740628758252454
-0.03850409938031241
-0.16329713967303905
-0.3928341747132452
-0.1737180105038877
-0.17258276940269957
0.03620246902804758
0.09818940965501377
0.1875669832813247
0.36187231670002507
0.12269330527463307
0.0019065807034757132
-0.1583534946262557
-0.15109138754266627
0.2757287439386529
0.0013715868972401513
0.166715288144887
0.23067479707230487
0.22286624138245736
0.09037884160355292
-0.01852819345881962
0.334154060420905
0.2677514578293396
0.2212667569338651
0.31075598047070296
0.4234399988440949
0.3072703839934652
0.3077847611108404
-0.03150974051548994
-0.07781516282836431
-0.08123197847580055
0.2165721382568777
-0.026145315821053505
-0.0010985703346545472
-0.10541695207810886
0.22759720033666975
0.11007721195223796
0.08324951412891335
0.04037438290485684
-0.012689149206134398
0.13783997394683767
-0.03794172517048888
-0.2734895385846813
-0.3191187600099864
-0.3698567836973754
-0.4625418103447845
-0.47493782946872165
-0.06561487420289536
-0.30941032471501384
-0.21714145204385027
-0.055211509062035424
0.16582911550260726
-0.0325239863010085
0.042503266790877126
0.10895852585084187
0.24704866821922922
0.08528368049501567
0.35927151462434637
0.11314714100222867
-0.058610568195747614
0.018666960490256068
0.12863338339802266
0.003881387481895704
0.07393071399482198
0.1181281927878699
-0.03786989188487344
-0.029842145767053352
-0.003230048523484186
-0.06267443922962113
-0.1812819450233959
-0.09216946127968495
0.015387172767849844
0.10251784714419987
0.29737908500459787
0.18923192124484034
0.12496199822164988
0.33876006955176075
0.39922561309308824
0.15201164163233472
0.2842749726820817
0.3377926781417855
0.33711520656941074
0.06626904037183934
0.07281371918594126
0.10779280940436053
0.2193361032402239
0.31949516531063726
0.5700537245685928
0.5435445104416194
0.5498119892011084
0.27290140312656175
0.16947176641731287
0.3856397133410854
0.3815660267277792
0.32702041541669113
0.0743702732817475
0.02948769491267389
0.3455763605503146
0.5010780624757132
0.3987015092164541
0.1004120427311539
-0.07110762684307759
0.1773297987794773
-0.25078878969776497
-0.07447682709284198
0.13144294419445846
0.12144198625765723
0.3254138244280165
0.2734809129807889
0.2446661868224984
-0.00637938195776
-0.08637563264039771
0.23282948236088052
0.15167326973245632
0.32917818569437096
0.08643340153108259
0.03897653074055962
0.2092077888895294
0.09025815340532795
0.08156679189481308
-0.1549054026856881
0.15058985592933305
-0.05730065387953387
0.03955639275357781
0.25796587432070295
0.2333650105952847
0.31214188512100205
0.24705883958218
0.20992033811777633
0.18186863227480354
0.13860968765295634
0.12537430997283483
0.03344319730788747
-0.17186760332294326
0.052279937168363766
0.15406083015225835
0.44926503646165816
0.4424058979109404
0.2674912995106151
0.04121650865779336
0.12421773216695242
0.2550056135172005
0.2557612589043219
-0.01224041053317304
-0.23062451588288835
-0.15454469683911787
0.3681534903961683
0.46333696765210575
0.16672274307524937
0.3783708597189168
0.3634414578535128
0.3993493109788502
0.43230419615281623
0.22664229759352583
0.013919670707546405
-0.01680896280056421
0.6091220360248919
0.2505996454955235
0.5194482402291183
0.1793287164592965
0.14299885571059123
0.26906051825005184
0.23664889500493635
0.5094456139368877
-0.027293825635159252
-0.050369613117060785
0.07829502985821324
0.053391385253468426
-0.3415636533739902
-0.14828850046288566
-0.09759755843967677
0.08448851322286832
-0.1598393440232836
-0.059617849014347524
-0.13764784952623488
0.4184245618735096
0.39936764132433544
0.17732419718320802
0.1386826509028607
0.2916606390234948
0.07386060608090617
-0.1451703359289489
-0.312424662301491
-0.4476111099888873
-0.2921262069907171
-0.3732196170906672
-0.40361332243789716
-0.48177806855159777
-0.27983302764034557
-0.25836164479088597
-0.14735866951284216
-0.3201933223073111
-0.06736457594733503
-0.26005111513651047
0.08112870335780475
-0.13173942828073637
-0.05345316538580103
0.08378738442219524
-0.11046296551121615
-0.4591130381452543
-0.26592608010829066
-0.16869526253347866
-0.1797561020027617
-0.2192362855309422
-0.059944251456027775
-0.08900864437368994
-0.11178715565866248
0.08916317107598859
-0.0780847048704445
0.009262080605584089
0.03216109884579477
0.015339936328811365
-0.15483764479077577
-0.417582325767359
-0.12686025489611397
-0.4627066164826683
-0.25339188257300305
-0.5623416773910992
-0.05717624301969493
0.06113174638388208
-0.04615974815925028
0.029905157011042682
0.09611728414153031
-0.1773181556960569
0.0267994294744065
0.2211414352905927
0.19200925523617096
-0.032371013602439325
0.04877934408894702
0.03169622861711274
-0.06623379116493977
-0.11095555836933368
-0.11672860026066678
-0.34038206581103025
-0.14133597610054927
-0.19393350320621094
0.03632916458144253
-0.17807963160801887
0.057931154688342534
-0.010852160698429092
-0.12534269199803982
-0.2495645102947447
-0.2309076812219122
-0.07148771674227483
-0.32056750430499137
-0.19064239074176337
0.14086975784460476
-0.2496448924322099
-0.2621395900750838
-0.6831152673868792
-0.29096935965174453
-0.04047791032441517
-0.12440673637999256
0.012456468679680643
-0.12857972778559912
0.14918622231814016
-0.21671352360002683
-0.16088151293394115
-0.37645406258299585
0.0417795568653081
-0.009274202561877387
0.1483739955750274
-0.08773422703675549
-0.09882163717997383
0.17018171415945038
0.2130886237764562
0.25995301608530874
-0.15898770876204138
-0.1137777646922894
-0.009432921615616818
0.1419126115455891
0.14877804558455554
-0.027878046795822176
-0.05603597696512941
-0.09716993861886392
0.20787349939896327
0.16336119864097687
0.10460375434575475
-0.1647800837503729
-0.2919019968015665
-0.168343659204358
-0.3604876800179343
-0.17792466395753037
0.01598181731646786
-0.2460549027519484
-0.1848970601458998
-0.550208817571692
-0.6421331730289572
-0.5856566833773227
-0.649239690271254
-0.5637127991420783
-0.3504958613862378
-0.5091130232149692
-0.30817040797610873
-0.682837024521666
-0.4270779463805775
-0.4169384658942351
-0.25974143352313805
-0.18618612813989577
-0.22458655760435298
-0.45999077821574763
-0.2857144008688133
-0.2455021831122567
0.0003740526532731714
-0.23471639922042764
-0.2736978762076441
-0.12227145713407084
-0.13249198428252318
-0.03472644025297311
-0.10655318598501584
-0.159482077811128
-0.31690957019210675
-0.2647761223835028
-0.08371305122186934
-0.42439625835659534
-0.546020445895711
-0.2520720120947527
-0.2650970101586271
0.06270640584592768
-0.12360366665104183
-0.3290628987571781
-0.18075301274515243
-0.12571032086994827
-0.06764083289585976
-0.0779465359228132
-0.39320243803161326
-0.42964918827685006
-0.2980518584506713
-0.4014370346598234
0.07545547964158694
0.1627230640398456
0.08545361925550021
0.16475896596209227
-0.1569551568979921
0.2649960576611543
-0.17844795344215714
0.10265058050913134
-0.032649867902660334
-0.30816933937000335
-0.23911972965372386
0.00956746495834837
-0.1494401073404621
-0.3397058143074473
0.14110538640482972
0.07978435678988482
-0.3792841208246742
-0.26260752717148106
-0.10691632490590508
-0.21756455610027547
-0.3320119425492628
-0.3328933457824371
0.04077344081701839
-0.02828080093066243
0.04008976480302162
0.015839535838475305
-0.2211930968169954
-0.022533160759116933
-0.08987325687962111
0.14306401976082483
0.05647770954437559
-0.48045685755556733
-0.3034751941584971
0.02400933652236703
-0.0900504430554927
-0.06404116138592097
-0.0034948704822304055
-0.09967311730822825
0.12095690313462137
0.009520534714041462
-0.14540417958129548
-0.01787485960590185
0.04437011281586534
-0.1445822735436888
-0.24336379102152894
-0.07358619535224642
-0.28986107019343144
0.18982789000117295
-0.1675636503093203
-0.005612685947197327
-0.1282469741756258
-0.03433513521908582
-0.030962239107314993
0.0707359979143305
-0.32980114448920295
-0.12426965272836243
-0.10960026592398742
-0.4566717836988905
-0.12009176067298477
-0.1930612524681714
0.001410442011731572
0.08658043469418497
-0.0675992836513456
-0.022261678452056288
0.06126665169919665
-0.15254772776185221
-0.04548604237750031
0.15595463586067004
0.2215796350559942
-0.1664501769604786
0.018840802643192545
-0.04573458091872662
0.09756971226970013
0.00927308153177231
-0.007079626811894224
0.04780157721044742
0.1460709211415958
0.029051205792350876
-0.06715489307474087
-0.07471093650163807
-0.12604605649394607
-0.18009513190088522
0.08443810016295772
-0.23739929439045437
-0.311881244135062
-0.15594853829803912
-0.11381576515645486
-0.3711232524827963
0.052100102029571715
0.18862026665481935
-0.19792165337388468
-0.7767875222746472
-0.6799954213072439
-0.6609631330297638
-0.3880360486236639
-0.14373532199326244
-0.3703007541803731
-0.4177192371853856
-0.37934380742285856
-0.5545144049371247
-0.43660962022282435
-0.4949540889589884
-0.3682207122715806
-0.17537158177413836
-0.37122226216931187
-0.34383461337763377
-0.5308686892270663
-0.32522928709762033
-0.06554673942602485
-0.10086304746569352
0.03905974001965218
-0.09777319849390576
-0.16929505701412273
-0.27245070317157216
-0.39697630990671395
-0.19949594895118306
-0.2364041931325983
-0.37182293445613857
-0.31618766698362766
-0.5410162821628008
-0.5372450766966332
-0.4175895199489269
-0.20128598931125075
-0.335428880805016
-0.14578156975521517
-0.3573438746809341
-0.4117658644391895
0.04083673943227084
-0.044988263899345626
-0.19084446844201008
-0.08927025653062681
0.06374562550233143
-0.4311491365735748
-0.5119901393415597
-0.49062228269622254
-0.4094176192899138
-0.23281536443525808
-0.4040204443519849
-0.36938935694408026
-0.15484160299321148
-0.27036278966260174
-0.36788964723581097
-0.15568287080102494
-0.037695172817890144
-0.37306413736631416
-0.025540640192566744
-0.053953633509563614
-0.14281235525061342
0.07920680839176986
-0.33553854248163617
-0.3029564311925925
-0.2312016283056837
-0.13303595198889662
-0.1984349539696103
-0.12684165766111644
-0.1416878810182527
-0.4090810257886591
-0.12519437140985357
-0.037221440742994716
-0.2561411649048163
-0.19790962249973476
-0.14777781782426147
0.027603991630115843
-0.060902339234750524
-0.39832385406401327
-0.4618174567167722
-0.5907869210837207
-0.8261939208530922
-0.35673933087954857
-0.2873329693801525
-0.2551955721645919
-0.07000335363952681
-0.017350031243164032
-0.05969254059534401
0.0037594436380281593
-0.22041056490581434
0.06251580411207303
0.2444608616932773
0.07278038320123659
0.0873629048154041
0.21307262966138585
0.2501335760477117
0.23099912705905834
0.35772959702418006
0.27905631281021637
0.015500165668906218
0.33254915526419304
0.02001043842602268
0.009279894877008754
0.03709179810691521
-0.06518737280573961
0.007925613075955074
-0.3301252068218936
-0.2929648818337661
-0.1426908650566141
-0.3713234284674789
-0.24497015159407565
-0.19130172610129903
0.22233952866758777
-0.04444980987288294
0.2768835733546402
0.23586496612268948
0.2008180425267787
0.3071907954100912
0.1446153871066802
0.05727134384495236
0.25610147552042273
0.275744819808575
-0.04955115895903406
-0.04058286695907187
0.03757764392721685
-0.03363983730123188
0.11116515254568604
0.28454488161088753
0.5151820222366579
0.8033807145019449
0.43016895409888045
0.3636145419055048
0.5765317855100356
0.3544822027945642
0.17517224844370527
0.32284618996070336
0.08251666816495296
0.04371755276592082
0.2800634406468281
0.3838285795317311
0.7192337981391796
0.6803856379095639
0.47917795672138497
0.5974213813876903
0.662346064367765
0.5345003683413161
0.6271630950539873
0.7700443270214092
0.35981896069539543
0.4256716750766856
0.6490444052876196
0.5355128521684605
0.39450134612326093
0.4212181164671551
0.4107461318083747
0.4267059666287347
0.4165159434977259
0.2908208833966568
0.21099724012237653
0.5070427318325443
0.21187443516275173
0.13242753019235898
0.06861320616035727
-0.1723748639201652
-0.12196212980248844
0.11419157979632488
0.09437885748874164
-0.18498786550938107
0.16623663623573748
0.1988574347645824
-0.16365313719957342
-0.1333708681515734
-0.11215849416696044
-0.0997953754899995
-0.4486756430664972
-0.22420529416451396
-0.01638143039017781
-0.09966471442013791
0.06683149443473013
0.32119190410922593
0.3686260162495061
0.2832782748846048
0.1031775312498695
0.051822156077141024
0.3252197640596237
0.2063265021788181
-0.07107024582385202
0.10807748203809009
0.12477913519428308
0.29694445518944623
0.5307770619769754
0.40444134396324416
0.26814769688926243
0.3035311987958549
0.23866078656623335
0.06222073186937438
0.22730868326848275
0.12921153534848706
0.09622423683789028
0.24347626581925663
0.20783741145287027
0.2713489071617967
0.6341589661690659
0.42213532203894055
0.23378857692170785
-0.07902160054064167
0.08124841378683145
0.2681779258603654
0.32446106243138506
0.4778044655140008
0.5559330570465515
0.5636803292597843
0.2672667807519473
0.5926634729604741
0.3206141154251918
0.3733159275721116
0.21703916436846393
0.1375098521298248
0.41831995636649943
0.28788939854182805
0.33890856867551955
0.30796002959259994
0.2630235938160683
0.19923471085417366
0.35003140345776984
0.42429265702195496
0.22179092193422156
0.3534954991706374
0.3649110882827342
0.2757432422746875
0.20495138547959346
0.13276911608564546
0.12969319408406843
0.1932924872326207
0.10949525657618553
0.3221191208344216
0.1657309851993427
0.20612582192192286
-0.006145906977292559
0.25515635546850546
0.2403694664350453
0.21998330379365072
0.34553079964818667
0.30705405742453995
0.09914666663481131
0.05209669135892381
0.20908085931389553
0.10582876530609986
0.08997700151423182
0.021050230688627547
-0.17603414586368848
-0.009866428138320504
-0.1516834366172588
-0.1264028740997194
0.012440735334851016
-0.11569838280503564
-0.004141288446338431
-0.09535942825365995
0.1793111819462363
0.07206994098382413
-0.09937952472932043
0.041637840931025405
0.04647067390071857
-0.0687872759817626
-0.28891563399274756
-0.13055077578353436
-0.32554500458244084
-0.3091505403512024
-0.19431326085068146
-0.2342767200933561
-0.3102820721708066
-0.44894262205214674
-0.2812906506153199
-0.25096132968478746
-0.45144587986403484
-0.40632074645430527
-0.43827867783962005
-0.4686021434182218
-0.5869709677836998
-0.6640410804578049
-0.5096743558812123
-0.3855598503856329
-0.5837745382944559
-0.5996584450288078
-0.4244506862533851
-0.6083423022707399
-0.6212323931376051
-0.4617767600800926
-0.47487501628477014
-0.8555419813609892
-0.30604321216216124
-0.15459406313418067
-0.458699209498174
-0.7309328158537628
-0.32902055220977433
-0.354228787025164
0.034275182961886586
-0.10353876359641323
-0.171017632975904
-0.09065000450635541
-0.3423275107767607
-0.5162979502594076
0.045076794626824235
-0.03748125973019156
0.2606763276799169
-0.057425400455183406
-0.363250240592066
-0.2376990559895371
-0.3515330822390057
-0.2291511433725385
-0.3057160706851959
-0.14677069143124977
-0.21451233090436206
-0.05279562366446244
0.09429347450494374
-0.07500720679210693
-0.09322043122677925
-0.1656850952965231
-0.21659178676736024
-0.0749485692491817
0.03103537126350986
-0.061924590624816145
0.09563977924719924
-0.10437977539630361
-0.19048155399752664
0.03966075916274181
-0.10412431816235945
-0.31012046225901335
-1.4602110135153445e-05
0.15450352554816393
0.2137822050800191
0.2145906515024587
0.08089360009109803
-0.10642115742816571
0.03802878742396998
0.38179966105993923
0.1542154580305113
0.06054498947014375
0.010806540420840838
0.23982048221389785
0.07473156651676072
0.06170404250933137
0.09896592344264987
-0.11155588870625088
-0.05497327929160534
0.21300087737201068
0.15363858323928858
0.22307300010134457
0.22073725529775623
-0.1447373643954395
0.1205263763856117
0.07336174929649952
0.05568376193525726
0.27430420741179407
0.1924242486988399
0.3714585008257092
0.28191449991743833
0.25623426612657596
0.26012682432422385
0.26276955793618684
0.25780263544552096
0.1101891932669552
0.28596028037153554
0.1988606897486429
0.020299434631255497
-0.08153421570529318
0.0890320485944498
0.22979359191816395
0.5409806056518327
0.6683450209457935
0.36751236438342594
0.5085926801986054
0.18395984546783106
0.03701275188975295
0.1620646931590337
0.45562172633544096
0.2481005714899731
0.007082089356732935
0.033283420530918484
-0.1829948554786549
0.09350189509451456
0.14147275687416205
0.3263735457792103
0.38115334190557615
0.17433255175143825
0.0036542450764867063
-0.1804852960679889
-0.21741607583014877
0.17219471084653581
0.07020625107952339
-0.039340406747945256
-0.09668998392172934
0.0019130101501503294
-0.1938559826822963
-0.06130605812351575
-0.19567484493867915
-0.23109838818218054
0.03530920573235785
0.32540596843813296
0.19156713322217023
0.31065576107591175
0.20398202753378558
0.15618134937209316
0.11779025979724289
0.13763007171530206
0.13142736199631933
0.03136158166741354
0.27970554139236614
0.34711155612978595
0.02883861853132874
0.09226180044362309
0.20641332472242824
0.19809927602225041
0.3224774131384536
0.2006709632348136
0.2452484361767704
0.07288114930437994
0.2378585778829554
0.0431596078051566
0.09863104573060166
-0.014794305826133614
-0.05354584445447397
0.1087887328676469
0.421526359895936
0.15463696411844197
-0.15594847940801004
0.3427524747552333
-0.02103649844099864
0.01035654946084441
0.35106723775090964
0.28960537224148375
0.1342171065841522
0.17868895457594025
-0.08139155943821863
-0.42008661486275944
-0.12044947142594065
0.09925139340030142
0.02515783126891158
-0.04016276126649365
-0.051906892736429455
0.10915248050862458
-0.1923646773083525
0.09757519182690366
0.06951232985494848
-0.0886677223648269
-0.04693797443889969
-0.3355093917132058
-0.31653675059020747
-0.11710699335891805
0.07267302972340728
0.24059065384962364
0.5645323532808597
0.4152345782438833
0.34798232638016335
0.5044334488251709
0.5366633812641428
0.3124667197133346
0.40590435920311796
0.17400616425759385
0.27676776963141836
0.21591819288101077
-0.03319755097228194
0.08851953366437515
-0.10023904662339056
0.15942333315506274
0.21398320394475068
0.19934477807934448
0.14716657046407455
-0.20383518540226309
-0.1467552260163817
-0.007204999652301147
-0.2615914154681478
-0.15561227682109835
-0.25993589551347307
-0.2673857843897698
-0.24828185908896128
-0.3420377814355974
-0.3749152644489234
-0.5066201695556921
-0.5020798936894628
-0.21229286290860871
-0.2404374968066132
-0.21240291984479143
-0.11850859847918993
-0.2121723414126595
-0.10084652666059835
-0.018254642041585112
0.0672942438080475
0.07973214068733192
-0.31850153147235405
-0.18572673615721957
-0.08049700453788244
0.04506570123212472
0.017702442628053205
0.11894934947109315
0.03286187934960538
-0.2631248914881812
-0.3204536984059363
-0.3481014117535657
-0.14764305400258493
-0.2556968436542103
-0.1825591386180193
-0.033654449843114054
-0.11878477781296215
-0.13812181270578927
-0.2753860827296799
-0.23503039985965812
-0.2824990797268022
-0.3673655112319649
-0.5678360598042529
-0.3197445396681039
-0.2331845171427699
-0.31771141685092663
-0.3432026675627329
-0.45254166100638404
-0.5007028394667736
-0.6995996678384657
-0.4296947866323586
-0.37726247236448407
-0.21406752053837508
0.14496189918324331
0.10999639859004628
-0.16607657278514765
-0.09616491537794003
0.3187368842961624
0.5566349041433019
0.021823447805103813
0.027135836563783045
0.04695707178492259
0.05478738974958719
-0.05665125436460727
0.21338186934757664
-0.0964788752924508
0.22535635925562758
-0.10559688925019062
-0.20801318872813102
0.23366414582161044
0.24574614673067896
-0.0006642838995583045
0.06781664786138664
0.05684268553388239
0.08518297008192488
-0.06903471628851421
-0.13806784347471257
0.1418027721516555
0.08350894122891739
0.23543223025805604
0.2320705887574892
-0.0898137856247152
0.022170204470686183
0.09553814917509906
0.2235342675844063
0.08984984240724114
-0.13860158716399074
-0.027590101469135764
0.2869634626044133
0.2306179232373653
0.13331665100582102
0.10090390287668516
-0.2630418788602362
0.11705504922960142
0.009107918332278864
-0.015128033115874628
-0.032123070003929444
0.13110744012313824
0.02581563252701069
-0.23729033599695748
-0.10541609206039626
0.08340717211193893
0.007179612581714734
0.030460831252604237
0.42827497613478394
0.031705268702937994
0.000990757416878818
0.26345715225767163
0.08754566224303528
0.2961420902788303
0.14937908570806946
0.13469631453929742
0.06615585375266786
-0.05249387411536255
-0.0423893731370224
0.03714140553088163
0.04878719013904975
-0.07330596462373395
0.08663438983007232
-0.0992822426520974
0.2387600534654557
0.24476756680871525
0.08608985958884463
0.2724831600598254
0.0701607909024371
0.19888576277475378
0.20652902354084146
0.1314808445230622
0.044273740297213315
0.1404293461464423
-0.37860605140051695
-0.2863805218387532
-0.3294769855223686
-0.1390709306921707
-0.20961108928803773
-0.16548159323027756
-0.11903223563217968
0.11830412613391239
0.106592460829664
0.18958198131048287
0.015079562865221163
-0.0755250838096343
0.10313445268709809
-0.20419424064228608
-0.13169607943689687
-0.2506371885171519
-0.5362741460647041
-0.13365813634804757
-0.16619204893154027
-0.17589126817552547
-0.21581905217469188
0.15349503169458645
0.28929688211582905
0.00039644899626556374
-0.37231607734883354
-0.2777761903899373
-0.0428861529518465
0.038194787494734816
-0.0755981520552057
0.16008943571960899
0.25286431142553356
0.1509775033975742
-0.04797715434356231
0.16059495660424639
0.320160732861112
0.4124849835396698
0.2516870537091551
0.04094831403849852
-0.03353904792092177
0.00448343264353368
-0.21036070256093164
-0.4080194478970096
-0.15441501962522475
-0.06127868973289152
-0.222610956650362
0.07457738397855063
-0.10835994405700489
-0.3998376340129206
-0.006649446781500923
-0.13221438190820767
-0.13002641969071382
-0.18345753852693247
-0.10866854741923604
0.10928921264192226
0.12425540988651984
0.2583865207577922
0.20004336277756085
0.2665442557743942
0.5407077302643841
0.5191684751617565
0.37701314459839064
0.19766332408496812
-0.03937987081481964
0.008338719042563003
0.05375292278217536
-0.19995019609256282
-0.1186094672316571
-0.48861703843645976
-0.0035205058299743186
0.3490067870911391
0.3731501681595679
0.32351753336454503
0.365145890612413
0.10229064324921544
0.04376131212467094
0.12490079724937875
0.06915541746529352
0.12052322217542355
0.2029274723981156
0.1673524908419195
0.02690329191402019
0.18101094249163596
0.09613020314041099
0.24882853478046285
0.37628176964601456
0.330108268761951
0.15979025182667606
0.2079468605732493
0.3336913974836877
0.30627521274665637
0.07536879970599886
-0.01479073057106306
-0.04323863058005184
0.017234266360952377
-0.08361105366299693
-0.03803833749241514
-0.08413560125202191
-0.028177175581119207
0.122419273611859
0.15240866635496997
0.16732359494147575
0.35143847133745254
0.28747871151234605
0.3093853106934623
0.23817258554920628
-0.030212749003695305
-0.2044089214646514
-0.25253485084730565
0.28957211551037276
0.08215548693860453
0.02712977030599628
0.3250326580616194
0.2056743235821743
0.012536648598176159
0.19130615334040524
-0.14988806750555628
-0.05631629606587063
-0.18358277529418576
-0.19158748822773752
0.008979027272719486
0.12911898934502886
0.22051757102295233
0.21060138344066015
0.15152932219209614
0.12468620490065763
0.05769807972414176
0.02899261177122936
0.250403714295687
0.07884144698245055
0.02328523385387382
-0.35945327517374126
0.06539416858220015
0.0271312323388766
-0.14601979396801845
0.014497431549851836
0.10972258322218642
-0.009056127999030106
0.04843190486560056
-0.003782420199194947
0.16199148939842511
0.3267630285065257
0.2859673238529794
0.29722378916061043
0.4877795819362458
0.6324673666354668
0.46126482876862496
0.16767860495768128
0.42413038349866894
0.4019722563575223
0.42062530761836614
0.2675056097875532
0.40277751517127425
0.24051209757655068
0.15809374029307688
0.05572758401329714
0.23781287916662452
0.2372463102095721
0.0627361626335392
0.25600122462974384
0.243186588314094
0.11681484578231127
0.2591441630045419
0.3775409320685661
0.5171048995321517
0.37914438774383097
0.061594768360267116
0.2802205771423856
0.21423290945612528
0.20468586229049412
0.38632952019735245
0.1708565480091928
0.18815651627633168
0.46714800110758725
0.43932849922941086
0.2391004525124416
0.40512493409033024
0.47319545839248334
0.441753747784839
0.3670246145117071
0.1999537354437977
0.054715335259694076
0.2613049698850085
0.033862002740360664
0.06289594393923026
-0.06708036029618725
-0.16241130898033085
0.2886587013633919
0.34187557872943675
0.28412467025745425
0.2038032712337139
0.21576842460851453
0.2978628576274458
0.5672390441686441
0.543718789723626
0.5355916632154543
0.5573071937444687
0.533499404491417
0.3559905067773135
0.22305627414978835
0.43226247547355845
0.34670942786461745
0.3340901270867698
0.12469403981442406
-0.0038053493783244408
0.13912977420314032
0.29289365331788075
0.35012564711095195
0.27132015040483903
0.25013832461184626
0.2788475941946644
0.11071731997008905
0.13185318829725112
0.5266716900036668
0.20210583803958015
0.11586532796339033
0.31342341817933295
0.48305831745275496
0.31554854993202586
0.3562312773892917
0.18600655113906073
-0.01061241196871432
0.02119434224290595
0.5102475819007162
0.43139777027185544
0.4141567148293914
0.28228979745282357
0.3147179532176103
0.2508959810561162
0.3798879460175555
0.02356729745991304
0.3621539158340954
0.31501269871925874
0.5176424441697676
0.7994072442236766
0.7578492018490912
0.6892682904304053
0.6868561523627703
0.549126288498927
0.41110418091533085
0.49862052966792225
0.30640720087776163
0.41630957774771127
0.3758441015602021
0.419564269227906
0.49324780107623645
0.48146403986705777
0.3607018426963047
0.40013394156302384
0.47275094565542375
0.5643941419184073
0.3151031320499684
0.5340788076410996
0.5337615433573564
0.5491827887094054
0.5095273597308068
0.5495361968461387
0.4723210318810187
-0.01318754277279699
0.23626400988300222
0.3688761059012269
0.37642826518555084
0.09711254369831757
0.28251097000422853
0.15633078261892197
0.02909478339506366
0.07932903575090644
-0.13018683569880118
-0.14496688269525948
-0.017863550683080875
0.2614053746944116
0.1549710397393116
0.35460188079508037
0.41695891770664995
0.21615414369886765
0.09524280319619316
0.08803257816801491
0.07829348262538094
0.05180055854812671
-0.10892810408520626
-0.21081803354420658
-0.13580903792777999
-0.08033761439281772
0.13505843006270712
-0.0639471949426097
-0.08994060331017617
-0.22618746733399808
0.050104633244354435
0.3031453086602942
0.19213105445726186
0.3232225161296052
0.0009362960425769451
0.17716715573363828
0.06567272479040742
0.16769676674220024
-0.22125932975509222
0.17009985342823386
0.1778515028723584
0.008380571710552065
0.35293588893396155
0.3605722506335869
0.30313761193918065
0.02881147689891317
0.26507918344857373
0.20871320277785754
0.22607723911302058
-0.0007178773526352877
-0.08524276946565734
0.16030840593465467
-0.061002686303332276
0.16633960688226312
0.30174957885555687
-0.007683105165618764
0.003976378610446307
0.476465286362469
0.44099215470862574
0.7267589476967182
0.4448561195418699
0.3692648355287458
0.28027556628920713
0.3912703926095391
0.44433146999720363
0.5270971686141843
0.40015941530494303
0.2323730132127544
0.006232262227248597
0.2866195650274346
0.47819016136940307
0.10514149089512359
0.35322982366428257
0.5940148592095669
0.5847249907654055
0.1785545605017358
-0.0419518112952475
0.14753968368364734
0.18571854503792506
0.078838834197267
-0.06971637111715268
-0.041463498778520624
0.23332855671809627
0.265179443899046
0.08239356199965231
0.11119061720974055
0.1698689508792275
-0.0010446978379591298
0.13790230718847862
0.374590925896344
0.23481670579846914
0.2596546760342493
0.05640406883343285
0.20519094845268993
0.28515131968817853
0.7363756853489876
0.6135940277825422
0.58831182518543
0.4179658895232252
0.14565205102970613
0.17841561346342338
0.29574024246738806
0.46855738582392603
0.34124634047649516
0.2142886000752815
0.45657388417091394
0.5155003262721418
0.22511706893718664
0.2639051122177791
0.20236445621896082
0.07144509561797863
0.2850825608602998
0.5401711250124297
0.27864861017815445
0.2607823555640578
0.5336345139279168
0.3815283637811817
0.16116276876015112
-0.0275258236258199
0.1035515217532792
0.11249729357047489
0.00011514394148837148
0.17374092425948628
0.1508820504634747
-0.02410854680414376
0.02911841923707792
0.3018411453628749
0.45612355436178476
0.041977524282043266
0.1818200164767756
0.04334733241550426
-0.20139599706451994
-0.3841304066778214
-0.36422526533064037
-0.17194245062032065
-0.11510887731521535
0.20111847585553666
-0.16150718517554774
-0.057399657750427435
-0.222411977043106
-0.10517481867275214
-0.2621638502601734
-0.07302983899839166
-0.11316591439307455
4.5296753698576e-05
0.04308140877531219
0.061901368769767595
-0.1734347094711176
0.09182790924106565
0.06790378582039502
0.09854176442983142
0.15823328862516872
-0.07065520048670415
-0.23479015936619008
0.05429319669755128
0.09170605195199766
-0.2516843767056197
-0.09683907411351045
0.0702953304604601
0.3482697623961539
0.09915776981361524
0.034581129994907034
0.44684575265937276
0.2768954452371246
0.056396416915097
0.10304181871671947
0.018991784758060293
0.18499404126719554
0.2033074399275674
-0.1352545201188916
0.12640826451128007
0.22838166822152894
0.24125977850511626
0.2634042540105379
0.07635180066103664
0.08259944936904695
-0.23548256028521386
0.025815859900043314
-0.37129506764143194
-0.5050762162828337
-0.29752908442348325
-0.3738883479159535
-0.6141125552854166
-0.3874663423016348
-0.524972111585714
-0.3255403281456555
-0.6241533524353196
-0.6399701063335759
-0.46349554179968544
-0.5156044231324467
-0.36644089603848073
-0.3700909312722668
-0.6433782066015797
-0.5863563614196909
-0.25066123623484016
-0.25304527053425896
-0.1375825519278805
-0.12141167569160183
0.09901949562837498
0.14006483279189985
0.01104812777616715
0.006713900203576095
-0.22931457329735228
-0.012642167700679718
0.08793333988437335
0.036452254157301134
-0.008287821243333049
0.11413013909653369
0.1070929334545081
0.205909852693279
0.0029078598004301792
0.04606777590096289
-0.08337101577213557
0.176953530840253
0.1067794036870966
0.1700478160724721
0.10535151566389245
-0.27720968772870114
-0.23245706347202322
-0.015166372919117044
0.12503153023120772
-0.13099982684661382
-0.12197391556430881
-0.3944595057429491
-0.32144124217596615
0.09838055060155759
-0.22454283321426582
-0.04833200435246199
-0.04062487252584135
-0.24416126619070533
-0.03754128467294604
0.1702580706864414
0.03296723808145008
0.12830702336086341
0.2586161167012484
0.35240173406330344
0.22468864543508893
0.5265802436901992
0.16181121133092735
0.21599995304926778
0.3100782531564472
0.13376418249733035
0.3089710145604976
0.3381231084533711
0.11915703968671765
0.19031576269400552
0.0772565109890182
-0.03173626470795199
0.17600710809318088
0.19596885549379395
0.4740513243526534
0.356671507558876
0.17163300260758207
-0.01011934179053664
0.15160215026630652
-0.029506343972981464
0.18994439472044466
0.3567241583235683
0.15162694198077808
-0.0586610705460634
-0.18756986340254456
-0.15367986624488494
-0.1429651390643445
-0.07606866875316487
-0.027904659914504193
0.1099897380636834
0.07225025520518202
0.24717207686346176
0.04303059127078446
0.03823147316189757
-0.01145728015964309
0.02054313823404441
-0.020073015021695673
0.09869344203016883
0.010764684982034867
-0.43753281168828406
-0.16568467145303245
-0.1367260843182614
-0.012496136526663149
0.2903315108327855
0.09520074455253069
0.22901194990538465
0.09845266551509879
0.2844659785959851
0.15467508295711263
-0.029549066833804205
0.07450059049066238
0.17010590074166676
0.10519646569392149
-0.03385758652664239
0.2376592620350817
0.16838805497291953
0.37634817853797764
0.37379578852933615
0.5691254466329136
0.3609553094840636
0.7577059083635935
0.6922190773536989
0.6983522198490857
0.6019240843690616
0.4482564141597616
0.6066633232288352
0.2778083601251953
-0.03405641031330253
0.3372699228615115
0.42592917626333326
0.3127635920764089
0.46579987722634075
0.6122178884756682
0.329219577091
0.22125751785649772
0.531235067551084
0.48741880094092394
0.24285884977180405
0.1987283640215871
0.5555830586325412
0.48749486950721965
0.5727754760825177
0.5095937752191653
0.470592544513853
0.25058288982203547
0.17107766981302475
0.3270506804043225
0.2110966586591836
0.38484379370254373
0.4114278790441468
0.47041019536181694
0.11294557023246998
0.31773458339651506
0.21275055617803718
0.36261136544920913
0.30359899347587316
0.2348685864124429
0.2532412149472525
0.24219554117357256
0.05696803639598613
0.04494496807925774
0.25246748168604394
0.18295372403059718
0.4519797341944254
0.30949978382611
0.029645741269144876
0.1614191749602807
0.5684518901871018
0.5507176433409136
0.4535663122207354
0.25439928387341215
0.36184756874824187
0.5331117505596599
0.4281969283292797
0.3076439714425545
0.3420880166581448
0.22338458609673162
0.132974522280503
0.120005412560936
-0.005166803164433964
0.12197107095599247
0.38360227002383396
0.18182688759629184
0.24713121652580328
0.0968668966393682
0.2468283800631781
0.39249224029007745
0.2355186517203125
0.036773486123157006
0.2177230426540595
0.15249569818957687
0.030302083398330737
-0.06464921545673152
0.13055077918588065
-0.035797523926541674
-0.0015222452990342195
0.0546700592007221
-0.08203559504753255
-0.21415234663847194
0.1324160120445934
0.37318397709859097
0.31207623078170355
0.4328728075059771
0.5059585978936327
0.11820649083297963
0.22243792623243297
0.1965297585498338
0.18139360887613898
0.1633700889593288
0.2546882000129862
0.1402594800466357
0.07153293521106274
0.036191969979058713
-0.06987062200806127
0.021759979172910837
-0.16999903539540973
0.04376748334126379
0.14293072398037454
0.2629039488684328
0.19253465512842483
0.45599387422310733
0.1345177732485472
0.18615318498132538
0.20702734047301607
0.42600755237861954
0.4473923615385873
0.481239483022903
0.5437824639633058
0.5413755951797268
0.548686754251333
0.32843210260568
0.452882071102914
0.6325331456115426
0.48326093669622794
0.30906468310229473
0.3492682490286383
0.3495968526393394
0.38063397528172493
0.4755666695932421
0.49563644659461703
0.19511106087358154
0.37047310971135805
0.5554899356741005
0.5350143277295323
0.6904620040326164
0.4357989728507403
0.4542577982695304
0.49255074507256325
0.2936652613197339
0.3259784294089705
0.38709564595346624
0.6702776547435947
0.6440202202152552
0.6986289958225642
0.526576992745649
0.44921810843904475
0.9118075830745032
0.7441179645829872
0.7864264947028456
0.601129145881665
0.5866221887049461
0.6345286289364662
0.5680829628648139
0.66755777398507
0.4107797125723418
0.43689908036685865
0.5271935809033064
0.48699716756889333
0.47996347396166983
0.07160543797134755
0.25406700095499946
0.38880351993811346
0.3702254317408973
0.6561297254753873
0.7103677688261529
0.6622257424929148
0.47691254424762497
0.7070644299970557
0.9597063566807418
0.993041244775251
0.827926046441378
0.7591825582398368
1.0
0.6952356684628267
0.6193399202485226
0.630904275028572
0.4074814647701144
0.4349188560311159
0.5920653157034295
0.6001085586550725
0.7307105277920369
0.44671999706053755
0.40325343544376535
0.5116604661249224
0.6405021205283901
0.7805409217069159
0.5942509958308055
0.6061909521770972
0.7311318807504079
0.5492836302656339
0.7393867452767837
0.7018847952307736
0.48334480356271525
0.2175177393391683
0.4817044627018814
0.24318608744645331
0.25788801100855396
0.3826225858272523
0.30380054466443984
0.6684021125530122
0.3803082622740839
0.3539439591713909
-0.01565474492517649
0.2532964698268354
0.28532113188341235
0.09798510859694964
-0.09322581130835006
-0.312531869030939
-0.11561265049827252
0.07658030327051346
0.05107325289706366
-0.11282554046915616
-0.10981107785846644
-0.19655050327786705
-0.09762041433253144
0.05267692661973333
0.11952869579942393
0.04132173834563724
0.1605987898903256
0.28945417809099805
0.35450815839584804
0.33899075311753135
0.16844377360186846
0.3288754389175974
0.38298243911892804
0.20684555091585222
0.3204734310400703
0.18865566522926835
0.5977107566423125
0.3575561292764664
0.1492829898944883
0.30223931207399657
0.38477857612456745
0.14424872739236272
0.25998745482242147
0.23390551577657392
0.1349227205904071
0.22385294113062582
-0.09537561374069647
0.04144617666223205
0.21017630176997049
-0.07882105371446324
0.0991326116843616
-0.1899951234823528
-0.0003297533959931709
0.11286867963537817
-0.14781584415905857
-0.3670518754507619
-0.24171594467546764
-0.41001288979037676
-0.31724038624229334
-0.23288827100134712
-0.1870457809903846
-0.011479565585451379
0.08633002280033986
0.1116702295173142
0.09708787733121982
-0.3201176215218047
0.04127238791661525
-0.06279600336020763
-0.4749262940820612
-0.41152467487775013
-0.2137376894534756
-0.27159884969955017
-0.14381472099765424
-0.046829828169109855
-0.19503680404901502
-0.270073766136673
-0.033229614863452994
-0.05364672555461658
-0.21537071105411953
-0.038633639012190746
-0.18403311091592545
-0.1897123677109952
0.24396010627967635
0.16092983338258948
0.13979012672272018
0.5243174445912768
0.2847708731874241
-0.14706571912325506
0.05615280153068447
0.5159758776729146
0.08029021250334534
0.1020991561295288
0.22551331634277827
0.10797922738682408
0.09634002139888675
-0.07270782266671305
-0.026885504359082546
0.16491044812022482
0.1662853625649734
0.1368839465822418
0.00716784021852801
0.2626258634505898
0.15875932793283343
0.16269414096821766
0.22401096714069335
0.44027907997806315
0.49800304366783976
0.29034258744078545
0.4336915435476081
0.6754458912806813
0.24080996465350224
0.07767127328493317
0.06318131081125378
0.2543922573651367
0.13003004830058873
0.1556590111762437
0.13789136712024463
0.010095834696072004
0.16245044636685835
0.23210234069056135
0.17072452755756395
0.11537061200949883
0.07190375890564993
-0.09068657829536353
-0.17452869597872878
-0.2368617897958626
0.10306031149512096
0.2718580149712302
0.33115406748086773
0.2984632223075301
0.3090135947129842
0.44400597465683855
0.36782258794755784
0.3395233092452863
0.40231067976725954
0.18013841347607618
0.2597705319890169
0.4805570991466124
0.20857332911105209
0.3652846759558772
0.32481857976845085
0.46356830761283896
0.5179945403886013
0.28684388239720593
0.4561137683416183
0.05540074441094478
0.04362344899011794
0.0318786910579385
0.08878048341471945
-0.07195985753679035
0.32901727920361856
0.25885933269640926
-0.015109760372813641
0.10370354129442694
0.3118120438075902
0.11920711241883053
0.07006912245593755
-0.016338673430364103
-0.15166306900861115
-0.24348069901868374
0.2504457848800683
0.42532037096155273
0.36038062969202245
0.16756962558208066
-0.2615220505483735
-0.22519837900315753
0.13945636238669956
0.1789404646303392
0.08763585097001991
-0.04638986806928436
-0.06821431293328362
0.054952854675556884
0.1120162248019787
0.13144632763811215
0.2795023918655144
0.18757778958644855
0.39196957506174557
0.004049192027221871
-0.35480527312477084
0.10058985919838048
0.1423326214812537
0.2772315277815771
0.10930830825520044
-0.15424267295979355
0.20608656444923312
0.14139778289283766
0.006063420769601091
0.22905065807283376
-0.048857204556899236
0.24463645898150554
0.10347546432787014
-0.08216751797721111
-0.3261769946568924
-0.1598999564941086
-0.35093661555177036
0.061254891875127226
-0.11874153594584913
0.026382387486693526
0.1175174343699874
0.14210166806097546
0.06506881122922348
0.35242846690815877
0.35134743119260814
0.18865308929654723
0.04651316270654293
0.27719030332791816
-0.07239154927880653
0.012423133854087443
-0.19048744156177444
0.05293097148054349
0.19186841013140743
0.02805986265999505
0.15917375400644884
0.17956167678712842
-0.19372477079066475
-0.09776232432804854
0.19381060712282006
0.0508329328641024
0.19768754114110587
0.15326642605043572
0.08563041578545705
0.25550943187510433
0.3583406529441102
0.14587666226439855
0.1557079615670196
0.15965037129196413
0.2576809718689994
0.2599071712850771
-0.12235780358504955
0.017948994995677925
0.32752601013641236
0.018256634868906163
0.23255364619384356
0.06232538146880584
-0.0754707102643597
0.016404429252512065
0.03942002300330971
0.014604213899199747
-0.3908122003672997
-0.38159877109029516
0.06128108427107137
-0.17342776782056046
-0.1730834521679261
-0.10486547321632367
-0.03366014465337985
-0.05008676670675838
-0.29245565423526043
-0.23188792431216676
-0.24555096320639191
0.03885113619516378
-0.12789136250811872
-0.2992278967365867
-0.17881376626085987
-0.14471194600600445
-0.2447966064802718
-0.13928976478986066
0.02047367778187148
0.0763101551595553
0.14200486356071074
0.21190477534341778
0.14441468635266563
0.138325519559088
0.13475477625222165
-0.017551107569293012
0.36576555381994647
0.35108167334802465
0.4560872575133825
0.3000375623156595
0.09598755915835078
0.4840014695050976
0.02226536804207102
-0.1521502576502316
-0.04160514455929454
0.2018968608145819
0.24429453494147046
0.3556806369561707
0.3216057605160838
0.2555244207777996
0.3284612069409496
0.13263065828044684
0.14789743384073084
0.1573318145332443
0.14555193882426098
0.4002285148516078
0.13099290491967186
0.38927640874197134
0.20225181183884144
0.11675759074660985
0.2685508001680421
0.42612753758360444
0.6104488860672834
0.5249614303076213
0.4203157124827055
0.27547343045804307
0.07975481917881333
-0.25557430189392893
0.08138957490908072
0.10799865009378173
0.19912259093994855
0.5083085645912997
0.4087829475913243
0.48997791600531215
0.6213865770371361
-0.060340498350191396
0.282508746268354
0.07545216322838133
0.4318713871374109
0.03329212164663531
0.16411124777655806
0.07283716522132244
0.2631753030415942
0.12515293747141776
0.2502189193718256
0.21388787669463105
0.1142611539410745
0.024043916601789617
0.15852659654825318
0.13225599666888188
0.2225686620576688
0.35799659745248613
0.2764968369372982
0.13729547154199362
0.07654909474889138
0.41207831987186383
0.18889184554873362
-0.014928592102472438
-0.007990785100142617
0.01930218753943236
-0.10686366140189829
0.02261210949481751
0.22796925461954842
-0.05692221760271199
-0.0954333518588143
-0.08853655831310836
-0.08761566390658282
-0.0601334812478822
-0.0092179598459039
0.08230774585125067
-0.07465548079111572
-0.093520610622296
-0.042333646130999214
-0.2569189581321486
-0.00893553800102953
-0.26048665358651835
-0.3780808388906808
-0.4947744892406635
-0.488796093909565
-0.2195964343532908
-0.40087530203955557
-0.2770526422364009
0.010146418407464664
-0.0972672075858515
0.25323566828790534
0.15282605830456908
0.2113191844708675
0.18680834054465123
-0.16065893587718172
-0.22709573343841916
-0.4147051626408833
-0.10905481153455243
0.008656410190362784
-0.058998520082835015
-0.18418177712262895
-0.2717312445283563
-0.11763146030624283
-0.137115456847001
-0.4637324489254059
-0.13722108210346984
0.0905078704702642
-0.36576557905991736
-0.12330575788330822
-0.254867000612231
-0.2833385893297564
-0.537796501768024
-0.23865001491190474
0.07418258783377851
0.016264828697286626
-0.3672638447622891
-0.35042375590810115
-0.3245168023540871
-0.2794570274941284
-0.0003824811999759703
-0.002054720953460709
0.06020255708022715
-0.2639836876642182
0.032734678193495625
0.06387013543297915
-0.02028949544198122
-0.11462801330804473
0.0842528268182321
0.4018193093384874
0.08987610914362798
0.11423377077248209
0.45779105037491274
0.4936630069571353
0.27521924362466543
0.4676196769498602
0.2306432127790039
0.03396385439581184
0.10686516608069607
0.11233790959587919
-0.17186246296296903
-0.08018290702309694
-0.1287755778042452
0.029632013924723477
0.20740313398617394
0.33542980076921025
0.4712904797799973
-0.043002992234138504
0.05162125504763693
0.04769213701680863
-0.20440073508124912
0.006010753939062585
-0.11776219452741499
0.28202177634438375
0.23329945010092223
0.23240937917325444
0.3280133357934918
0.10984556625464248
0.2438854363645968
0.39610519486301654
0.4331980940549427
0.22312717372833402
0.29650195357767917
0.26298383963556193
-0.01601582952826086
-0.0436454988503846
-0.026983767852004514
-0.48592354875597144
-0.10025096777587139
-0.15705208717940133
0.0964646188150291
-0.020327679535992793
-0.14797691377572797
0.07076291460640727
0.024541956196820314
