-0.14153099044443807
0.2936320399276473
0.2123363574942947
0.15269520096634492
0.025419906001642678
-0.331753664936428
0.22821657809317375
-0.013337666990883013
-0.05999939425478373
0.1821313799027826
0.03375350765208962
-0.024851373305040503
-0.2982329267319058
-0.49982383438816147
-0.02681613566711416
0.5043750970851413
-0.09673098087829846
0.11019134293040489
0.007122150570222585
0.4426182325859922
-0.07060747272212842
0.16179213972846807
0.056951972354808644
0.11064372467302763
-0.256153786129405
-0.01763128246534873
0.40461670427973595
-0.5868049582023278
-0.04095359262241616
-0.11233151949363229
0.3342326658385295
0.008146201054179292
-0.3070866824660268
0.32432749766360014
-0.5558908268315821
0.18306244620017487
0.010355454225200011
0.20048778786605026
0.2674290179777019
-0.196953559392125
-0.20182697457345378
0.02178253245325923
0.5668275937717111
-0.0870054701838252
-0.21387172359126438
-0.2741583731674828
0.23859771527860008
-0.31239315465729645
-0.051327948035963855
0.009218927703351643
0.17288847235212934
0.5650674108461782
-0.24225981220092763
-0.48466706011019445
-0.16424871813260078
0.21680656567914935
-0.2415068471733156
-0.026682813706348618
-0.24662479975087048
-0.3280816200164822
-0.18280964019999468
-0.13553367554881557
-0.062105692809363955
0.27843531957333245
-0.26851961329581087
-0.21755921182178317
-0.49037605583217714
0.3422120684982317
0.3744549848146521
-0.16473257974093847
0.17699416646070754
-0.2867284272096723
-0.12005357310838694
-0.480197825582783
0.17499280742965007
0.131675436656999
0.1737148094063541
0.07209057336215485
-0.11590119112643249
-0.3246380850208884
-0.14472674691886267
0.041067121069480406
0.15305524735225817
0.01705575510275703
-0.4516042873766125
0.052488971605984425
0.26455127371676035
-0.2916694069397838
-0.20026620688414887
-0.2565866287205636
0.1761542592800318
0.14920643310337112
0.06282567686206098
-0.6330210042964789
-0.6841107603905705
-0.3306990192054974
0.07941252644742836
-0.12926129392798003
0.05569715258180197
-0.28229452637924357
0.044229659582010195
-0.022116486638707356
-0.005499461845262621
-0.40743470540362414
-0.3835959412855158
0.16184745384900445
-0.015417520179440758
0.2735365077277925
0.5061021853546872
-0.18709490669340645
0.43900703889457127
0.47960707915813416
0.5437272037788066
0.36524458982139096
0.0752257522395714
-0.0749572617723353
-0.156305188072549
0.24394833019605566
0.08565574283866728
-0.06880239582202685
0.1096182737232061
-0.1422940504325343
0.29338526145427557
0.11601435979343111
-0.09403962013430711
-0.4612302137316332
0.27114432511909015
-0.3907152087615833
0.07006489508475022
-0.36712139869175064
0.2027381625346243
0.3630359754268011
-0.12464515150760036
-0.054672151049390494
-0.30167193352626154
0.3800212533042886
0.39840925739076205
-0.004782910737845647
0.1348783570925598
0.005079036442599216
0.25921802881986644
0.13696644120480217
-0.019769865538917686
0.31737562433271793
-0.1739963303550517
0.46385254367681705
0.19430223686723602
-0.06190171558251101
-0.1399116111908575
-0.028177617139701905
-0.07728251757549298
-0.18428633387851823
0.4647519527607824
-0.11256823983372788
0.45556919068014956
0.5160711546947205
-0.1688021942938247
0.1667589232162423
-0.3614984294584044
-0.25156237809483084
-0.3025117269834754
-0.027827132575570457
0.2987368650609521
0.40289466599136836
-0.07647376345152357
-0.39818849007628254
-0.3411980864436409
-0.4474673315694706
0.08797880420072657
0.04309707579601696
0.029910308668619656
0.01945783625854358
-0.25731028503175024
0.01618800691418487
-0.5191731402205131
-0.20051964135961287
-0.03708751260561638
-0.5824994912949075
-0.47754633711682437
-0.06090054217705376
-0.1456281411644047
-0.12819523826245516
0.048562160335658966
-0.5066872206715598
0.18187932217103553
0.5702616818189266
-0.13808542074730135
-0.12698791129262288
0.004833888192032454
-0.03256351151506587
-0.2021490557187271
-0.2686178954084909
0.34386647697299777
-0.31109866908938344
0.05575422817960418
-0.3586055035713125
-0.3017336815269732
-0.03873630363595448
-0.18482065820650395
-0.30202157167620025
0.15792616590522002
0.15322589875778125
0.004247909824926399
-0.2634223317697397
-0.5576748072689359
0.3127355063564685
-0.12597162206847257
-0.16321451721431268
0.06959148136124815
0.16169358830790448
0.3924361578197242
-0.14037691055963264
0.17038960650489487
0.002778836659562911
-0.1045507242493573
-0.1620712811781364
-0.0689936618661301
0.3615529148662766
-0.08617643202268421
-0.11623758004461182
-0.3324682113746035
-0.051798190340867856
-0.1300279637497036
-0.28394760910946026
-0.09157828276762991
0.25685483730597825
-0.5692900766146209
-0.4218404027483289
0.46512304295256945
0.02201929002632541
-0.4513304974544814
0.1591728880529515
0.29627159492512734
0.0559852817509201
0.06465382619217408
0.3497596414010473
0.17828922263929137
0.26357464354984805
0.1586608738793822
0.2520013952732443
0.00942961199917236
0.3259131300446758
0.11771312355127606
-0.21417360743653824
0.17291992084491903
-0.2195243486127565
-0.2021949999139011
0.18084696908770193
-0.10442007302838019
-0.1722388244939681
0.2645061581692876
0.06714163594024303
0.24288755282668406
0.18101165573848843
0.24370271109158415
0.06790777184882746
-0.20564352151208942
0.26914682396063494
0.03724229850920491
-0.17630952856054927
-0.08934460257870147
-0.13711190282400032
0.0030816267856870194
0.30805282156118063
-0.3163695172333777
0.1676176453930842
0.03649719302126875
0.004529234852489683
-0.19744394044704405
-0.42314835434367615
0.07277820535777235
-0.008426098922621139
-0.3825774164596025
0.6254162706201667
0.1958293300932461
0.1325044372062023
-0.07266004293618022
-0.5651814977203705
0.1232427078118683
-0.33865041545241403
-0.4044376748059202
-0.3773085688448192
0.5078896466847309
-0.44342881693554903
-0.46280908350937633
0.43452286945403906
0.1539548842315015
0.15669492741853364
0.5138071982122996
-0.06291099424225355
0.006948082638621456
-0.48208675839552295
0.06301088853586978
0.1439566745582277
0.251778913717265
0.37799480217807435
0.005488959083727041
0.2759040829320383
-0.007188509920649899
0.41624553677616616
0.28778413016383797
0.42025010168283616
-0.3058906185462039
-0.02319610269634287
-0.20767869862227384
-0.041544609543907485
-0.1603293648942371
0.21366940220877284
-0.5521993732070005
0.2904763451649701
-0.3057007082132448
-0.04966448115690869
0.009192054845800435
0.2591678681846399
-0.30150257620794385
-0.2816847019526738
0.05889534023036758
0.20113707129934166
0.5107202166562557
-0.6182225631200929
0.04562287254585273
-0.11751304873997159
0.1595052801232275
-0.758595162069021
0.4072213808297711
0.009324799636929448
0.25092793169147565
0.2349980942317691
-0.09945227873783735
0.1156589242292374
-0.5663041687142373
-0.44479693424918554
-0.18937305083858014
-0.05776635056622004
-0.1443621841006344
-0.3533266505439909
-0.14763675462456516
-0.130984873871287
-0.4826680753439666
-0.3379012386408766
-0.272775958067608
-0.25293717824646356
-0.16304747491193616
0.03619431244605931
0.27787476737996486
0.07326475846026437
0.06528523771681694
0.37783173301173867
-0.3377379422638638
-0.08786141071871512
0.0010488078856702998
0.08336724105053861
-0.16525156317026812
-0.03988661713931174
-0.5617937464452057
-0.025747890724612477
0.08458002325610581
0.23371535297459167
0.34471167518785495
-0.11247650346854965
-0.08738917553257497
0.49380503647935536
0.3383921414682092
-0.21793860469848092
-0.06786394949566454
-0.10281709735764932
0.2242494024016115
-0.4494286584384989
0.02467814603962526
-0.15206559402318798
0.22941353206267956
0.12338380960757922
0.2944279725683734
0.06740037975660429
0.14162819963441997
-0.01255535361195137
-0.03714983287456919
0.374406124557112
-0.23084391663515624
-0.479194469730548
-0.05165016426880242
0.06883895710301013
0.29881257676700734
-0.3501655642322523
0.27999069575007773
-0.0033996187760224617
0.32423223560114756
-0.26780009896384294
0.6248558776107618
-0.2919452835101788
-0.5267960633305754
0.15660938893652188
-0.048893093381531805
-0.05015415701924053
0.2658984728533975
-0.05133432313493347
-0.3653410801269086
-0.31771386566465143
-0.06050762137045096
-0.09048168877757323
-0.1918040651738212
-0.1909707963622983
0.47306169381969765
0.04123849180010186
-0.09940332946300234
0.14915038694359284
-0.15836135270647334
-0.015634227472917428
-0.5409379482437477
-0.25822075906744146
-0.2875903657351605
0.04355882935825983
-0.007841231723834996
0.33517856717450756
-0.0866898707466287
0.15604498182051407
0.42788963217255604
-0.14949177725692175
-0.188842709871182
0.3159333356937948
-0.2320180594928598
0.15862825774421685
0.3005748808051869
0.02675104941913653
0.004997397424459926
0.2354510115068631
-0.09455737835265687
-0.4676345805822075
0.025185740131081102
0.008918471398924321
0.01743746775298116
0.08392722261141272
-0.17489702128213935
0.0898282834262063
0.09338113342373422
0.25817714947165227
0.1957050267292597
0.17367912292103327
-0.5069097555719493
-0.11515183779168037
-0.2750936406244504
0.2108792368223813
-0.6143094393887605
0.06420516001374699
-0.46807642273297734
-0.07545547196431779
0.34074563737678076
-0.0018138793850495105
0.18038603952935284
-0.38984632573828626
-0.29149345888723877
0.5095397501841321
0.4144277341446059
0.19768474139608605
-0.3653990897819126
-0.23314359748986346
0.12673069102438483
0.2891758563908411
0.6078815021424935
0.23399757595428983
0.1015846105749385
-0.34709042333263396
0.0036610280411466523
-0.06854133044847999
0.5547900984062464
0.12172559838816643
0.037663269120771226
0.08015059580313366
0.45704412501415215
-0.1699665579716887
-0.2421257922899136
-0.24770810533106313
-0.0400935005500046
0.3310017563325842
-0.9268504209188113
0.11003716168424349
0.37166286305491814
-0.21320266024043555
0.15584463141402138
-0.021816255737864276
-0.42628937378660436
-0.007355094135709783
0.17000155802950956
0.08654253723793914
0.2169155987855389
0.4529995744565536
-0.02544695459035573
-0.03488465525645068
-0.05049092266869981
-0.006674331069500439
0.25843082840092557
0.14578319415440477
0.22692096216689261
-0.29459594766158614
-0.03532094991119161
0.1654660302116686
-0.08129315764222178
-0.4129277970736772
0.10977617226611391
-0.1790599046125263
-0.04347591806118167
0.03139585292704483
0.138973472508521
0.29843708039049743
-0.025593171529818548
0.2142483133367894
0.18718030304954292
0.27309483111896715
-0.8458257291293889
-0.28599338444559097
-0.0954094482390423
-0.16868351940034576
0.22004636292071877
-0.02759781481249035
-0.2596628939662863
-0.011008380887551517
0.22550915950479933
-0.5489779067061642
0.23681545915749136
0.1746146228685863
-0.03880743449561985
0.18611750492298085
-0.23145721103412986
-0.1659422728917116
-0.1997165395512578
-0.24723759462152228
-0.26341424962624005
-0.053011341922772126
0.017274575573321016
0.15759915382684198
-0.14473513621102774
-0.2526529515283694
0.17058533733148762
0.2921317443033975
-0.08352457013174186
0.4985483005564104
-0.050119023134686524
0.15219456836845024
-0.07677451219828724
0.05360476470959452
0.1893799180115363
0.38258046600784756
-0.07460089986275176
-0.36835192874454215
0.30305268258554086
0.166751392763
0.17346765822014754
-0.17156503379671084
-0.3946614943827874
-0.4698503614749574
-0.42683673288836843
-0.02525464554232748
-0.15293484018118675
-0.36887752157927156
0.6858898344332702
-0.1518553387995547
0.2244255803466304
-0.08715155169296263
-0.07008693668315513
0.03775799451022688
0.11905072951421669
0.028887103361291855
0.17796726469878665
-0.2271464204986302
0.08001380127563507
0.16967581798597164
0.2504081894370158
-0.06949807624257165
0.36022520466161656
-0.04160377019489825
0.19411833513927945
0.05945655310920106
0.020617877628390957
0.1503479163740109
0.05757803105919623
-0.048232829463691784
-0.32857782915217637
-0.048406328706457113
-0.35810669529561057
0.10214675744915236
0.33804058162498385
-0.03226235519874521
0.4908211752993763
0.326330399179914
-0.13689137626997616
-0.7425250937639811
-0.25346513389578273
0.1448161440244935
0.06909870035476984
-0.0376740294199811
0.3032819537690996
-0.13101026792269665
-0.07009893797864297
-0.20030281336802724
-0.2952888112127967
-0.295665876537927
-0.018141394689779045
-0.27381885364068415
0.3750696402662572
0.00892938986177394
-0.2746878235419301
-0.30391155522043845
-0.39970102891597314
-0.0739715100828916
0.15816975776772635
-0.08957655321511349
-0.43897205321698296
0.09751756108676113
0.004592465924876832
-0.25892696153485295
-0.8193542662735149
-0.4984109514694336
0.03952581836098701
0.06693633256716236
0.19346956347814492
0.3237771270027865
0.4597342845696779
-0.24046135235043742
-0.5639017217816888
0.012962495624534665
0.038306086233760084
-0.14577499528921012
0.16671321605732659
-0.3702708184827629
-0.5971377647772464
-0.04898036619464674
0.33323471665281335
-0.02401419758463208
-0.26414769315803177
-0.05034003832981282
0.14261994700673153
0.31508628209257084
-0.03770787121342045
-0.4163521915453343
-0.05132408137179134
-0.3017264545416086
-0.3820456975058858
-0.25263354987758924
0.6405958001397822
-0.21499452541700947
-0.3235902912936135
0.1534657095752896
-0.03790183266693081
0.08662318002708314
0.04047888888632234
-0.2631792938408549
-0.40894780136033315
-0.18409938886295107
-0.21786952726393227
0.3805901793200037
-0.28055345784531904
0.22265311286549538
-0.3868207530540516
-0.3262585753516162
0.21654368677024904
-0.30009744566210284
0.0840742034032107
0.25038224219078553
0.09783864055408942
0.5597440970490208
-0.1431560905068453
0.24189088042448081
0.1265760243257552
-0.07618757078964367
-0.573388842470509
-0.03910324588899117
0.19509066465348046
-0.46621266553469687
0.20046247905050052
-0.1709581134227921
-0.4121908620814847
0.05185183499221635
-0.48739050368794046
-0.3668470044516283
-0.06656871022443644
0.634504024296223
0.4140938764563329
0.3187517785588705
0.014200274971894356
-0.766442379775432
-0.44295932286576734
-0.15875090297914873
-0.03929380485439993
0.06859850678678625
-0.1384422262686058
0.19856985442726693
-0.35326814997665457
-0.35746766814814057
-0.2860846639183715
0.0909760619967237
-0.6274891293882392
-0.3600790698427493
0.37741389060218133
0.08798281053832535
0.23831596483735495
-0.086209571144509
0.030814805367311404
0.052646180450398816
0.12596556087763622
0.052327795719264714
0.09299089131001903
0.22252151073838955
0.04002564786081053
-0.11247714964092403
-0.16014515578830257
0.08206770276092623
0.284394314344812
-0.16519828575090134
-0.46499905818473375
0.33347565906319376
-0.04526535957042943
-0.0044692755637675274
-0.31138392272604576
-0.029174299404656767
0.037640333734504816
0.04302379008707313
0.13103338695961875
0.22318986196880553
-0.5869932818427688
-0.1845955442784334
0.1847032377435609
-0.41557297949467675
-0.018338601259785925
-0.20391601637361145
0.5080284375325506
-0.31920764498128207
0.27511134679252014
0.34677167802617337
0.21128975337509015
-0.17500539533883985
0.04357588747010133
-0.025234006923136043
0.09608286937698307
-0.0027051646194530266
-0.15645894821457162
0.022360611740122716
0.03732719230208725
-0.17898058571492037
0.12086377208056098
-0.05746022714222243
0.16293318280959523
0.10733589213027517
-0.18751176700192884
0.244316224985901
0.32394124657756107
0.6007637818577829
-0.001421863088851949
-0.431634508381733
0.4704079491019999
-0.04951256129082515
0.13275593821913523
-0.08087424227123052
0.10162321642033656
0.324451222011811
0.03485485821160972
0.08897954563623345
-0.05308466159299419
-0.6245964325149842
0.6097636776353808
0.009593766834385287
-0.05647537279854242
0.14215667341306482
-0.06858725937028154
-0.27600617327426846
-0.4118264905136192
-0.6430785412539097
-0.5212771624926741
0.11811362033862882
-0.21440405379796823
0.15716891088065266
-0.08708442663985971
-0.39060326187742045
-0.1874955900830848
-0.10648127124446738
0.11448891017089435
0.2914864087472031
-0.47756925497388725
-0.4190512448444188
-0.5174253015414452
-0.2545464504956835
0.08510834128392974
-0.01863975414141017
-0.0888281774272166
-0.24517930935422505
-0.20447451957432417
0.18545544334227282
0.2109560661676868
-0.16514001028792824
0.07859367285298902
-0.07082987382014327
0.4187745553806428
-0.5550991266395862
0.07955685708458105
-0.09983828730687283
0.18495534941345726
-0.2519396695521279
0.5909520545128291
0.4029402969631444
0.1710347667235239
-0.2523897780988338
0.30982302265121286
0.3761160428414818
-0.07606572124225797
-0.19138734571269644
0.4240972065297295
-0.4918800544654415
-0.04826626677156176
-0.5780730020286885
0.18909401745799692
-0.4788977336180632
0.008803127743183259
0.47528808286190993
0.1366707621645915
-0.24807407267731985
-0.41600531716812095
-0.0741406949514436
0.012070140774119498
-0.39234215785962356
0.019311158284407437
0.1725997201722682
-0.30480379335307073
0.11660748864078485
-0.33669494146913037
0.05998183268978052
-0.17184344035686738
0.10551525475859558
-0.01171574413294374
0.06358155882430694
-0.28063723193001666
0.26864853559481183
-0.30940886750725605
-0.05184245713173585
-0.03924392556970069
0.21375145498259762
-0.8510648227648936
0.16386601146243795
-0.10557854164808289
-0.07057146231225853
0.35564319607272443
-0.3091920107808558
-0.6957024906218983
-0.12339054063887933
0.33691139357462707
0.06724883066792464
-0.5180142787166027
0.16899013364995574
-0.06596067281390139
-0.09500738727274516
-0.05078160294904932
0.20216929468482236
-0.058524132271035145
-0.255849809892685
0.08918743679831898
-0.06761294701160314
0.3609862777005439
0.16910835044880268
0.055274650929073355
0.07210189110056597
-0.4310012476552073
0.050683239921309076
-0.529776360299897
0.1400834702955016
-0.07783088936999094
0.018993489408388964
-0.095377668438689
0.06511035888743266
-0.08873774009793223
0.1667256802719086
-0.16898091883751987
0.09789156405176591
-0.05688576898362929
0.03109332814843091
-0.025735390487910736
0.47955440503627966
-0.3367359593252116
0.2763169600704285
0.6178348018714594
-0.20285464108058637
0.1772812892119915
-0.24830432045115136
0.47290336335713046
0.7482136615189043
-0.031963009038935564
0.0075661244003437655
0.38255449583940204
0.06801899637751707
0.10342253653644828
-0.11450891588455392
-0.21590932356120285
0.014236492740475448
-0.20299925094493532
0.24012862714012262
-0.11367317263097587
0.385366166748752
0.2745058357080101
-0.020582186844968264
0.451169555413631
0.5752869512009369
0.030707029212418746
-0.1232561562739658
-0.12012278011698874
0.15651690493898407
-0.0074201807141333065
-0.1442708278814151
0.057695870064220944
-0.49633911312182066
0.13164749548608312
0.3818202031404909
-0.13818965795293758
0.01899492594261898
0.21023643558803462
-0.38267907642963184
0.07800085533970735
-0.4532718050879134
0.14547287822931065
-0.09458348336852773
-0.09491548462181043
-0.17110740690366655
-0.3252875141886282
0.15306398979961333
0.39777330765175556
-0.10099409599780462
-0.04554019894687111
-0.5442353391720343
-0.19671078799492991
0.022819410096521553
0.010479231281361079
0.17856936485922104
0.06818523356633133
-0.06692837969134169
-0.21972205531007194
-0.20863327106194685
-0.5545050388582344
-0.16013637648960521
-0.029459036467796684
-0.29224187091285914
0.16231283213822278
-0.043368800417165065
0.10155351402461954
-0.09955411919345536
-0.024515691600993983
-0.3947312215771871
-0.055418167236804705
0.1261684045988758
0.25093813847697355
-0.3628826692963387
-0.2500585654172913
0.42988390852877933
-0.0671598554033257
0.37314184103508174
-0.14211320702504582
0.27848991345999674
-0.31328248446483675
0.25674389132201725
-0.00098399318928577
-0.06729023713115989
-0.6046539458921909
0.03121515863813973
0.3495105119812789
0.1653174929957193
0.2776766720607933
0.364616907472155
-0.3387720774660936
0.008108287018284255
-0.35300172949090847
0.28902022842440034
-0.027003065388250702
-0.19469532215197083
-0.014711762404170381
-0.4076590234223352
0.02205721918001169
0.18155233685887984
0.38581235948191006
-0.010887247142046586
0.19585350156145198
-0.13679647765937264
0.100793527368507
0.46629991884892297
-0.754261861960061
-0.00558172781748123
0.32347599876280353
-0.0703765145211459
0.04640285692718504
0.3729068666325783
0.3305065097106412
0.10067552051228312
-0.19792619018974955
-0.38479207096180823
0.29393054107774574
-0.08455838565759999
-0.10751473771395992
-0.053556410471119476
0.022066768105480916
-0.257701142244223
0.10307027402941449
-0.31058925606793863
0.11891528548347652
0.1321038710062843
-0.11416748164345081
-0.22004017476650395
-0.1836102056173189
-0.33434137258091934
-0.03871041371611528
-0.2902348591331868
-0.06705301697877841
0.14035538835881534
-0.21887525277326902
0.0061650258686580806
0.16577917235896322
0.2659470559369683
-0.020864822145538642
0.04996871914545853
-0.3059783921911948
-0.10843806074239315
0.41761419079433204
-0.04364713682099208
0.014653750960822665
-0.06817474769884535
0.28220783893380963
0.11589301385440542
0.22285181092798578
0.13885202715000555
0.03438803172779359
-0.06664632322080133
0.2217562207836017
-0.08851529534828617
0.10136198533793239
-0.06363418752565797
-0.27327646229353275
-0.28497445467391946
0.5847693558166491
0.15278191399397834
0.28402581225244083
-0.03852893856918094
-0.04728613595588482
-0.5457206167054087
0.29173556903224673
-0.5025998764101164
-0.16486729016248358
-0.5495680478243457
0.09711678200415497
-0.01669734204079143
0.288624014549848
0.3557401728510978
-0.3256845055202455
0.026738107908574005
0.1644343751911692
-0.10467832589444936
0.38351001723322753
-0.2717636264141966
-0.1752762637305365
-0.12891265131976115
-0.350840471093086
0.18935422002087798
0.02980106831590068
0.1938667621193757
0.25888375978279865
-0.3973760735026728
0.24524473819873505
0.06496299595521604
-0.0193523921356219
0.11910071054101556
-0.09797095102602837
-0.22309586998251263
-0.12501353009510563
-0.016132345894434463
-0.36740445104254915
0.1730540191041403
-0.2918870365262063
-0.1893588490304623
-0.11386815810537976
-0.1280804610376307
-0.34660493742837006
0.13502056570527832
-0.22810937036332524
-0.08329323087629681
-0.5918729192532751
0.6405482370901221
-0.03148071831717991
0.2845322550882543
-0.10423560071370441
-0.23142712343762495
-0.06789642956214947
0.0673461445123873
-0.44144498779439645
-0.5341556905208718
0.21042428436998595
0.027786352116128343
-0.032911395678375754
0.03475513387189877
0.13509946973240927
-0.15945165343439005
0.2197060218658975
0.29334311797051105
-0.378812423727644
0.08284464442600536
-0.3866368195466777
0.17422510396283664
-0.12026405937665674
-0.01234404731213723
0.055011021559569606
0.06580156283046201
0.009751207002422824
-0.33636944510058353
0.008647082819643881
-0.4079044936778353
0.1930949336613763
-0.07192730702794725
0.25270682198028815
-0.4630006204686472
0.2940238773540347
0.1022548173314537
-0.4309427336535566
0.09980466217400075
-0.24287996193585937
0.35446496319762577
-0.011379563951049443
0.29077259218515117
0.1535086041392688
-0.1507900301536078
-0.16746856323859693
0.14052527354157185
0.640043102456187
-0.024089560812763144
0.03626629356937516
0.37361640392808604
-0.02521272258051932
-0.6834662511279976
-0.2779540017557002
0.08277164342693721
-0.2950832777086111
-0.23898052464133268
0.16284180289223982
0.3858188167609291
-0.5818556444408136
-0.3510642546509324
0.12793035382965057
0.4061057711280678
0.15353211907547415
-0.5450849186122806
-0.1259613371209376
-0.21099877684808377
-0.31807751702554254
-0.1434195929404931
-0.06767943358509065
0.13243217223219106
-0.1717566016041444
0.32085351714125543
0.04330975963515127
-0.07452908212398268
0.23997458824395523
-0.22069749712457876
-0.32380403095760546
0.15037069597892527
-0.11134133968535209
0.004772195736281404
-0.04839293216113838
-0.29643842444548585
-0.0066134494420064804
0.35199625032137805
-0.00014243228189225743
-0.11187744532194577
-0.0857716374177071
-0.0718890041339405
-0.19739756404870434
0.44558681263202904
0.02132362149514999
0.06694483341400215
-0.18017429124969864
-0.4434200608705936
-0.34552506606810696
-0.1684252686531541
-0.6635285327236475
-0.17554738324589692
-0.09762320705385696
-0.10130029581097588
-0.23297658798116805
0.029676485742611947
-0.3602989385770303
0.11533089672293872
0.5573679180564866
0.0322343484594898
0.3755657723630974
0.1784867668902297
-0.12614146176455898
-0.3998406176703182
-0.28725354627457333
-0.38878199646778666
-0.054592890821479445
0.052493484004465296
0.10886615064602756
0.2717274842942299
-0.17748200982736517
0.4616094027426523
-0.05963677822764557
0.17617314677908524
0.3549195641744445
-0.204502723414966
-0.03636415880361066
-0.2728258651089799
0.08211856402560924
0.24937609955407503
0.14979109193372264
0.01700580057199419
-0.29803073860181206
-0.38693158693085905
0.11061048994757883
-0.08774767364048175
-0.2256988010520421
0.08958542666684655
-0.476890375229582
-0.07088710995608893
-0.40353046001600823
-0.41877676727421687
-0.006000196884741071
0.045278210949237785
-0.018060362819708797
-0.006509602241097312
0.4674004983150124
-0.1359779079391218
0.15537255501918246
0.38194696272880524
-0.3471268931372342
0.05946323337862647
-0.16170928678175844
0.019446525000285098
-0.34066410255210444
-0.21612435139147157
-0.4583047654946317
-0.20154399416357904
-0.33269665935165793
-0.0006489590867674311
-0.6721240566331934
-0.39791562028610417
-0.2266482393265543
0.3983042279167113
0.22581362685079176
0.4467326890304939
0.016539985062214768
0.43769959224942445
0.16043800461383362
-0.4275275540455491
0.1113342364354244
0.22407169281634753
-0.2822745633041751
0.5960157113058522
-0.0841102598588136
0.08688990815520992
-0.06689912251355756
-0.5554887075156852
0.38211708891101015
0.6825522452733039
0.2066650572133557
-0.4210857795144832
-0.3035289203337288
0.032508646738073965
0.4488299193105103
0.23845122615408676
0.3663665824306044
-0.609835157598178
0.5080387413142509
-0.3860286728078016
-0.03693639333010412
-0.33160842817782465
-0.12241844915934785
0.16383269180866789
-0.08602177546716339
-0.26990968978555074
0.09121676771858622
-0.02733063604991426
0.2608838000731808
0.04473030065665751
0.2556306055337969
0.07419513169348257
-0.09433444787531542
0.15962669434636756
0.11203966718500413
0.29587559446971756
-0.6907330785389638
-0.15460537405834907
-0.7279559263333769
0.07360886544528888
0.1746931884911498
-0.08773414281512426
0.14431327758552448
-0.2074203973598212
-0.3025936280228654
-0.6210402914298706
-0.44205101429587756
-0.12544065705159801
0.1427627271010461
-0.2749649155318381
0.02808894948744367
0.39176252405057554
0.031775162731284556
-0.035686818415833654
-0.20755722159339374
0.09706997882913626
-0.038113062788873386
-0.943013797939577
0.18227280729251083
0.1519136382224544
-0.04670609610131671
0.3963433532624592
0.11530040980832568
0.11865275519420049
-0.11208804298085817
-0.039927504344816955
-0.20977929121494665
0.07094594970606805
0.1022864096853966
0.06245902391959812
0.1531783468646244
-0.2793347553389923
0.18854634440318963
-0.27356482241122815
-0.47329675670041405
-0.2357938659129022
-0.10355825077028857
-0.20035114356269312
0.26184872385326874
-0.13080429497181567
0.3895775962861663
-0.3559398157983169
-0.05395580731263405
-0.08162262437135803
-0.19094397994077272
-0.19975657966206184
0.2311436331472223
-0.29877904419597656
-0.39336071995746424
-0.04674477483085859
-0.14389641055149738
0.07126371500530482
-0.06823734360485045
-0.47766786621294544
-0.6689926637130714
0.26597011311755936
0.34041543001100405
-0.06536527186849417
0.6767954637181344
0.011372978443046966
-0.18436256281345575
0.512850244608825
-0.19835493532802184
-0.16051669402231883
0.13141103962833278
-0.08440015754232544
0.04397285879964974
-0.2791992176345842
-0.13098524987494764
0.4791707808986865
0.2567252892479017
-0.1445474336949295
-0.09332093920279894
0.24357545442869477
0.05623565561914812
-0.14232738791896749
-0.2664567638630361
0.0022772951826255383
0.35805404175845146
-0.49016530989278295
0.0161597164359768
0.3806571423425511
-0.21755965256072218
-0.41569858670183
-0.021666742367717262
0.0677737977981907
0.19249910818384475
-0.079569713168398
0.051652515307504254
-0.8145528570703899
0.28749487364295634
0.1142252474975558
0.253180696703053
-0.20210587014623604
0.26832070342419123
0.1650705012021929
-0.13978795754804085
-0.3282953668039522
-0.4811015808831909
0.0016483826675488533
-0.23474478307123914
0.30580167537325287
-0.2375785800612238
-0.2732339291290016
-0.12037787029806113
-0.2924984361127789
-0.23036514895551174
0.3020398808918201
0.45848330148630767
-0.21538755394333942
-0.04361295199817872
-0.06994120517940638
-0.004505549435792067
-0.05618241356119191
-0.3942074777865955
0.16904842864939296
0.20923820373913316
0.2937715349432315
-0.5580068546721342
-0.3038854876840158
0.0977202186713313
-0.2802119803859623
-0.10968929487367296
-0.7019280013499378
0.39868392251647666
0.23078001592245134
0.18444591723187864
0.2522036926783251
-0.2442118767750744
-0.2885420622034627
-0.33867259340862255
0.30543163728010003
0.3278137646109789
-0.6604435392871753
-0.5875197111889563
-0.006755893070891528
0.2639460798035991
-0.25328644920658083
-0.2793098855709194
-0.20530355909058884
-0.20930661832162067
-0.36651575641842526
-0.05870197118868903
-0.1671245985993105
0.12221323664253037
0.8574093814198707
-0.13884609470826437
-0.36753554290388246
0.06177560995166531
-0.3299779446243336
0.06293854327505599
0.06793638016477077
-0.7980346054660544
0.13683660758004157
0.00823886893927872
1.0
0.00646979499682665
-0.23071112839696872
-0.06697462386373088
-0.28728391377580187
-0.31276724809370215
0.08242501342173125
-0.5273002460066258
-0.3744678807543518
0.004962927785945537
0.31200580443850945
-0.12738677153772893
-0.03497578551527547
-0.07722419429123384
-0.14624591549136146
-0.06086239687253425
-0.15097760472197597
0.07676421813502032
0.38173119744935
-0.001588797055735891
-0.015201643035915646
0.17386658369048869
0.3117614082930029
0.0712456020374026
-0.27863759936422694
-0.4677383519493724
-0.23620983614549085
-0.14870806867060293
0.3064497654571601
0.19473373497405966
-0.014059861514911232
0.009869495677097495
0.2350197644323644
0.09188931420914104
-0.008670968799299184
-0.35283291372099035
0.03464851829610405
0.16117715530079058
0.36858341016925755
0.22890078322216523
-0.22727263145625232
-0.0672188861167593
0.13350481325781827
0.03563702141714664
-0.07085251912925727
-0.2987610130668882
-0.17877959810003763
-0.12186023569376891
-0.3920034237836838
-0.08673237540079803
-0.12410686230277646
-0.06783112937838565
0.29310095294358307
0.13965279788916352
-0.16759627194924376
-0.05246891937972675
-0.21055386991158098
0.06710910116464941
0.015271636392493404
-0.5298596041545118
0.25442866396599384
-0.2762853934473175
-0.23940994837358176
-0.1306752172075606
0.14577340200598887
0.10643642699149969
-0.0036534164005814773
-0.09437927842912086
0.09800113712587732
0.12176712965228953
0.08751003886436748
-0.40488877676225965
0.16077931069053775
0.09525828431097261
0.16161609822149892
0.12758848122874533
-0.24184351529717696
-0.2868031822904785
-0.19424555841091518
-0.21046079826601083
-0.35335717715381343
0.2661057928226793
0.32687968498790454
0.13670534486299624
-0.1860740772504328
0.2704261794867566
-0.2543785998348176
-0.12226694192159548
-0.22772898904460304
0.06596180516376338
-0.11675110887494244
-0.1647085344834358
-0.024959963064760782
0.15420414235737923
-0.3340869743442828
0.19933326462765666
0.36041349724487315
0.4259994072559923
0.260372173888225
-0.066242218486819
-0.4718670424011515
0.5874157002265659
0.14896586519644495
-0.20671584433857715
0.0322456622080014
0.24172164380101768
-0.17112899579531404
-0.33446471549027057
-0.2323014916205275
-0.24770038122208105
-0.5306247282841938
-0.3141108289851062
-0.38884215453750237
-0.015393067804872818
-0.21181417649418377
0.09889502978671993
-0.3248827761987739
0.20042869529743568
0.3126531961572401
0.09544849514313136
-0.040584617763893105
-0.04649017461352167
-0.01593530088791517
-0.46368102333521666
0.33609685028623737
-0.49716708051313563
0.011857077163024421
0.0723102471412238
0.16912411359170743
0.04385311641934764
-0.13192145162427615
-0.080057120064422
0.14847013827716138
-0.09624149336991761
0.3095339188687132
-0.40803502221296917
-0.02840360991722002
-0.16600738727979725
0.14510874688246966
-0.39984695272724213
-0.08168179362779593
0.2808626697104475
-0.5525136335322118
0.008762207379239051
0.11618356434721555
0.2331440763587762
-0.4376810975756401
-0.09754232194362522
0.10096959232227665
0.06981001246584206
-0.2986896713818914
0.1953829588401932
0.08721451051204898
-0.11931081807205612
0.14862364413539542
0.2157932954396551
-0.2782625242341209
-0.2631756651311862
0.18785184652100484
-0.10953854484297343
0.29148059599889664
-0.07582536327424683
-0.1735181710513647
-0.19122205788028657
0.0762412964872976
0.04399571687997761
-0.03229611692209644
-0.22259774109540198
-0.24808576080377176
-0.2180914566910347
-0.22384710595565804
0.06845353015804667
-0.07003922770269622
-0.30482409298427904
0.14540517336385328
-0.14804506386736205
-0.0059767610537050375
-0.15741121021512372
-0.6307439865395925
-0.23811696456226505
0.014896471328600391
-0.07078007067519776
-0.24131666314541034
0.05909433462414149
-0.2950171854766279
0.002438980313816508
-0.14969775837318733
-0.08339450249345859
0.7052971812553472
0.08879731093963139
0.08002357029805407
-0.11527502435042425
-0.22962147747424455
0.11440752428774514
-0.18656294980586674
-0.1188495665393966
-0.37510264052908615
-0.5106858769540549
0.39775006990526185
-0.2986981631404253
-0.5068504379080874
-0.2007137759147576
-0.16590521380557632
-0.5255251773644797
-0.12565092092941033
0.2450469542044582
0.3771429939466857
0.28922518305572886
-0.08428835835079018
0.06666960045804671
0.12724825084962577
0.47293888669415485
0.4062910975553531
-0.11593156382331771
0.09131600568571097
-0.5666653272176596
-0.11842529509529887
0.2008735147721623
0.039185905479564465
0.0966298017863012
-0.022319264357038127
0.01966350685412599
-0.3737094479838927
0.14778967632107354
0.1885509556572036
-0.35595785250696677
-0.35499200407359766
-0.06522875077589785
0.05723077673786481
-0.35029598004104545
-0.3056254669719203
-0.24695652190618333
0.0778784277625233
-0.06639865696720637
0.2728840490979896
0.2631459402009966
0.024701481280363202
-0.1773944010193257
0.19365539007258326
0.09609722831371137
-0.03707196553145653
-0.07108846201729258
-0.43410764099401544
-0.04946395275960225
0.0004164325958888604
0.2674641731964591
0.13652793058174062
-0.3920947977870084
0.1840726532846868
-0.5188300008193782
-0.32398556622571906
0.09184835808498604
0.005690945883706222
0.13060751939822257
0.015643098082400053
-0.17054927186080915
0.13942380279196565
-0.30512959428621844
-0.31790663194942514
-0.17305417213314334
0.013191240695782813
0.29890382686116124
-0.3228553894218592
0.06930886432463579
-0.22417174181172295
-0.4089388904532343
-0.15278204816926
-0.09953147278045393
-0.20053985160339505
0.08901835568575223
0.6264721342624817
0.5884622837065641
0.12512748914596816
0.1404092287850407
0.4122835051654219
0.06844992665777627
0.24874484629585947
-0.03063576470325846
-0.03832821154028121
-0.26818182728723616
-0.17800039920770583
0.06549791586962095
0.09960803743911772
-0.1956532243797826
-0.1540723068415375
-0.12104514042510361
-0.4957920585985802
0.1288322625376972
-0.035163898642926905
-0.25492508942322323
0.46176477789889825
-0.2577716612398835
0.06575076518031486
0.1782322170992099
-0.02034418942027083
-0.053242538222837754
-0.001300676182305005
0.29135211230168756
0.16786900301359142
0.00835750649925493
0.11661793235596041
0.3475335949264158
0.10135939684583195
0.34017321381495536
-0.03898095724943129
-0.4342198588977526
0.16848947636684342
-0.07108416479718005
-0.25633886941003536
-0.2188122922807354
-0.2637392797021135
0.059825503946944636
-0.43008518165956966
-0.5023264220586943
0.10330512734965791
-0.504475270995628
-0.5084813269752164
0.11360625935371371
0.08534770130527991
-0.041646858639656226
-0.5518995362675385
-0.2394308670598626
-0.7520471902116681
-0.3045833828994189
0.38963108393475565
0.032567969680691755
-0.3619926920166151
-0.08818098656922291
0.11630237557021905
-0.2386229320079618
-0.14775602250592856
0.09246903358278402
-0.16301061100343872
0.07270962180612384
-0.2100854213044674
-0.1433706643993392
-0.2068631895688663
-0.3680035829107833
-0.05912068220229161
-0.024464708952744108
-0.12553403548985542
-0.3400685108520948
-0.06488305777439884
-0.06338910995915448
0.4053910829303007
-0.3427263069715982
-0.08243733707421386
-0.3313857011031467
-0.01523078404714695
-0.14666888154246016
-0.1325628713645265
-0.02653351905491963
0.20185443458703012
0.14244423356797142
0.1936224858264437
-0.28983583945546154
-0.27574614194825
0.04953397472102594
-0.13952336048597058
0.17434626489746474
-0.021955920810651675
0.13673779592402613
-0.25576372735177777
-0.0653714510824338
-0.027181163547368103
-0.020879711989290506
0.1398341858220873
-0.3203813731615528
0.18893848275470937
0.2405252914875069
-0.4654743093042851
-0.25351763744165157
-0.01821865930874833
-0.02481577509208055
-0.3980631833642617
-0.4294557334026379
-0.019957875735520214
-0.27427999664412905
0.2904052821939809
0.17242172550736412
-0.2695979374230403
-0.14509975793578955
0.17547490367699847
-0.52413503799745
-0.24829333270323684
-0.10828898464928727
0.02879720901872318
-0.10146220733588451
0.5526051784187334
0.15508259567371807
-0.019410601581468234
0.40651119019794835
0.37873786256369724
0.3870064289124415
-0.2897922273828336
0.005540967268786057
-0.2800162864900517
-0.27010557491239806
0.0859061172390152
-0.16320029307080097
0.189964165711763
0.5351132576793789
0.5580011104396669
-0.2815578575649106
0.0437026645015397
0.3346877722597028
-0.0036957753535420412
0.17380559820196395
-0.5010588680154437
0.12489405631702133
0.08501235256505413
-0.20549602121623933
0.2975928452635572
0.7990614246024905
0.24720680813048612
-0.10622326404190585
0.10700744132230366
-0.2845716441270961
0.10602707988379123
-0.33918333000162226
0.0020072919012597
0.17777175021527203
-0.19787620921211346
0.03147966502980659
0.43354696458348196
-0.20076333528808754
0.08822528969495824
-0.06626714855214466
-0.491604382186442
-0.09482445379438775
-0.4637800818820348
0.0260098007709475
-0.2930151586686299
-0.11240643651768523
-0.6471742273224603
-0.2173823331427467
-0.08544742619390999
-0.3181226667958288
0.1288247673235694
-0.18476821389925646
0.17496682690582266
-0.29915196142696143
-0.2664557940126173
-0.11893443468867682
0.2594096274061881
0.2346359993384215
-0.476298786347525
0.10472737304496382
-0.5714542064775077
-0.4908077516229884
-0.042434072822212565
-0.20508857790909185
0.13606434846487536
0.15887882066269676
-0.03055496100064581
0.39559525147531827
-0.02150627688261253
-0.21688155012887245
-0.15484688080584752
0.2628382502488009
-0.23431579647095802
-0.4712392826588665
-0.02407132636911269
0.18910483468787986
0.19246157442483858
0.21694409308475882
-0.046685058912050326
-0.08679526832643858
0.0037509863234019836
0.06970297532471603
-0.2526720133616117
0.14804483566452165
0.04801224033267837
0.798109951820779
-0.47666123955109263
-0.029061688402140518
-0.15244341186999488
-0.056085866365205295
-0.07204707228054408
-0.030604445585785234
-0.09005064848859767
-0.09083077618326707
-0.009866109116124289
-0.4017364954961584
0.29743475313251255
-0.20097279430782067
0.36966986928642154
0.058509498051001474
0.15068454466596992
-0.2198732123078958
-0.06573249730862596
0.0886104740711704
-0.18603555991306808
-0.0365670980635916
-0.3237831327489119
-0.1727244110204481
0.0805064098436099
0.2478875418488906
-0.5819719325745216
0.37120599742778637
0.04310769040401041
-0.4955374803425884
0.21544229591097608
-0.3992997267282441
0.3988427685575944
-0.12372167377576893
-0.0590412183017599
-0.321610749170273
-0.3398616408209838
0.06640695833220711
-0.3310050167756142
-0.05788789225585633
0.4692899601474305
-0.012893090236033466
-0.3208975014082941
-0.022538298542029933
-0.040458426793166136
0.32957176846958736
-0.00032812512144952954
-0.17908930527059552
0.025839874904472815
0.11521339599540026
-0.020155280191913927
-0.29051881717274664
-0.24436296392948098
-0.16353755733793285
0.09988785329177197
0.11897845941784668
-0.34420919560038143
0.2321661751666182
-0.009856217057555572
0.04788760042670703
0.10270333677745813
-0.2356681930306357
0.45759959210525913
0.23070981626172404
-0.1354684340550386
0.042475880036039415
0.25375243824856497
0.050359456469865505
-0.35967829112604854
-0.44468967193662
0.21396788806571587
-0.2583251677182815
0.2228312186951864
-0.16429380943849758
0.3076329919660934
0.16039953799334827
-0.2509762999081475
-0.3890252293112838
-0.5155412451317707
-0.7075677454160669
0.18050724276399377
0.2605565500710241
0.48782495787272695
-0.05309918061971719
0.09301694043700381
-0.3423252698396775
-0.3021719466226258
-0.06741043185970108
-0.049025066588195276
-0.22197925974486943
0.16564067786330483
-0.3854253153939595
0.10888338094824523
0.283990882828169
0.04096959498713737
0.061735808000448866
-0.01770915193218947
0.12894817026994332
0.22025044955829798
0.2795347425924233
0.025678829249024204
0.22274504054727218
-0.15111476586151606
-0.017393288223258585
0.07543161716174729
-0.07534409483374338
-0.2962636730817414
-0.007592204987036388
0.009575974494076434
0.1598693027361462
0.26820029487271335
-0.20343443425668817
-0.17797524878210724
-0.36013032111555077
0.33825262632736597
0.06080408440671792
-0.02707064717034291
-0.4755814720457531
-0.09514503356512605
0.378960955330381
-0.2535338310737354
0.11897844583706063
-0.013837569432116892
0.2230405736595964
0.1640773678923273
-0.1307929537156467
-0.16967941493128003
0.028779578009207052
-0.5366048444253375
0.011858364533664734
0.20057697271351338
-0.25273673395070617
-0.18308736550023663
-0.07991480488045533
0.8196110186369807
0.4946967097034076
-0.30915131663492934
-0.083383921865679
0.29111958738736443
0.059843918643424976
0.5445130613449396
0.5405868365708593
-0.02644336034328587
-0.775939491585532
-0.10236635708576802
0.017191989877717306
-0.4157516540773598
-0.2106098995667922
-0.44196460223352296
-0.16270213543686884
0.03679156642045789
-0.36923482217991954
-0.11272517900636747
0.10253138514574234
0.5157301817411073
-0.12276919109957929
-0.34081652484020264
-0.13463220624209793
-0.10183392290576976
-0.13096152887515178
0.12189711639868328
0.23682520973826748
-0.43810020139655736
-0.12311861810268332
-0.1818192834921506
0.0027746327956585937
-0.5281391947365804
-0.2288799389029358
-0.16378670097623882
-0.6494645411271001
0.07038861420411258
0.021236774016321736
0.129296384872442
0.5073463753177982
-0.524515488529047
-0.031766958170534765
0.08200163380554293
0.13128919595946087
-0.38975950996092945
0.5597013363935381
0.09870536608187264
0.02306100674131395
0.15248789674332364
0.3243502858382665
0.05626997544912493
0.021052751554813343
0.1358727576039933
-0.38631401802312737
0.09702050941330254
-0.21922126837998657
0.021441458956345416
-0.3260358259823998
-0.12486275222164067
0.15878459205446638
0.18908377011916944
0.5485331100126116
-0.33285106868406844
0.5695961998476087
0.4842638767603247
-0.030983515476639467
-0.2621511271136302
0.11737904076910355
-0.28844937105935664
0.14459438654397005
0.11840338464487865
-0.35878865333707577
-0.18583633612660533
0.35001760212634303
-0.5589578624478637
-0.044941331650902194
-0.19705459322294727
0.039216287612017675
-0.3423288451584541
-0.07190503157312311
-0.1728474979503608
-0.26382401711652703
-0.15858350186629733
-0.2294182699171785
0.03086044627637219
-0.06097632710852985
0.39864623257445375
0.1234154682143751
0.1151075261637482
-0.46386853784704973
-0.09810669304738351
-0.3517080412327175
-0.31416167330355116
0.19008974909553666
0.4287408213827093
-0.24872348437085856
0.14420545401188622
0.009171167803676328
0.08728464945787584
-0.18645505331331746
0.18569096734782753
-0.3060292645803526
-0.18737989734284666
-0.12163806194421534
-0.06108831387871538
0.280068480061221
-0.520184915279134
-0.24745225024188833
0.25135241131452335
0.17439426872848163
-0.5369216340021981
0.34026025463740517
0.024981165535737704
-0.32225251403909494
-0.13554727772051778
0.20129630817103816
-0.2547595727927049
0.28784047411200864
0.011774260776610257
-0.1854967530792354
-0.20409171903359902
-0.010505033775276229
-0.5753918954454688
0.16870266825652114
0.10124232420586576
-0.2600938961807029
-0.3502039470576669
0.20745520614520152
-0.3523177503859587
-0.4413412411361307
-0.16523241000942612
-0.4398207881757996
0.4423136279167994
-0.6485170751903421
-0.05716186168894155
0.22615357307670725
0.2403090207885803
-0.09965229618081328
-0.30163488890593304
-0.33368694269066335
0.0935505058339785
0.12078092115873629
0.14443889999350512
-0.46085281950241674
0.7130790103028983
0.08559673570656368
-0.042111546217980966
-0.3471607108268753
-0.31181273344651506
0.107464766693816
0.048858111318381914
0.35047335692202575
-0.12592622910919404
-0.022258984824204076
-0.468843333494817
-0.028894051738463156
0.10501697681235944
-0.06181148043057316
-0.04389946646667653
-0.3957652413941877
-0.3288737006584571
0.3052170835400645
-0.24609363280156638
-0.2579538577624393
0.008227267211496248
-0.09346732420843773
-0.18920875447379415
0.04527804606508501
0.32259678078344556
0.27943458512010944
-0.2309085611882712
-0.22445571724417868
0.019967519467954054
-0.4283781984097791
0.11695165578820532
0.19712112004636917
-0.402596428078987
0.12415550378005769
-0.136713947715993
-0.12143868890112786
-0.01987487353539008
0.14385141020397452
0.039854988782542344
0.010479206110371564
-0.2527949584626813
-0.27051124831594264
-0.35408816915337005
-0.05064062476986797
-0.03547436664692105
-0.18934245207135747
-0.4224875854407184
-0.020556441821782845
-0.0014824454552159194
-0.27623030166431617
-0.2171763488069519
0.09175872209726399
0.42337152623398056
-0.2140152773674352
-0.001796811816488053
0.21358322644806238
-0.39848144244707207
-0.23344088624142734
0.07188775548675741
-0.3072774481470356
-0.3392532823269977
0.14341027381689408
-0.6802671638233391
-0.16986129075891243
0.2156794606936534
-0.024344234860870118
-0.13668948262755032
0.5294145068700336
-0.5327098799736599
-0.2952166093750611
-0.012758966865050514
0.17712281481895698
-0.12340436249375442
-0.27511580485067133
0.41932631491725325
-0.27673167874877
-0.05534369096581526
-0.2204763365138479
-0.3275524482284682
0.1438219016534812
0.0036729507713910703
0.15468621707851882
-0.26851217843720165
0.09602471826557335
0.24007362667058674
-0.3375838153702446
0.2973788604138423
-0.2176645187871068
-0.3262634821605407
-0.022153445474308642
0.12664183797062356
0.40237135614554553
-0.288757458665555
-0.401850053440197
0.2773510026086603
0.15396757478281464
0.10560929889599047
-0.39666479100415497
-0.3437906018502126
-0.11845623210729472
-0.24315392754991227
-0.3831710273357366
-0.1234927326494869
-0.2644231498739896
0.04590565805621427
-0.054311938624555633
-0.026202722750485075
-0.48767697618793093
0.26461780421763637
0.42195654491446666
0.08179316009761384
0.1288474751269042
-0.4852682836816211
-0.049444049944971535
-0.15302487479728255
0.20082497739776328
0.24719436144713902
0.26681286097147483
0.05370782284344067
0.27196904840498504
0.20426815082697747
0.4325058619672968
-0.008729701058487804
0.008942575750927384
-0.23944359798321413
0.099833308696617
0.1260094009249162
-0.20097934212996815
0.16549170099966615
0.24568132706222778
0.12231606045762611
0.46638218960270916
-0.0737138093106584
0.1692666204186617
-0.015628637462170025
-0.324234634186904
-0.6169949185870529
-0.026572730382649956
-0.24453730435106857
-0.18684792309686327
-0.27479868408980657
0.24202386787724683
-0.26959834623231826
-0.1768056797861205
-0.05040624058260934
-0.06937492571954873
-0.08864264224615581
-0.3487418216321636
0.6075256490554444
0.32684138419345654
-0.2856413841972679
0.02049860341008647
0.09863473024567337
-0.03398453526698397
-0.3317722835612099
-0.0841076226381271
-0.24525923997579113
0.012300449601429175
-0.1617318319475638
-0.0286670068870456
0.030582043112278745
0.2230759690465849
0.029806975680713332
-0.02814969705975856
0.2761826487828536
0.2763764944098397
-0.03544487803144303
-0.12482631352321505
0.011421054540496467
0.21282502260694502
-0.15526752863968818
-0.10381466543206552
0.5677205708783295
-0.13518643848774003
-0.20893213442093572
-0.0004557087688673578
-0.01380183774360877
0.018306375898436977
-0.6504189967691214
0.6969877584897755
-0.28721269063413213
-0.04611392121627245
-0.023701297837004698
-0.01049797141790898
-0.2831353115078189
0.2872879016962986
-0.2137697721973899
-0.20126104000264888
0.07219512815404405
0.4917912213470934
-3.426825758690022e-05
0.10818022576362041
0.3882794579636204
-0.10301201482822075
0.11019653875830038
0.20093528033164554
-0.196417570612888
0.48840979159323994
-0.05487873099903262
0.1896790166713851
0.19292708254998536
-0.28842862365921074
-0.31454178211669914
0.08974418368168147
-0.032998570092814705
0.3444826641006882
0.354041629682021
0.18838580083709133
-0.06177138464718024
0.12850229436749072
-0.29903823496534754
-0.11566537168670332
-0.6025653824899668
-0.08559506343559864
0.15161736961050165
-0.407324918489018
-0.17401350133935012
0.24410184205793795
-0.2859584787628767
0.1371956407752144
0.32996686969263656
0.21620673852209826
-0.37887210098201984
0.6928789338471628
-0.1682813778155322
0.10424294321519634
-0.5656517665052088
0.17440681159927895
-0.043805895866896205
0.2619930910242718
-0.09539212828722887
-0.23803502840767155
0.3473892112253474
-0.2406928738833456
-0.004356894517270726
-0.06629786804507698
-0.31864414453475365
-0.3130637063639472
0.3673870904444254
-0.2222981625571533
0.21610333584549135
-0.15136775750496345
-0.387619031695546
0.18955329660229903
0.042416511322659556
0.1965441287583456
-0.448517935334768
-0.7908787677306276
-0.06013538247053207
-0.22274252566546204
0.18083794055656033
-0.04087853149110865
-0.01602780046804697
0.07562824587485495
-0.03312750041565993
0.2607746426462292
-0.07706542413286199
0.010376418181184288
0.06852796090620528
-0.2834618713826441
0.22973887353085654
0.05666092557554747
0.35124743585078133
-0.40261597838602825
0.1576003979114171
-0.1438255125372636
-0.40030423351784816
0.24202926682151116
0.10918184477532344
0.20370155282810676
0.46479785697969667
0.21539847690636993
-0.1089497497568751
-0.0064569241385555864
-0.1000085393729262
-0.12514896237197348
-0.22578477000050123
-0.1093025980366994
0.2935895842937617
-0.17460617573938586
0.133541138677981
0.5051745072265157
-0.5352131318695577
-0.028706194553955844
-0.23743536227492434
-0.17840545415250664
0.2644878995614337
0.024412069185691943
-0.005326630157424961
-0.20465389226441222
-0.23559438498182983
-0.3470407326891157
-0.6123174493971683
-0.09698762183908682
0.11280805320017007
-0.3101568125017944
0.5682719283199043
0.007140579795227309
0.045376049324453493
0.08249535067660951
-0.3188844269454538
-0.12604121026748671
-0.08762138894727778
0.5385146004773775
-0.005576922296937403
0.14538378573799426
0.2717343255705398
0.0739787229160831
0.02409844999192945
-0.10130309477779076
-0.06818210144747539
0.3724386983875294
-0.22498380959555941
-0.016370427791662312
0.43052500660484405
-0.23013296209833745
-0.1626021087214944
0.029578789236182512
-0.01535169093872879
0.19752403756072257
0.0834632767359218
0.25308246654757127
0.04124441727427208
0.37734105908297
0.016863733668995184
0.21272461202289117
0.31911617571034845
0.5197565002893649
0.03826979893374438
0.08996390831578327
-0.14967413965269505
0.013221150451869335
0.4993330310066506
0.0323077719812781
0.11951485320644184
-0.1466433363735069
0.5936577084575818
0.778919386404505
-0.17580657437890224
0.09663607311243805
-0.24797352437828768
-0.1594008219834897
0.06098498872644109
-0.023344731184431144
0.014070974018669524
0.05553579482809701
0.2094521496302919
0.08288315599592666
-0.33139659943012645
0.3116050920323232
-0.043337194548610736
0.05702726709304029
0.058979583192130924
0.34677739694309984
0.07373817559772222
-0.027346940910767725
-0.18390472014413406
-0.21182013913787212
-0.10329387709866644
0.23075564693285866
0.5964495994505719
0.1593670567637424
-0.2537913534097028
0.30164312541624816
0.11408042457825673
-0.02110228203488551
0.42616753753345216
0.3264024123633338
-0.27648656243963965
0.2606944450919999
0.2227857950693124
0.5207961374623633
-0.3462723447924556
-0.012536760060055996
-0.27642785861838104
0.3386197083798663
0.043451590819746366
-0.3711567496519118
0.13284752156153035
-0.05809513075598716
-0.3923182374642652
-0.26337026234088823
-0.0006957642235387862
-0.1066243312705144
0.14826342518079305
0.15298593545077566
0.009779918095892182
0.5211659110516078
-0.10699193981518684
0.04464656649624055
0.20262856907076587
-0.39745617104819075
-0.025630254485737303
-0.002229423727606039
0.3238691554967792
-0.565083859053712
0.06331177812113209
-0.05331735940674509
0.2515215300045175
0.5378030471805202
0.18694379973096908
-0.1577901816425208
-0.4634700090102434
-0.05155630064571659
0.008006947200767334
-0.25085232366980104
-0.06558542047522031
-0.32587821490833613
-0.11290139141552125
0.26707012373883976
0.013376017542378937
-0.2054561935060929
-0.6405529256933835
0.06561272543063468
0.28244127609660263
0.1416210360525998
-0.024743713264272826
0.1445330369561839
0.38833870362191547
-0.20713076162207056
-0.22185703311655902
0.07386915726306409
0.07795654796191087
-0.08932381522154964
-0.13307269164422963
-0.3652578194746694
0.13310552432640144
-0.23315606561526114
0.18428814896910772
-0.08292244090171697
0.21286381265109777
0.15406099568396625
-0.16349833523143054
-0.05961782517740066
-0.23857845121479493
0.00615967500955783
0.27735004153108545
-0.05417185010721692
0.3186070123927569
0.0643413854415622
-0.33918233768746475
-0.5347495892969003
0.011784934542686587
0.29376677512342875
-0.2824855650086182
0.2341845439085981
-0.17836170742185642
-0.32929839810770944
0.27011599894836436
0.1083696467836881
-0.1663911056403503
-0.32738850757133164
-0.4296034586011739
0.09421618803681486
0.1722650465224107
0.09111234946752145
-0.10221881376958408
0.482068580761303
-0.11600839144125918
0.11634081051068423
-0.021509228087453258
-0.07273154432682605
0.1897248645322689
0.020079126924650748
-0.2050705788604389
0.028648548436157606
-0.5269315519325392
0.1260498977069382
-0.30527571250628827
0.0844590047164897
-0.24233324341144258
0.4974544995231671
-0.23949527606908483
-0.7315269538587492
-0.07467700023126689
0.22377937367621947
0.265941107492188
-0.2540917541797486
0.21747253552715295
-0.12071650771200981
-0.13705239285337711
0.3761408567649369
0.028664884253873035
-0.71080533842164
0.05514017858847753
0.32038117419499734
-0.25566309521339836
-0.29151731265196157
-0.16651347909180303
-0.3147256829562963
0.2550615360978552
0.008220784790211377
0.4597439862404682
-0.42647836197478894
0.059719142248817914
0.34198810137484803
-0.27457062221852957
0.20391847220802184
-0.15320032836478015
0.04574412972068309
-0.338407455994048
-0.45158767501308905
-0.36807326441199517
0.014902945963412462
-0.1975280872548142
0.3974322194382114
-0.315792726856305
-0.10266055562772414
-0.5550416310430282
-0.049999447909111705
0.262203502841432
0.2278104570782733
0.02191973273082981
0.16654845454315526
-0.3006614913896912
-0.28432952501606235
0.31233387126618406
-0.11247189942160307
-0.33724783811361225
0.37524988179782115
-0.1934882583065769
-0.03298733231404738
0.10364015818258876
0.24616008969247338
-0.1469556682859342
-0.002223076367148691
-0.15690677090877614
0.255475725401596
0.5736213960754202
-0.08203455558915129
0.08289134852623548
-0.29283378503465496
-0.0318808192633091
0.21149765665299647
0.2864495660631394
0.05956267866609655
0.1852835736644889
-0.0799479629078017
-0.25840507102290855
-0.07431027174847538
-0.3928399297412758
0.024580600742291736
-0.18689291915222594
0.20679936494232298
-0.02075553667865171
0.18105103634609465
0.3587347321290719
0.4161575795548995
-0.25347359774740563
-0.27109235143389243
-0.2735308261086098
-0.002150876819839387
-0.14305622473110913
-0.02161415790603205
-0.22300782534989605
-0.5706980571354454
0.21620824344600287
0.2876558063929373
0.012251746422649035
-0.2705965623009233
0.3254710156733256
0.32933542498977353
-0.3551333171702272
0.11760727324180742
-0.1585199957285761
-0.37509163901910003
0.1093311207587142
-0.23951368062365297
-0.583591124674604
0.04318870233961003
-0.26461399946896613
-0.18972956771871874
0.2539363200884821
-0.2626965042839047
-0.03576478321066845
0.14020209979720155
-0.2738410684102971
0.38457104718299884
-0.41298299137874095
-0.012458459737383576
0.04196497991924941
-0.01938469454755143
-0.48402099394576814
0.23170660856779368
-0.12252345066801817
-0.11913856280850077
0.3151643421560484
-0.24877680619971276
-0.22921239882582112
0.16174716185877758
-0.31154617790786
0.12775098588970213
-0.6913391157740589
-0.20232955311784462
-0.09160847708198983
-0.04519195564993972
-0.000363254591419393
0.025379946280474686
-0.2983342932312878
0.630432092430345
-0.027176416859920893
-0.03962911449511386
0.7418728780486104
0.24032281885633622
-0.18138167175742514
-0.615328669162689
-0.09635139384186808
0.07322655945555923
-0.2605009213031576
0.141091719706266
0.20427345918494444
0.1294007336884937
-0.006423672957627913
0.34614105584747734
0.363757072515591
0.228820034656825
-0.645591339838698
0.24446993084679902
-0.1473189257421611
0.06918395068195049
0.2305235227155169
-0.07706314858604346
0.6180160522805935
-0.43340111140542215
-0.09227580825961934
0.2462609768653683
0.42079986339987197
-0.20637728550837486
-0.16038754022552448
-0.10365343536177685
-0.2701260891264169
-0.4312845158585432
0.05142324784166474
-0.6476946993727497
-0.6632154671472212
-0.13067229999059415
0.11175276230750364
-0.1984375908062671
-0.11570175665637916
0.14039728041182387
-0.24571171540637127
0.11166581210840842
-0.09950800750999611
-0.030045619172992533
0.3873183642657063
0.23233584986177713
0.33205353917896163
-0.30296470640648043
-0.07480396879727713
-0.21318153784329807
-0.8127317939415669
0.036154127219046206
0.26013113990888437
-0.4572262026564371
0.07022141837680462
0.2981244056779835
-0.12753028138571643
0.09868028728564959
-0.08759353391696512
-0.12084242535159229
-0.04881481011316269
-0.25845956729581987
0.0013420555391914224
0.3617662698151525
0.33955957365188993
0.2122434303807912
0.07610466423898066
0.14169711093980664
0.16932049853014353
-0.20625463238569453
-0.04744720719523521
-0.36044304860071397
0.11507893122977908
0.14468226188147892
0.1042994136648343
-0.47860439893373574
-0.005449555398167161
0.18601241987323225
0.07037602550817867
-0.03977997199846717
-0.17035209894858727
-0.19160956314935196
-0.1166986072418642
-0.5120188860621154
0.06223645091174834
0.24838102029374687
-0.051900666874300394
0.3327273930326371
0.06359103073594263
-0.08211643124632328
-0.06008231827958466
-0.06594319289845973
-0.15984892241567383
0.3152658554731549
0.06795682311668494
-0.10674944180734158
-0.015233879339835776
0.3152718158295007
-0.4245549724422246
0.4036016856756395
0.14292626878510872
0.0892215912545058
-0.04768446516080027
0.10286613775289521
-0.10763220531011364
0.1789684980260049
-0.09879332074918279
0.1092303212671566
0.4087925343436194
0.03924245877836152
-0.28984301824154257
0.4325885388051993
-0.22194567571123747
0.04984000726671778
0.014464448067370128
-0.29253929533213374
0.08997529773088986
0.4953684965048817
0.2890596716551175
-0.12148247183231753
0.07660352248850599
-0.29458651102846634
-0.2896094717608889
0.35639554373904714
-0.3149933434805665
0.16267814906061195
-0.04364608589723018
-0.05666839251617384
-0.2625222686330231
-0.03876255384572225
0.07952692288644747
-0.5692305920397102
-0.20222155130373853
0.29062501208962455
-0.20249901804412818
0.22845348411094912
0.40505901126562116
-0.1662894485376829
0.14745580080010612
0.010590377184308775
0.16452737814513974
0.13228631505175104
-0.20694967130156638
0.030505399343965456
0.1324127274899498
0.16013047715698225
0.5401387962132389
0.06904175422463665
0.019689948955676995
-0.19156223834720887
-0.031882260885379377
-0.09026280783788831
0.039377653004053714
0.06440618020673039
0.1777642842267697
-0.26546950223285826
0.6327391503009401
-0.4650285926384323
-0.10266957632226703
-0.22168823652571856
-0.16815998297949797
-0.08833429159156592
0.09621494007969944
-0.36165137138694026
-0.13327667126079734
0.3380325725723303
0.32077561238868113
0.10388055975292376
-0.6813465118751773
-0.17889138922385472
-0.16948520317572424
0.08031441513598381
-0.4668339288327923
-0.10456562003964454
-0.23297464967247905
-0.07209922548645076
-0.20085949547783077
0.061108638546476746
0.09117188943474774
-0.2535840923704126
-0.2626141719155053
-0.07574798710898012
0.5692435928085307
0.26060151372424256
-0.05934447051875513
-0.30121598096195445
-0.35393164409097033
-0.1121773373520566
-0.02029672112731362
0.1858805276704516
-0.5438405425967019
-0.15434373012537117
-0.12501963475110967
-0.25236406457834126
0.3545881782346403
-0.1668271091312279
-0.027571390036693844
-0.05968846344079248
-0.014050431034452138
0.0989030280017349
-0.1411736602517143
-0.06489399037680632
-0.7514262962324526
0.1893394101667083
-0.2627216416275818
-0.6448186145737433
-0.4101456678309312
0.1125697141277282
0.14894239673041354
0.46427643365349347
-0.2655455726789021
-0.5630305771212359
-0.2000499476315123
0.058206829318157016
-0.6954147846326728
0.16407526976405817
-0.5148039408560929
0.17704342542866325
-0.17647132163618484
0.07034089327175508
0.22616535201828647
0.02625984500867906
0.40963289706795303
0.04442176467168557
0.019263125663653735
-0.25829541413843715
-0.22249506170242883
-0.9873794477462583
-0.1033363310599632
-0.4735149657411747
0.11159367857440583
-0.2971856034666758
-0.02016947000038538
0.3159013736880558
0.150848605715596
0.16356065756250193
-0.11573105071757572
0.3448484819964299
-0.0326341119358321
-0.20374131144404717
-0.042915820853660525
-0.06980498979435712
-0.09714594547490107
0.13273734183168862
-0.04899127915599777
-0.5225023723772896
-0.1424152161976684
0.11697202403798723
0.46587002568843117
-0.06823756079583476
0.08021485326878142
0.09534084107901397
-0.3467936595559237
0.24883878851701113
0.23551473335998185
-0.11540746144756697
0.09554899656672533
-0.6027034496956832
-0.16201201020832934
-0.31269781637875216
-0.2729190480566519
-0.10995235635305178
-0.08130037729476935
0.11414917093978172
-0.38256453468706575
-0.01375790026312651
0.29658461613871534
-0.57425822527409
0.3448366843338768
-0.022138194703134717
-0.1865051353565198
-0.09233113057794273
0.02589640533236448
-0.11900677107176594
0.053876106180107186
-0.24922427267799374
-0.26191424722791345
-0.01825943146134057
-0.5682239648238121
-0.015147462570676562
0.07938515626974252
0.29584252257447785
-0.33424988108980336
-0.20071330873910076
0.14258096923574914
0.36717366035844945
-0.0524246584126693
0.3683857352509248
0.02451211345181159
0.13737085432552076
0.12983165207681058
-0.14250457046194653
0.10908749558537556
0.05671337338488369
-0.1299849652109526
0.27157980134588056
-0.624195775903549
0.03560845856693984
0.035919096788501914
0.18618148253415567
-0.11710958404838401
-0.2877161173929077
0.0722444643229132
0.4994108099566381
-0.35148466233395437
-0.2502538124966355
0.09006793600633967
-0.1374702209678712
-0.03459372783167591
-0.14057925232980673
-0.12667182948508493
0.24358143238258
-0.06764180054418611
-0.26077336969687726
-0.07072117923748555
0.001780499640159583
0.05207545749724618
0.04034678747030496
0.1521245136985121
-0.3513570257392574
-0.03687469583179204
0.5264740598989344
0.27180978700386627
0.07658506873710458
-0.07106263559949455
-0.3086428501380686
0.20313616526863987
-0.18337179222324507
-0.028579814190283992
-0.20618222180800228
0.17375146680692222
0.11607148074530849
-0.13958087084456894
0.0315288259115869
-0.2133776077950601
-0.35325766889164756
-0.08553942689929772
-0.10558337539166995
0.1339810934530854
-0.21110585514358715
-0.039886062112498455
0.2606285391627441
-0.06466089122150809
0.44073765295907275
0.009324126930424947
-0.7302676723373656
-0.011392417836814328
0.31186952821523883
0.13036657688326536
0.052440059037691666
-0.12711929931886812
-0.010961141857673606
0.0598584279525296
-0.49980388120640284
-0.12606379535081502
-0.2953050945548349
0.12556838613140453
0.11882854658819486
-0.08516393776336895
0.20254932749222165
-0.2704652093731813
-0.06570522137849966
0.16710817296134484
-0.19182178180761367
-0.6072089508889256
-0.12122202422551276
-0.14151553185953958
0.17877051465100013
0.01026121501668631
0.19606484300067994
0.04795659406777175
-0.17937704338625693
0.4261064119820448
0.03807411855680498
-0.6347899000301633
-0.10557902384235884
0.03144549051243262
-0.7775813144259351
-0.4085081034311434
0.42145041428424324
-0.0807963264518532
-0.2651464667655681
0.11526046531850342
0.4204969179893301
0.21980775456810386
0.015283995909571413
0.28425980822938324
0.14707954085091401
0.3615185806553527
-0.07741916832498252
-0.28215396266630555
0.3439105814149499
0.4620578100714583
0.35373426974882927
0.268657331660612
0.15781452234493965
0.025246283048151907
0.10230242786467669
-0.1323248532307324
0.2858780913343595
-0.05879359965959485
-0.19437856567671263
-0.467995563969948
-0.5974425741820226
-0.031048028111760995
-0.02779778568940272
0.07293866017593942
0.3085617761213324
0.394126292501366
-0.0012577675078956352
-0.1998501031604265
-0.03794219232512552
-0.0791229533443697
0.16648446495063096
0.1777649779142998
0.25954314787397115
-0.16908447261299275
-0.14516918468383988
-0.2542337864790677
0.08863697476802179
0.2635275599911884
0.4481803162316458
-0.31942072502104846
-0.6808960197351582
0.134635657994161
0.39563236213387554
-0.40900940468171065
-0.40619303038516696
-0.06473265965338626
-0.24252094647926603
0.027417722016491286
-0.20561350171503534
0.5084593989120103
0.5114791691656955
-0.08441645183083135
0.13254001985100672
-0.4113379239818544
0.276946191107319
-0.06348713575809184
0.1587617744746448
0.4521373743025596
-0.12796579910570793
0.21744937718954538
0.07999137151368552
-0.07887408959193964
0.27499666975087145
-0.11567238882526287
0.302856037723529
0.1097668831547558
-0.13093995025473582
-0.43753255455320794
0.010043412789662476
0.018121658308677624
-0.5318118598279005
-0.013633705423929388
-0.5405369444266914
0.02470958279029256
-0.3231318190886927
-0.11334257033395967
-0.5913318170204365
0.4266415227274043
0.03651104035062702
-0.1730102973961647
-0.2733234641566815
-0.19552832781836982
0.26109565843585103
-0.08672331474626738
-0.2532042021082499
-0.35446449880647346
-0.21972055318554318
-0.38369269292934793
-0.25047811799880537
-0.3524752823911954
0.14461412924903372
-0.154589668366656
0.03778111715755883
-0.24913107084899466
-0.28902477663810655
-0.003039310741490109
-0.5014877151122582
0.44544327157937835
-0.3721104999740037
0.14828388967134765
-0.051724550089894517
0.0933876502644182
0.5214230984349499
0.18907013300860798
-0.17486945767886286
-0.2680056851354127
0.05683620781619547
-0.07718145967236878
0.04101844591630677
-0.15061753732669958
0.1506134692354748
-0.031203579157186856
-0.42657867751062306
0.04036949102671428
-0.22560817271768063
-0.46532774097443397
-0.07402598834897633
0.3643641631130947
-0.22229053244874075
-0.6290423791608344
0.14342658382014095
-0.10397921588587256
0.48398129027911185
-0.3313585245473417
-0.42318593749053834
0.22198439087270883
-0.1494532623529542
-0.28823170011034305
-0.17474952593965898
0.30590913611116854
-0.27019788872071926
-0.21703637987284718
-0.07599300445762125
0.2262960532618581
-0.5111970546149198
-0.048813595442315894
0.0759166963241884
-0.20906059556129808
0.007524569001446713
0.07888525255961465
0.04492599098441974
0.09331142504621814
0.07851015023887986
0.3590647684533592
0.15947872271996477
0.11331905500015327
-0.7165935893779596
-0.04534905177396287
-0.40719544746577874
0.07251417338918542
-0.08728850446761882
0.5975021790022905
-0.09833899806630586
-0.07847416817722863
-0.3633945955858233
-0.27010119429866997
-0.3705008683298616
-0.330006649979962
0.2533386929242809
0.15185704133673172
0.126733710170309
-0.4255113051308753
0.38261216395473086
-0.41598937664595625
0.15543130919681958
0.2590584894481327
-0.27177446320299836
0.1623250428809495
-0.15187015809412863
0.0818354627832032
-0.3534357876176537
-0.15468917453803233
0.5132815960846713
0.3596102267752854
0.270047137085468
-0.4042615739895913
-0.38146840238931146
-0.26474145891693956
-0.1216524236397889
0.3035507157189805
0.2814285120499018
0.17317093590147614
0.05261787270229723
-0.2520143658518461
0.36061992191568915
-0.6900758162381182
0.036158666019602936
0.41059792874198076
-0.09904416367889257
-0.6052717397541622
0.345291933520844
0.18299107037480988
-0.11335860037916479
-0.6279895934435661
-0.2575929576462752
0.05946556136309589
-0.5745736032048958
-0.6101345363302719
-0.2942255343052882
-0.10397285644764487
0.22730105301307768
0.5554079186540319
0.0574461676007505
0.1635994183642666
-0.020759697080610318
0.7843458925504523
-0.1802083185383213
-0.2466437665830592
0.08576569222196317
0.3033713335535999
-0.09394717638222627
0.04582223586446932
0.19221613617640143
0.38763022679797565
-0.3039643411036148
0.3260189525627699
-0.040926608501019035
-0.5787011254298425
-0.036771087674529745
-0.11863773717963766
-1.0
-0.11060832854301395
-0.4332230410237262
0.18494039332911116
0.03536709017018014
0.06992793706961686
-0.1972877903022806
0.016013674404258715
0.31744872910126687
0.18221668023235105
0.06366435991280484
-0.5929886102674939
0.22826272976536166
0.38191801553465665
-0.108375434471776
-0.007542898762293859
-0.05045235546070015
-0.04836343323021153
-0.023208429046505663
-0.1175634236149864
-0.1866732745598393
0.2189878990765468
0.1934663651586157
-0.24834654806312728
0.2851453261374919
0.19214008104911162
0.1103086655134553
-0.049929770891188885
0.4050964522525893
0.08860703908896439
0.6298213848495477
0.21491182832460365
-0.4131371724478061
0.4094043233675133
-0.31690887591586936
0.2428566566192938
-0.20793399372487276
0.2360481495943927
0.17623369455976112
-0.15223148017171972
0.1529054421775613
0.1805590335835483
0.0538299698758955
0.0028837752783099635
-0.19842165826277613
0.3223988542234979
0.22875301004640924
0.06875998795103277
-0.08693530191189103
-0.01665267572666551
0.26076643258457666
-0.24902382246870503
-0.13302899163481996
-0.3818121321291208
-0.4240222431570484
-0.1785921119983196
-0.5630324012532735
0.40344167306458156
-0.4321117982244894
0.20665301120828494
0.4957049086701648
-0.11472760276413474
0.1919333790852995
0.25728976465769593
0.10605159193142599
0.2563847550041847
-0.0631335699512574
-0.2668495108952267
-0.07265662216678936
-0.01697030337468386
0.10776177031885292
-0.22806438557941144
-0.47708192496178325
0.28951014876541414
0.3547394089138358
-0.19855539180442483
-0.16547608209763554
-0.021880023710947438
0.3821871798673342
0.10279001928715759
0.015829820790056237
0.3519755891193921
-0.1825150012471547
-0.5190377611413365
0.32527062523155936
-0.2439273669235782
0.09515432889210906
0.25224779443299705
0.18861118904872765
0.0908198687822066
0.05912908849156384
0.24936065614458403
-0.11504358085276722
-0.2576633281543298
0.14396473335206084
-0.08853453419177126
-0.23538829574229025
-0.2062708696191201
0.2557314847375791
-0.35381663862345025
0.020390549784966794
-0.09311388561714518
0.2745389366532842
0.26414873768900105
-0.0009957672622997737
0.05755749380540709
-0.2342900869416955
-0.12476930139745201
-0.26474604187163464
0.3526957759101197
-0.12132934742499502
-0.13526354509283367
-0.1936315223772288
-0.22022359831021165
0.07689423830275066
0.04013303693000969
0.1810236981760105
-0.4142696320210405
0.07288899555025163
0.13667704178315687
0.34178022715392364
-0.235486753466413
0.5222449834922265
-0.4145551879146854
-0.05589309221692129
-0.22290412314706354
-0.4243993082566081
-0.2059004303958144
0.11283965757922187
0.06782519892570105
-0.4508638922996797
0.12627471652437294
-0.38971587101516225
0.1274479976995213
-0.5614444696771028
-0.4201996721483523
0.11259543183849807
-0.2265490846902266
-0.36141209350880477
0.1636465738903894
0.036341011624254405
0.0343983845341731
-0.656380483397542
-0.08035542719639233
0.45996900476971025
0.04227859799046341
-0.15941266083340644
-0.0291114619988756
0.16538183736668377
0.0007309365841097204
0.1761805386929325
0.1075644599214074
-0.09877555875612054
0.47374237789100104
-0.16501462959114277
0.2597083617452165
-0.6239109732504751
-0.2519684849676188
-0.17171409497056356
-0.48022656011182097
0.35394187368447594
-0.4438059069394843
-0.6018126305350837
0.1872771534175699
0.04283860770086889
0.3269386797602376
0.3295067451891933
-0.32268853848297285
0.050696386361282375
0.08636710256847291
0.026392253328680226
0.10747042089162484
0.1641945119545407
0.1992102923688659
0.02998683197123997
-0.13681652068973926
-0.12316885140878564
-0.3798954384357478
-0.05205620221328211
-0.10986048247348246
0.2803732915226387
-0.004021174034228747
-0.31420714193991206
-0.05286967564618705
-0.15230546362775055
-0.4952056742892528
-0.3348180723803712
0.07984854466013913
0.40505490729820526
-0.09598894367277389
0.09097017293431198
0.08792597290582504
0.1466375240512774
0.32062802987670724
0.15747502121779977
0.3419860212221195
-0.04813653015756614
-0.13057507547767433
0.2320118483850464
-0.36698958099567613
0.11556630558138536
0.34210002868010747
0.2447701921469847
-0.1879901270517239
-0.3031094916739807
-0.2732110024074874
-0.20466285131869955
0.2650517266576533
-0.22797413168122105
0.1505050420077516
0.006979891942826777
-0.1709686143311876
0.3461255009027433
0.24297663110587986
-0.08061845830066205
-0.03970882422179489
0.2534653990302187
-0.14688713963603928
0.3684006607273951
0.4134995118905196
0.0018046147063757179
-0.2502951165628893
-0.2646309601569582
-0.4310626418489213
0.04904521072154622
0.263121859426682
0.22140400159623796
-0.23666096671280878
-0.03394671308427499
0.008771313216255905
-0.6814649412607756
0.5963708610283855
-0.06549008768507891
-0.3562819578640638
-0.3107203543181324
0.05470741778269805
-0.15348014765775353
0.16901126433939684
-0.15010911475448308
-0.09119164365993082
-0.2202934205654694
-0.018427135941991746
-0.0689064239086884
0.036080408299076216
0.06719531100047482
-0.2727261265820604
-0.03701403011558402
0.17442996240440523
0.22675965049412827
0.3431388606621655
-0.08549948700921317
-0.5435823212010716
-0.11086623653257799
-0.08157673806770249
0.7684312442853316
0.06497102143915723
0.04716734347148366
0.2135635238839113
-0.4604030641927427
-0.4516050127705211
-0.2214579524300775
-0.3354201882904041
0.4276039479280769
-0.12066524660555589
-0.15949866341430796
0.16069812166514885
-0.04321489358736863
-0.1956738826540967
0.4170510777226055
-0.14381233660748072
0.5713628971262725
0.4014870959496797
-0.2052710303730444
0.22010223142206153
0.20328516510028716
-0.2222840835963854
-0.06001939526748512
-0.07944718109158766
0.2947318754654529
-0.5521277431219771
0.1329818334268047
-0.4959509963549571
-0.053997126286792985
-0.13708449627023545
0.19549881377206324
0.25859305621463125
0.10442968830970512
0.02496830054131305
-0.11883322634311955
-0.07354323568956445
0.22622560640312894
0.05207832543838764
-0.7304483663069237
-0.3555381750388934
-0.062113716235130734
-0.17078619491681302
-0.23709475834155747
-0.019018741525766547
-0.29730450814470655
0.08393662876517394
-0.38786228783046683
0.014818729102814343
0.11232521897889458
0.05957325585515849
0.3517151659541946
0.29041276952462947
-0.03341460735325863
0.1376537105476925
-0.05449649464506012
0.24309459236475828
-0.09484291094454134
0.06265564886762309
0.33087038105269406
-0.14735139645419815
-0.05927719315044844
0.0651208686957645
0.2565843607924134
0.11631370515379125
0.1461054073973176
0.18044608200665335
-0.5399396196188656
0.19926448196561153
0.017829432114203847
0.5259827676113535
-0.2254167027828906
0.02406830466097265
-0.17706341182447594
-0.37658268069765266
-0.2380152003398347
-0.3438523587169695
-0.43391232037513805
0.29250112766704683
-0.07249137366818159
-0.3155431393916506
-0.046283067147089074
-0.27512085872754266
0.3390902401529252
-0.01284403904531295
0.39714825509619556
-0.26032691495260996
0.3245418862427334
-0.15104016289618594
-0.16899003174236205
0.1949247823599065
-0.010220499476135791
0.020664207197411688
-0.34587299102932245
-0.22711936724038295
-0.12842347298223233
-0.28479611340645394
-0.20700262432420158
0.058575841294459474
0.20969573925538065
-0.04305185503476905
0.026282569703890646
-0.19714454761453715
0.07373065734423112
0.14448251906571752
0.2799339405500343
-0.2745733821670301
-0.05222161019300209
-0.07913622454322156
-0.15477021311658778
0.06166571532720155
-0.028552619943814195
-0.6504557246256901
0.19601367590593655
0.013278510162853197
-0.0012294332539248831
-0.2493605247955768
0.26156404829893143
-0.433642119902534
0.10735402561975227
0.021635041500861707
-0.23761417197830714
0.24672118121284758
0.46878401016928084
0.08600402914176941
-0.31291794972222275
0.14924775939358126
0.12023096068804251
0.06274966353000089
0.677460218225364
0.2245951346693662
-0.03213041946966244
0.00876720467005132
0.028123213760328225
-0.07104235971644002
0.1395429837972162
-0.2864808716079039
0.42430506863410455
-0.19257687485772224
0.05709978869979926
-0.24283826409955633
-0.22675352128056026
0.04106383497933197
0.15629183661019264
0.08597367021289681
-0.021893317561404557
-0.23948721529689876
0.4077208247809474
-0.06727386435122784
0.044130845972548904
0.0802916453989122
0.21511158029676247
-0.32763113962203405
-0.5962457038866652
-0.41643703619604866
0.35793154299404906
-0.027069464890026373
0.04376923051623338
-0.14379155006494626
0.1865077552046499
0.02460704191198837
-0.27830992745313066
0.315237448017365
0.23352223701702424
-0.19255025581239293
0.3350031170599379
-0.3090277679954557
0.4736283974808848
0.22010934642552438
0.10286913031828049
-0.02124037745896734
0.02303038676373359
-0.25652056179814264
0.020161107721273774
0.18209449529859567
0.2985433873857186
-0.40862194286048004
-0.06185960137938473
-0.03164031549681212
0.34687767819748694
0.26475614714726525
0.5017598484124566
-0.25333159785854864
0.09977874459952396
0.09675572773109442
0.054553549248107513
0.42499450148994544
0.1408830708078288
0.18576542274636565
-0.012634399513416716
-0.3414335184453323
0.24444105699841523
-0.44255801049015964
0.14187918386816434
0.33915290119840047
0.45682312330585995
0.08896618647531995
0.6172250449226497
-0.47696805308498813
-0.15571432698650867
-0.17752348665830286
-0.3395619089548363
0.06244531298914291
-0.16220714438806016
0.08970872416609343
-0.016137931103930803
-0.030603914624367068
-0.31252847652315696
0.4042334923069111
-0.23619507793334893
0.26090614821474123
0.2813026686316755
-0.38389678817488426
-0.2842172754917587
0.6122479004163885
-0.3289196400485802
-0.013826702603508045
0.06822024245002933
-0.2690842299084075
0.5053254920851584
-0.27642572246869745
0.08856410932853187
-0.1694435544852818
0.12189981686567375
-0.20610245043983522
-0.4323628316305689
0.44413701546685425
-0.34845197167447794
0.1929146344216479
-0.04199773904602966
-0.07555661399395586
0.055206238144372755
0.022274323661462647
0.1336283938848668
0.014360808821553883
0.11816688939442344
-0.4493309032358661
0.19701609262128783
-0.04851038329261159
-0.2000371338567858
0.009768220519807302
-0.3838624882664947
0.17747763120623006
0.2451405077641009
-0.4599392745985347
-0.28468165680039004
0.46117538796085733
-0.24822988373010335
0.40989466384801365
-0.28414724865776064
-0.3202953927530995
0.39078474786247286
0.5440280069860437
-0.16015492525499486
-0.013466822207132911
-0.09821035565371605
0.0175432749929596
0.28682258565619523
-0.059590582550102744
0.11140309713803553
-0.07131482608965845
-0.4678227460836226
-0.10381597990494262
-0.14726775880190457
0.15380946155096376
-0.01689150100533232
-0.6210493575996727
-0.11120209115879165
0.1919790562752226
-0.17786656286891378
-0.003122938514524276
0.008912593454354134
0.04884362464817826
0.30506206290860405
0.176027336921726
0.05321275228179667
-0.02352747231094965
0.1297445415980354
0.21848726667594676
0.21067398061965137
-0.3437783422311408
0.4357504166500381
-0.34902079914723305
-0.144231744120224
-0.5614293871852363
0.1328141996999992
-0.5989720591420579
-0.21502401562291074
0.018465636770888638
-0.004810850384253551
0.09302962535640447
-0.409569810964473
-0.14035131035793424
0.06132698863405417
0.031003484454922736
-0.19670082897882146
0.3032904208458438
0.06191688894862235
0.0796301875018437
-0.15654932986235592
-0.16339125470018367
0.12349606443466232
-0.03811770400850523
-0.2284887895406862
0.08279627607310647
-0.01048579337598543
0.1193468393976489
0.5274162127403281
-0.6243872351120398
0.19653624703591555
0.3341818638495675
0.0979348521012664
-0.6200214847747988
-0.33571690504009943
-0.14424810135366528
0.07125603972329975
-0.008570303848081773
-0.6119408301741995
-0.009909237983736663
0.09149594756892565
-0.23635688595086823
-0.09849911068357575
-0.5926009858044747
-0.9792811911046431
0.09555161551649527
0.2646187574226049
-0.19337105194627635
-0.11173384935363972
0.2319932491694603
-0.2010289071953354
-0.150348261874251
-0.18206665537200017
0.14253601497139012
-0.0781095961638637
-0.09700828275741546
-0.06686581553833737
-0.4610773084697315
0.17572418014615931
0.297521568647773
0.1589057273178256
0.02024660478035023
-0.13470660559917658
0.31705611124835276
0.009604351766747454
-0.28973392719992486
-0.07142779997883408
0.10965314322997521
-0.23828968609368206
0.4598912635129626
-0.15251053828098737
-0.1351569982978249
-0.455359405891515
0.32628754651228653
-0.44704522162051474
0.11333731776312828
-0.431072260534506
0.13071879381995122
-0.17188282295752533
-0.3530299004327556
0.09555948225205801
-0.6083167953146001
-0.3369281070112786
0.12270061132727106
-0.19958966554378743
-0.42391285371448717
0.04280001478685591
-0.430511920873238
0.07071994876858034
-0.11621559458323216
-0.20912170761417515
0.11482297253821305
0.026151761891140213
0.10949988205831818
-0.5280257505018907
0.23870569194891966
-0.22570321056377318
0.5392312575480367
0.053359811793538325
-0.36624629373790807
-0.059060900011741024
0.10411444696755434
-0.36330262887758624
0.4408508757676637
0.18088033237324197
0.49760764941748836
-0.08393795505423862
-0.1948750716098384
-0.3341965133855046
0.2666528934941983
-0.0038528805029847124
0.01015385572126215
-0.2675072920972469
-0.13716661653199547
0.13643456870122828
0.2360991038383382
-0.24298538003543046
-0.20179663261262237
-0.16918625575951995
0.03523854384743963
-0.31925639897034563
0.031688242466135774
-0.07259800152503448
0.4322504602654518
0.09569258652471113
0.03383971466433011
-0.16557427271184944
0.057158436383469846
0.31217894620283126
-0.09791463238815479
-0.07114904686610268
0.08173378858913072
-0.3246080712463295
0.44153725153329204
-0.16045726596300158
0.18510350398509323
0.02745271401065108
-0.005112932398149139
-0.3263528842928829
0.03471556730448211
-0.18833700055233626
0.20541559232687256
-0.09199410515583972
-0.20834893792761444
0.1832662808482315
-0.14806194783982451
0.15582036366266827
-0.18441271464260311
0.34816872530455156
-0.17333171961922522
-0.3846516037132254
-0.13618117875080182
-0.621661744213573
0.20434260374964808
-0.22198625709331254
0.12974342162109598
-0.2798080950994899
0.12642768144964434
-0.17675499424530627
-0.1934938586878966
-0.3202508431222302
0.3175420186401159
-0.32033723263006864
-0.08771813025790409
-0.5679802942005654
0.0047358742959500155
-0.49737088111551186
-0.2339392375128252
0.43349947109463205
0.2175768162242233
0.01691058974497639
-0.3137886959879098
0.03389897014984933
-0.008583722580732589
