-0.998005913403336
-0.9920138912299205
-0.9681655471073718
-0.8746720373076029
-0.5300874352632425
0.4380228895628262
0.6162709064558456
0.24041915751352683
0.8843970301762771
-0.5643167995227466
0.3631019484067244
0.7363131813156187
-0.08431524859615025
0.9857841593328531
-0.9435409002564572
-0.7805224121072165
-0.2184175506683952
0.9045913201888631
-0.6365714106467615
0.1895638110347082
0.9281311856856378
-0.722855382977391
-0.04502804224495116
0.9959468459229264
-0.9838202636839277
-0.9357872413766475
-0.7513792501465115
-0.12912922340465005
0.966654037743482
-0.8688402465763458
-0.509751964754068
0.48031379936836727
0.5385962301316112
0.41982704552257544
0.6474895597896324
0.16151337246007835
0.9478270998636686
-0.7967527112310144
-0.26961651116648144
0.8546182865154577
-0.46074553564143605
0.575434246052972
0.33774967724706073
0.7718496358840847
-0.1915046864183334
0.9266553625617497
-0.7173807163737653
-0.02925852427282838
0.9982896238927363
-0.9931643564489234
-0.9727332770419073
-0.8924029344453603
-0.5927506950236396
0.2973025719699429
0.8232218553611266
-0.3553892616697485
0.7474025165999196
-0.117222066992545
0.9725205969785382
-0.8915927802060621
-0.5898600895332506
0.3041394434516864
0.8149978615480729
-0.3284438707097188
0.7842544431284957
-0.23011099602997176
0.8941017747494884
-0.5988365112233924
0.2827991182430052
0.8400488779426543
-0.41136499235259416
0.6615640721311029
0.12466480082348741
0.9689178629150612
-0.8776038270324056
-0.5403619799526165
0.41602630150290376
0.653843299252842
0.14497671734262685
0.9579638510419688
-0.8353897156155854
-0.3957378895154119
0.6867891994682187
0.05664006257672427
0.9935848075278806
-0.9744215771788334
-0.8989776587354276
-0.6163062164623676
0.24034305995190008
0.8844702002462916
-0.5645756554928807
0.3625175117651467
0.7371613405682367
-0.0868147289779555
0.9849287126534616
-0.9401692255712043
-0.767819973565948
-0.17908236105163566
0.9358623239268613
-0.751676927992103
-0.13002407049934994
0.9661902422628152
-0.8670473602080658
-0.5035275052565509
0.4929279314505277
0.51404300948136
0.4715184393312335
0.5553396607545089
0.3831945529895058
0.7063230328395993
0.002214446067864362
0.9999916530189641
-0.9999666122646209
-0.9998486897357671
-0.999377045973076
-0.9974912124434562
-0.9899597348302759
-0.9600230278663768
-0.8432716006764174
-0.4221997526947263
0.6435012867137431
0.17181101784293373
0.9409621210744585
-0.7708197503486838
-0.18831345169191205
0.9290795029133267
-0.7263778281476632
-0.05523766223091464
0.9938995946918601
-0.9756728445010601
-0.9038578084138659
-0.6339023218568873
0.19634577662780983
0.9228966937327199
-0.703477027119583
0.010251535118423138
0.9997912019799104
-0.9991648963487938
-0.9966432376211826
-0.9865778032643956
-0.9466540779913855
-0.7922913667493026
-0.2554380571990198
0.8695070295538203
-0.5120855954811288
0.47554465468479523
0.5477134932776875
0.400018694638238
0.6799691997048998
0.07528263807737368
0.9886659023473963
-0.9549205990848155
-0.8237299913514727
-0.3570483796296803
0.7450385039108993
-0.11016577308889997
0.9757295532948569
-0.9040964616865217
-0.6347652649507782
0.19415621652930026
0.9246067620157477
-0.7097957330495763
-0.007608452613673489
0.9998857710903768
-0.9995431111342236
-0.9981551105078631
-0.9926095305905801
-0.970529772720799
-0.8838390086515631
-0.562327675277074
0.36758398583726626
0.7297632423332954
-0.06510983925783675
0.9915235074825104
-0.9662377814365778
-0.8672139293667633
-0.5041052505272001
0.49176363077168905
0.5163359654453452
0.46679320922130585
0.5642071468145546
0.36333941629017374
0.7359681674966938
-0.08329933447003346
0.9861247130954518
-0.9448839802829269
-0.7855949928850281
-0.23430596091137434
0.8902054007749796
-0.5849318719905763
0.31571861754195707
0.8006429230325527
-0.28205906661605207
0.8408899398886602
-0.41419253670538403
0.6568955134607366
0.13697540859015134
0.9624758774324684
-0.8527198410301089
-0.4542478197470906
0.5873248780811637
0.31009779220481604
0.8076781563829538
-0.304688873547837
0.8143342539309395
-0.3262813984129759
0.787086063957626
-0.23900986926690837
0.8857525904522259
-0.5691158828191509
0.35222315557852046
0.7518769675606969
-0.13063896213854642
0.9658696898711654
-0.865808709080694
-0.49923472389512047
0.501537139481554
0.4969198830349224
0.5061401541698745
0.48764316971558697
0.5244071873313974
0.4499930618832344
0.595011470892749
0.29192151503818975
0.8295631764008156
-0.3763509214116165
0.7167258388094413
-0.027392939354089818
0.998500982774295
-0.9940084340611972
-0.9760879132600175
-0.9054780285629374
-0.6397653305303126
0.18141083497917343
0.9341803305213272
-0.7453861375073683
-0.11118877589423115
0.9752766714070791
-0.9023293134395046
-0.6283808599869336
0.21028497292380655
0.911560400209884
-0.6618851922064009
0.12382658549379921
0.9693344473964638
-0.8792187164233114
-0.5460360927876422
0.4036977070208978
0.6740554237270848
0.09129742791888851
0.9833302903637933
-0.9338770165351029
-0.7442363353223664
-0.10776325643383011
0.9767766843288066
-0.908185515605542
-0.6495862112333265
0.15608588056368222
0.9512746700527643
-0.8098472666891899
-0.3116916641917771
0.8057015803438112
-0.29831094413570525
0.8220259493695292
-0.35145414219590576
0.7529654875525453
-0.13391506187664348
0.9641363146436595
-0.859117869251382
-0.4761524538279659
0.5465650683696874
0.4025320890497821
0.6759349390023215
0.08622277498895481
0.9851320356010762
-0.940970341529054
-0.7708339771500365
-0.18835731700590908
0.9290464578621023
-0.7262550245735075
-0.054880887629303876
0.9939781662360303
-0.9759852252934993
-0.9050771221162996
-0.6383136129991294
0.1851216275714891
0.9314600557376533
-0.7352360419122261
-0.08113206394147132
0.9868374258575785
-0.9476962867969745
-0.796239960143557
-0.2679829043163783
0.8563747176828711
-0.4667560118784735
0.564284888669105
0.36316395412166336
0.7362231158251771
-0.08404999937022517
0.9858734741500019
-0.9438930962284073
-0.7818518973612949
-0.2225718306996164
0.9009273838802856
-0.6233408159951432
0.22290234609636972
0.9006289564888585
-0.6222655498054446
0.22558104345582053
0.8982262390473617
-0.6136212789484883
0.24694756860997624
0.8780335350585289
-0.5418863894165681
0.41272674793827924
0.6593123384756081
0.1306133225460946
0.9658807663994693
-0.865851503197917
-0.49938293270683987
0.5012411340207021
0.4975135391569414
0.5049594502886428
0.4900307898208556
0.5197385553983696
0.4597425315828503
0.5772725707422548
0.3335115778019857
0.7775393963735822
-0.20913597670281225
0.9125279477648756
-0.6654149721797694
0.11445649643874356
0.9737999814854579
-0.8965729579265453
-0.6076707457340425
0.26148213949167043
0.8632538454048
-0.4904150744624888
0.518993725119471
0.4612898909802299
0.5744222311988425
0.340077021292819
0.7686945550280484
-0.18178361140103583
0.9339127764631754
-0.7443865070467431
-0.10821035156401793
0.9765835675174097
-0.9074310632755928
-0.6468466357551176
0.16318918122067383
0.9467388102395962
-0.7926290439811623
-0.25650843331313555
0.8684110925252688
-0.5082763021990357
0.4833183075315288
0.5328057438127429
0.4322349279779243
0.6263449582146268
0.2153828076169635
0.9072204030363464
-0.646098204991051
0.1651245268020658
0.9454679967857813
-0.7878197667560191
-0.24130689933666938
0.8835460148970737
-0.561307710011614
0.3698761064248193
0.7263825395668606
-0.055264253520342366
0.9938937181729206
-0.9756494819252209
-0.9037666331270728
-0.6335727025326479
0.19718133913045066
0.9222390557421101
-0.7010501675261933
0.017068668931166986
0.9994186518405801
-0.9976752867332223
-0.9906942481900072
-0.9629326441990358
-0.8544616598875111
-0.46019498413275317
0.5764482877960844
0.33541356294097713
0.774994817544304
-0.20123489195694655
0.919012603618268
-0.6891687621848502
0.05010395039702176
0.9949802420992344
-0.979971393870129
-0.9206705746358222
-0.6952526838511376
0.033258643504064045
0.9977889182676452
-0.9911654638905956
-0.9648003999278286
-0.8616626855256745
-0.4849105395381731
0.5297310643087054
0.4387688513984094
0.6149627983184414
0.24364033086766312
0.8812785340568026
-0.5533043077878839
0.3877173459271095
0.6993496686928384
0.0218189706910219
0.999049154973636
-0.9961984337301317
-0.984804966315848
-0.9396642391749502
-0.765921404422657
-0.17325857135609313
0.9399661760012248
-0.7670731528266315
-0.1767897961290985
0.9374940175769564
-0.7577904071541521
-0.14848014210596028
0.9559102568349052
-0.8275290849035148
-0.36959487487951015
0.7268050305298739
-0.05649216996052031
0.9936192749945003
-0.9745585647587843
-0.8995116276888919
-0.618226879496838
0.23560085039378498
0.8889842771800034
-0.5805866562336356
0.32584740041730686
0.7876463153785274
-0.24077435981923767
0.8840594629096927
-0.5631228548940503
0.3657941288797757
0.7323885323566814
-0.07278697909783283
0.9894062771835617
-0.9578496245530548
-0.8349350292737695
-0.39421895147861286
0.6891889680842986
0.05003600725640944
0.9949938502987417
-0.9800255537194945
-0.9208828796480587
-0.6960346211293436
0.031082859683185804
0.998068922958359
-0.9922831613564147
-0.9692341645982104
-0.878812690931839
-0.5446084905440935
0.4068116961269008
0.6690075798472432
0.10485656729985027
0.9780108309043762
-0.9130104973471715
-0.6671605783685258
0.10980422490152941
0.9758866586230894
-0.9047096794237071
-0.6369836353132967
0.1885138369729218
0.9289251355201564
-0.7258041982343472
-0.05357164339072196
0.9942621352603316
-0.9771144209538782
-0.9094879590550264
-0.6543210159656466
0.14373847608636492
0.9586788575207854
-0.8381305357316884
-0.40491146716597104
0.6720996972104134
0.09656284833453088
0.981351924253723
-0.9261033063105544
-0.7153186152660638
-0.023349822694383793
0.9989112631615014
-0.9956474297792182
-0.982609949451285
-0.9310272727910623
-0.7336074013004446
-0.07634765994253345
0.9883442710316284
-0.9536488641677002
-0.8188756317532675
-0.341100885010827
0.7673057431599712
-0.1775171839676556
0.936978588767506
-0.7558580953593785
-0.14263049920474258
0.9593159788729699
-0.8405745232734015
-0.41311688359708665
0.6586752932205049
0.13229255752392288
0.9649977932539047
-0.862441680143073
-0.4875966587211482
0.5245065670162965
0.44978458033532265
0.5953866454272339
0.2910283008932457
0.8306045785226859
-0.3798087223101937
0.711496589878672
-0.01245588697043698
0.9996912937230042
-0.998765367318227
-0.995046784794394
-0.9802185626424665
-0.9216395643451153
-0.6988230211652946
0.023304071033126927
0.9989151177907589
-0.9956628315164971
-0.9826712883624852
-0.9312683677767856
-0.7345053761180219
-0.07898429881751579
0.987525188917185
-0.9504120702007941
-0.8065496002224446
-0.30103105743870373
0.8187654292899198
-0.34075448635953376
0.7677781258975196
-0.17896747703703197
0.9359445910077786
-0.7519849037649333
-0.13095024716625614
0.9657068356298595
-0.8651795791032808
-0.497056704297026
0.5058769885905234
0.48817582623709255
0.523367633743631
0.45217149920324706
0.591080848193557
0.3012456782282329
0.8185015591065761
-0.33989043533265106
0.7689543377581911
-0.18258252000659336
0.9333305952368989
-0.7422123618499181
-0.10174623121270965
0.9792978693031895
-0.9180487530445374
-0.6856111547473306
0.05988573711851086
0.9928283718585103
-0.9714163940154731
-0.8872825296836155
-0.5745253880919405
0.3398501824373228
0.7690030237185908
-0.18273227374721357
0.9332211824580379
-0.7418039131558953
-0.10053395030740608
0.9797882975250003
-0.9199703325796627
-0.6926749112621462
0.04041411755185931
0.9967345315606493
-0.9869594720660778
-0.9481605442409247
-0.7980002807992659
-0.2735956159653409
0.8502953418880335
-0.44600505737541096
0.6021658910373735
0.27479129521899437
0.8489790867172775
-0.4415317047327654
0.6101063517653571
0.2555392956690279
0.869399030728369
-0.5117099962877139
0.4763137221000655
0.54624940534223
0.4032220115506324
0.6748231212209512
0.08922636740780332
0.9840780573978152
-0.9368193384979341
-0.7552446503971015
-0.14077655477966522
0.9603668003746666
-0.844609005558087
-0.4267144836350908
0.6358361164380304
0.1914236914126073
0.9267139920519367
-0.7175980402910362
-0.029882230443901814
0.9982158567976163
-0.992869804064371
-0.9715633017918206
-0.8878534039195747
-0.5765521342615476
0.3351843337845566
0.7753022596227721
-0.2021881442711838
0.9182434870446128
-0.6863426375934963
0.05787862971260793
0.9933011194002739
-0.9732942669341996
-0.8945863249480366
-0.6005540375108964
0.278679179149685
0.8446754101871354
-0.42695383823938304
0.6354274611892596
0.19246270826421008
0.9259162568995067
-0.7146422275960946
-0.02141542009448294
0.9990844333449316
-0.9963394153189975
-0.9853667852884171
-0.9418779857318867
-0.7742518691792459
-0.19891912076414886
0.9208659064639615
-0.695988457565038
0.031211380291422897
0.9980529096889761
-0.9922192325775111
-0.9689804324753605
-0.8778291222164766
-0.5411529562035642
0.4143154095997972
0.6566845537542256
0.1375296333437337
0.9621715986578239
-0.8515485839106927
-0.45025557187037424
0.5945468193897123
0.29302697516915477
0.8282698968995983
-0.3720628427335073
0.7231442911835027
-0.045876403667943544
0.9957926143779496
-0.9832058864793646
-0.9333702637222107
-0.7423438812027026
-0.10213672435215515
0.9791386435696583
-0.9174250869576273
-0.6833217231834452
0.06615384986957995
0.9912482613526452
-0.9651462825196006
-0.8629977474344325
-0.48951556753946845
0.5207566194002908
0.45762394901776693
0.5811596084370088
0.32450583751160944
0.7893913003951099
-0.24627816897016608
0.878698243299489
-0.544221814858191
0.40765373798712234
0.6676359494661654
0.10852332765967598
0.9764459782490278
-0.9068936322297398
-0.644896498907396
0.16822729702693984
0.9433993486577159
-0.7800049735059693
-0.21680260702473775
0.9059970126989652
-0.6416616652113369
0.17655084089888162
0.9376597440598238
-0.7584119316015534
-0.1503648432532193
0.9547838107682203
-0.823224503194257
-0.3553833582955087
0.7474109084299867
-0.11724715541472464
0.9725088323192093
-0.8915470150536907
-0.5896968792148016
0.30452447231437785
0.814529153512511
-0.3269163273874581
0.7862566043416248
-0.23639982314782004
0.8882342405338468
-0.5779207014047543
0.3320244104511525
0.7795189290412214
-0.2153004671128862
0.9072951531017728
-0.6463694749641631
0.164423316460522
0.9459301660145734
-0.789568056451567
-0.2468223251542937
0.8781616027515433
-0.5423362126089563
0.4117513385985512
0.6609207484385098
0.1263663718766419
0.9680635562106139
-0.8742942792666282
-0.5287660713289408
0.44082112914326843
0.6113524675684507
0.2524951375917357
0.8724921205652763
-0.5224856355169188
0.4540256622362644
0.5877203696070852
0.3091683512557042
0.8088293030019484
-0.3084105441922521
0.8097707956607265
-0.31145834149623364
0.8059923672736768
-0.29924826231951596
0.820905755619096
-0.3477733422114152
0.7581128688422312
-0.14947124294380087
0.9553196680878326
-0.8252715862388018
-0.36213253192696016
0.7377257255579539
-0.08847953607304893
0.9843450673263632
-0.9378705140151944
-0.7591858826276905
-0.15271392045800647
0.9533599260697669
-0.8177905573181135
-0.3375490985097075
0.7721265334773857
-0.1923597322842382
0.9259989292161612
-0.7149484314345842
-0.022290906429811685
0.9990079128201905
-0.996033625621359
-0.9841482982136691
-0.9370783569690239
-0.7562153927365877
-0.14371101181595913
0.958697199531473
-0.838200872698566
-0.40514728180216253
0.6717176533001228
0.09758964239849677
0.9809532073600307
-0.9245385001469317
-0.7095268591850342
-0.006845220325128798
0.9999078272500861
-0.9996313265376482
-0.9985078243782561
-0.9940180236691907
-0.9761260418225761
-0.9056268978972465
-0.6403045631822735
0.1800303339097935
0.9351782789292662
-0.7491171794599552
-0.12234081063771529
0.9700681295995328
-0.8820645227190338
-0.5560605722788391
0.3816019869830818
0.7087590159119221
-0.004679781887899415
0.9999577211993145
-0.9998308886225621
-0.9993058533495235
-0.9972066311703217
-0.9888244342551753
-0.95553002496526
-0.826058533429474
-0.36473153451739493
0.7339475194383254
-0.07735897394902791
0.9880333898202402
-0.9524200285912786
-0.8141911694686095
-0.32580090355482294
0.7877127017577537
-0.2409835243970726
0.8838579321441498
-0.5624102762490297
0.36739817836246047
0.7300363733326818
-0.06590727178852884
0.9913145607250287
-0.9654091674772409
-0.8640127693189954
-0.49302145249006357
0.5138673525266779
0.47187955876270804
0.5546583013712543
0.38470716849713527
0.7039999478978229
0.008767042610935638
0.999847680827276
-0.9993907706130428
-0.9975460768558587
-0.9901786466301271
-0.9608899740281193
-0.846602236959928
-0.4334563916958093
0.6242378333178007
0.22065307509928833
0.9026243217702252
-0.6294618388666977
0.20756558980423434
0.9138330074850631
-0.6701819863643601
0.10172296660348668
0.979305529486076
-0.9180787595220035
-0.6857213455107368
0.05958352286530788
0.9929005849016856
-0.9717031846573205
-0.8883970600345543
-0.5784834611392731
0.33072286486649083
0.7812441257962899
-0.2206857092218777
0.902599436074252
-0.629371990478964
0.20779179654917646
0.9136450928867441
-0.6694951676106908
0.1035631844804017
0.9785499734484473
-0.9151202246677306
-0.6748742457467314
0.08910034953655677
0.9841230030571955
-0.9369962624313083
-0.755907692025285
-0.1427804552947225
0.9592303822999628
-0.8402460817412559
-0.41201278801020647
0.6604973207304388
0.12748542154500675
0.9674954028440739
-0.8720948936821281
-0.5210841529452763
0.45695072870683817
0.5823910303569455
0.32164019365629004
0.7930945609492617
-0.25799887342271355
0.8668774267842467
-0.5029536031691939
0.4940831652966611
0.5117625504093954
0.4761970574614638
0.5464716542076435
0.4027362993427772
0.6756060502186758
0.08711178796407193
0.9848238354950627
-0.9397560620686833
-0.7662665499511488
-0.17431622001947544
0.9392309640880252
-0.7643099402730525
-0.16832677801279694
0.9433353764375931
-0.7797635766128144
-0.2160495653911868
0.9066489150126864
-0.6440249984039579
0.17047387244110368
0.9418774988968797
-0.7742667649852479
-0.19896525332747217
0.9208291961573549
-0.6958532393555952
0.03158778238181603
0.9980056310488166
-0.9920304909890896
-0.9682314160340489
-0.874927132557793
-0.5309800585704723
0.4361286373490034
0.619582637954152
0.2322335281716783
0.8921349936250613
-0.5918102462371307
0.29953059317233466
0.8205623315227366
-0.3466459039444256
0.7596786826978223
-0.1542243973436519
0.9524326964471206
-0.8142563474131159
-0.32601317991420875
0.7874359752257805
-0.2401117543039477
0.8846967302496365
-0.5653771933200124
0.36070612568441063
0.7397814214201797
-0.09455414250790717
0.9821214143814117
-0.929125048662706
-0.7265305911256696
-0.055681560465346336
0.9938011253043586
-0.9752813897302445
-0.902330396857382
-0.6283847703640266
0.2102751441398425
0.9115686674556518
-0.6619153366804116
0.12374677551557878
0.9693739656081357
-0.8793719447861289
-0.5465750213682493
0.40252003745138754
0.6759543433673791
0.08617030990446262
0.9851501252356181
-0.9410416247943958
-0.7711022874408158
-0.18918474629611692
0.9284216887997074
-0.7239340503487418
-0.0481492302250075
0.9953652282294174
-0.9815039024189152
-0.9266824940977647
-0.7174648239959527
-0.029499885525906433
0.998261262134432
-0.9930511052287802
-0.9722833970634919
-0.890652896798128
-0.5865099039965628
0.3120215000066626
0.805284596683274
-0.29696743557770267
0.8236254547136581
-0.35671859335113
0.745509280347433
-0.11156920162528305
0.9751071896799945
-0.9016682055302254
-0.6259956006288059
0.21626895597867923
0.9064553829909572
-0.6433232118013266
0.1722807469757357
0.9406388582463483
-0.7696032486714882
-0.18456562204097093
0.9318744337829381
-0.7367802896848668
-0.0856783492858667
0.9853207363726859
-0.9417139923700457
-0.7736340797601847
-0.1970065982058219
0.9223803176122785
-0.7015713156171164
0.015606731953036412
0.9995142032244084
-0.998057287769201
-0.9922189829770849
-0.9689794418479943
-0.877825282647311
-0.541139474374517
0.41434459193512896
0.6566361892059429
0.1376566696321384
0.9621016804952214
-0.8512795009814308
-0.44933917371306464
0.5961955790841085
0.28910047891017077
0.832841357396298
-0.3872502360918576
0.7000805385928162
0.019773368938524216
0.999219335236964
-0.99687856444044
-0.9875160559920018
-0.9503584538465121
-0.8063457766812197
-0.30037356958724637
0.8195562529963494
-0.34334573104431043
0.764232819925905
-0.16810459063897842
0.9434848755156215
-0.7803277316290337
-0.21780982054159082
0.9051215298606872
-0.6384904627668442
0.1846700258048486
0.9317940556403606
-0.7364806936565471
-0.08479558893472305
0.9856217026861132
-0.9429003652125343
-0.7781057632610856
-0.2108842860449155
0.9110593180281683
-0.6600586299856814
0.12865577668834804
0.9668958423310383
-0.8697753277261329
-0.5130034377178476
0.4736629297775339
0.5512857918780567
0.39216678475160505
0.6924095613990533
0.04113687760946294
0.9966166419739995
-0.9864894820664833
-0.9463055527330992
-0.7909718862389212
-0.2512599143685851
0.8737410897729283
-0.5268476134859391
0.4448713978226455
0.6041778727437417
0.2699370121448259
0.8542676410637577
-0.4595471108060978
0.5776400303735678
0.3326628101621594
0.7786702542528876
-0.21265567761205195
0.9095588290728887
-0.654595002034692
0.14302123166489178
0.9590902159699222
-0.8397083145702182
-0.4102059508260797
0.6634685244702294
0.11961787972977223
0.9713836494397747
-0.8871725521685527
-0.5741350901919866
0.34074681519788363
0.7677825291422182
-0.17898099992472438
0.9359349101695948
-0.7519486610879709
-0.13084123473480813
0.9657639115024379
-0.8654000595507986
-0.4978198174613825
0.5043585942453845
0.49124370036205733
0.5173581570890244
0.46467994097481924
0.5681440562759039
0.35442348598907136
0.748767247336733
-0.12130580172979433
0.9705724713694595
-0.8840220121854679
-0.5629747208859193
0.36612775302448397
0.7319001575772426
-0.07135673672113041
0.9898185838569442
-0.9594817174119324
-0.8411935172019114
-0.41519887880767736
0.6552262255740486
0.1413560250546142
0.9600373210296009
-0.8433435403304088
-0.42244242017714484
0.643091356006602
0.17286584524388582
0.9402349651978472
-0.7680839069819668
-0.17989310842315498
0.9352802564445835
-0.7494986683818199
-0.12348421370663232
0.9695059876600334
-0.8798838938838015
-0.5483763090342184
0.3985754233934675
0.6822743798461559
0.06900220715108363
0.9904782934267629
-0.9620945552041855
-0.8512349910498347
-0.449187617062039
0.596467932152793
0.28845082776099695
0.8335917741292347
-0.3897512721138032
0.6961939576650766
0.030626830946861805
0.9981252095846285
-0.9925078790909385
-0.9701261947937105
-0.882272606207176
-0.5567948265617884
0.3799677618657955
0.71124817403894
-0.011749022709452772
0.9997255064897801
-0.9989021782771546
-0.9955933871817071
-0.9823947270756423
-0.9301814518831969
-0.7304589219568487
-0.06712855686728325
0.9909896234289881
-0.9641209202355117
-0.8590413755301822
-0.47588959869152414
0.5470655624703642
0.40143737729766693
0.6776951718572377
0.08145736860129138
0.9867302000643097
-0.9472730527023412
-0.7946359385725508
-0.2628793389311128
0.8617932326437963
-0.485375828587174
0.5288281445393228
0.4406804404170448
0.6116005025660527
0.25188846735984205
0.8731041127257182
-0.5246222154658671
0.4495512384916951
0.5958063513024783
0.2900283994673356
0.8317665819494677
-0.38367208030391886
0.7055974466960726
0.004263384801263648
0.9999650895630665
-0.9998603608964317
-0.9994237235479162
-0.9976778096834197
-0.9907043164833197
-0.9629725425658094
-0.8546153399074976
-0.46072028279899424
0.5754807849187362
0.3376425526698892
0.7719943385141173
-0.1919514826170069
0.9263127142804435
-0.7161108853759589
-0.025617964880365163
0.9986891523177526
-0.994760053662835
-0.9790774902787767
-0.9171681938689832
-0.6823791402843619
0.06872840452949691
0.9905537175844543
-0.9623933901097841
-0.8523851924864236
-0.45310660510964773
0.5893958325842197
0.3052239217388355
0.8136761741304419
-0.3241386789421614
0.7898733701411758
-0.24780079905442065
0.8771936633885578
-0.5389380616711156
0.4190999476037425
0.6487095258741586
0.15835073548205103
0.9498503485760985
-0.804431647692296
-0.29420713788052344
0.8268890537494269
-0.3674918175861529
0.7299052714685936
-0.0655244698985592
0.9914151815911787
-0.9658081748623734
-0.8655539000361487
-0.49835239571880907
0.5032975235790316
0.49338209056931204
0.5131471253822044
0.4733589270942995
0.5518615868183767
0.39089641098071337
0.6943991312087106
0.03561857494701859
0.9974638074846331
-0.9898681094521329
-0.9596602250728926
-0.8418786761595222
-0.4175052081672358
0.6513852805032316
0.15139326807146247
0.9541604620378967
-0.8208446304874714
-0.3475580578705584
0.7584122537466591
-0.15037929170023967
0.9547751203572976
-0.8231913135363089
-0.35527407103909525
0.7475662384859882
-0.1177115848435234
0.9722905937444355
-0.8906981557467459
-0.5866711471494435
0.3116431680155416
0.8057565028883167
-0.2984879547250452
0.8218146722738184
-0.3507595311452172
0.7539410085285387
-0.13685509745240887
0.9625441988437802
-0.852982880840335
-0.4551451495309342
0.5856928412967879
0.31392660866421895
0.802899590267319
-0.2892963835748972
0.8326198737897665
-0.3865124921347972
0.7012222053699155
0.016573729064544906
0.9994519580409462
-0.9978084361063793
-0.9912256398547462
-0.9650389831024988
-0.8625835344123779
-0.48808606003296706
0.5235515740917691
0.45178635762772945
0.5917771525437641
0.2995984197967154
0.8204810574240731
-0.3463791555651079
0.7600484055835164
-0.1553481522378709
0.9517369416666435
-0.8116066807819619
-0.31739724530446234
0.7985230219800787
-0.2752789257388859
0.8484475119147508
-0.43972708827178775
0.6132869922166939
0.24775694750418387
0.8772327240452493
-0.5390751196044585
0.41880444939699
0.6492047251595396
0.15706528342170922
0.9506612613344045
-0.8075139417117096
-0.3041440542341294
0.8149976545131252
-0.32844319577830483
0.7842553298266532
-0.23011377761700524
0.8940992144731408
-0.5988273546571437
0.28282105105758504
0.8400240665550873
-0.4112816225588162
0.6617012386403682
0.12430178558160199
0.9690986228013416
-0.8783044573242219
-0.542822449692542
0.4106960580556207
0.662656576857779
0.12177136719152526
0.9703439767282307
-0.8831350354234948
-0.5598398858918358
0.3731673761756158
0.7214914153604235
-0.04110079979554693
0.9966233062301988
-0.9865160489507225
-0.9464103853283116
-0.7913687204869687
-0.2525157600866079
0.8724757765614293
-0.5224285960587918
0.45414486397169584
0.5875038583440477
0.30967724985929546
0.8081994414886282
-0.30637353779209797
0.8122754065207658
-0.3195835227398732
0.7957378183435782
-0.2663982516858864
0.8580683143511756
-0.4725631554443993
0.5533754580961774
0.3875500366840674
0.6996090880166439
0.021093137203620715
0.9991114552792189
-0.9964474053953579
-0.9857971851385171
-0.9435747529853133
-0.7806501793628192
-0.21881648153249145
0.9042424727222047
-0.6353093980461308
0.19277404716116897
0.9256763766491158
-0.7137539077437847
-0.018877692086732956
0.9992889159687655
-0.9971566793624959
-0.9886251913304613
-0.9547420439569508
-0.8230480353460242
-0.3548023336678773
0.7482361709703458
-0.11971575662543621
0.9713389247094957
-0.8869987769281273
-0.5735184799185491
0.3421621144476772
0.7658494827342917
-0.17305184099453785
0.9401093593888707
-0.7676115432743318
-0.17844230439365594
0.936319988633818
-0.7533905892542029
-0.13518238799390347
0.9634542599703695
-0.8564884286049583
-0.4671303407012365
0.5635857334229111
0.36474106781981686
0.7339271323526848
-0.07729912261697514
0.9880519022063676
-0.952493192592841
-0.8144699099351271
-0.32670884521757504
0.7865278326334564
-0.2372529896720288
0.887426041653745
-0.5750505315450376
0.33864280703305516
0.7706414198735572
-0.18777736470156225
0.9294827314477976
-0.7278766768342919
-0.059597047697045435
0.9928984195823702
-0.9716945848920314
-0.8883636347052578
-0.578364684253059
0.3309976764357323
0.7808804277807886
-0.2195494269964139
0.903599885001152
-0.6329860063355526
0.19866749877612522
0.9210624577598596
-0.6967125234451209
0.029194579662162434
0.9982965802549817
-0.9931921343616926
-0.9728436300615049
-0.8928323324494203
-0.59428383845743
0.29366281065367383
0.8275238176450201
-0.3695921385697084
0.7268090757799432
-0.05650393041805635
0.9936166173371015
-0.9745480019899235
-0.8994704520107736
-0.6180787317966401
0.235967159388637
0.888638795997857
-0.5793583870690965
0.328696828422977
0.7839161505624475
-0.22904999604347842
0.8950761013338087
-0.6023229941123364
0.27442353607655057
0.8493830460393179
-0.4429038416742688
0.6076792395619148
0.2614506998893098
0.8632867271634053
-0.49052861771500966
0.5187709678774861
0.4617522304493762
0.5735687126423163
0.34203668476793503
0.7660211208856418
-0.1735776954499908
0.9397448120358383
-0.7662409533840243
-0.17423776667476465
0.9392856536410232
-0.7645154104666645
-0.16895502994475653
0.9429115876905305
-0.7781648382900389
-0.21106815830152992
0.910904149539125
-0.6594932080632351
0.13014797321891702
0.9661234598213204
-0.8667892713164976
-0.502632542911721
0.4947288675497796
0.5104855930851269
0.47880779364945525
0.5414851180248501
0.41358657509784824
0.6578913628227123
0.1343567500924021
0.963896947956727
-0.8581948566724
-0.4729822712605529
0.5525828786649258
0.389303156894776
0.6968852484575687
0.028700786277891854
0.9983537611262256
-0.9934204744367341
-0.9737508712206635
-0.8963643726252101
-0.6069227896076084
0.26329905147720223
0.8613468738538816
-0.4838375528497856
0.531809954701417
0.4343551944163324
0.6226701490780133
0.22456259053997196
0.8991431448926244
-0.6169173118831972
0.23883583645458617
0.8859146676711569
-0.5696901759375537
0.35091514855374095
0.7537163920529715
-0.13617780858049067
0.9629140357579036
-0.8544070899181588
-0.46000847947695334
0.5767915293300245
0.33462188321453
0.7760557276069167
-0.2045259394625174
0.9163418863855284
-0.6793653490139484
0.07693637469854209
0.988162429211596
-0.9529300420613727
-0.8161346661497151
-0.33213792854533997
0.7793740392529145
-0.21484873215339828
0.9076837745139359
-0.647780152543165
0.16077208677362842
0.9483049158747805
-0.7985647132418799
-0.2753979104418619
0.8483164692168248
-0.4392823916939096
0.6140687703896064
0.24583790777125714
0.879127190356638
-0.5457298411807976
0.404366411969622
0.6729747088368578
0.09420893778657935
0.9822500612749285
-0.9296304685110501
-0.7284094835472827
-0.06114887530711066
0.9925236810369484
-0.9702065586902788
-0.8825844697408138
-0.5578956088467579
0.3775137177542205
0.7149659680054758
-0.02235375714964749
0.9990023015006595
-0.9960112027070226
-0.9840589638423137
-0.9367267019468155
-0.7548975348172309
-0.1397281739813906
0.9609549404302846
-0.8468690149693011
-0.43435994776192766
0.6226696057101107
0.22456394389509082
0.8991419292297147
-0.6169129396716491
0.23884662550957936
0.8859043601287773
-0.5696536497817395
0.35099837962155567
0.7535995497212273
-0.13582557222761793
0.9631056508781981
-0.8551451978764499
-0.4625321318803539
0.5721352253115923
0.34532138950360336
0.7615055717799928
-0.15978246281393782
0.9489422173522151
-0.8009829467553323
-0.28313401985307685
0.8396748416563269
-0.4101084384363133
0.6636285046451087
0.11919326145065834
0.9715864596119994
-0.8879606592582465
-0.5769330629768918
0.33430554915090216
0.7764789379161576
-0.20584003571012344
0.9152633812710582
-0.675414562757706
0.08764119170891349
0.984638801714316
-0.9390272288868057
-0.7635279273503357
-0.16593721588800037
0.9449328384630078
-0.7857964420097652
-0.23493906763780792
0.8896112442285682
-0.582816895118148
0.3206581037503138
0.7943561543518896
-0.26200430450391343
0.8627118039898192
-0.48854398684686173
0.5226571312971566
0.45365790632217884
0.5883879824036089
0.3075979811658567
0.8107664125821652
-0.3146852069301802
0.801951448939348
-0.2862531352247929
0.8361229140460253
-0.3982038263084535
0.6828736156811761
0.067366116685454
0.9909245281348094
-0.9638628940427476
-0.8580464408569064
-0.47247283976030396
0.5535461598071865
0.387172129738218
0.700194634981683
0.019453836426192472
0.9992444067169841
-0.9969787731798369
-0.9879156574839812
-0.9519372153753748
-0.8123522828709997
-0.31981888411295845
0.795436840290779
-0.2654404352564035
0.8590871097389323
-0.4760620115972499
0.5467373077298254
0.4021554695103777
0.6765410622195347
0.08458324146282137
0.985692132470344
-0.9431780432266103
-0.7791532019326141
-0.21414653119390636
0.9082862478191711
-0.6499682967197451
0.1550928057993406
0.9518927239866097
-0.8121997836620614
-0.3193234014908193
0.7960702013377241
-0.26745643055342816
0.8569385004437906
-0.46868788264952
0.5606706057655249
0.371295770950681
0.7242781039022481
-0.04915861343362826
0.9951687961139408
-0.9807218939495265
-0.9236135580163234
-0.706108012646356
0.002834390255151975
0.9999853875428366
-0.9999415506849098
-0.9997484486136051
-0.9989761646247604
-0.9958890168737449
-0.983572202752461
-0.9348111807760733
-0.7477276374891907
-0.11818098097824015
0.9720691446155014
-0.8898370034259198
-0.5836045421762263
0.3188206607179036
0.7967061735746357
-0.26948235181280467
0.8547629350987394
-0.46124005424011105
0.5745223757754578
0.3398469001125386
0.76900748570439
-0.18274599889815524
0.9332111501281424
-0.7417664638756011
-0.10042283376541639
0.979832955618765
-0.9201453582279303
-0.6933190422074413
0.038628606688963174
0.9970168096590948
-0.9880850550825693
-0.9526066709446313
-0.8149022825123268
-0.3281178278717727
0.7846825731275304
-0.23145441286747437
0.8928616417859208
-0.5944043721355935
0.2933762588601194
0.827860253141476
-0.37070599735918297
0.7251599166039973
-0.05171487751948467
0.9946531021606952
-0.978669618722042
-0.9155711846790293
-0.6765253728689492
0.0846377155880429
0.9856736957275642
-0.9431053522024644
-0.7788789718493012
-0.2132920182058875
0.9090167411109584
-0.6526233486674939
0.14817595800480388
0.9560880976516954
-0.8282091466645121
-0.3718468690212525
0.7234656179603856
-0.046806072080495476
0.995620295331991
-0.9825195707432557
-0.9306720631738976
-0.7322848223325336
-0.07247016958889085
0.9894983117212293
-0.9582138791603629
-0.8363308907916054
-0.39888463338408975
0.6817882988172481
0.07032829654154926
0.9901087536115452
-0.9606307457962887
-0.8456060181114462
-0.4300847935015256
0.6300608096274072
0.20604557487326525
0.9150904066234675
-0.6747813539618193
0.08935109161904076
0.9840335105895157
-0.9366439925737109
-0.7545876460670611
-0.13879263524333196
0.9614760642059244
-0.8488726611900946
-0.44115523762290176
0.6107709511667296
0.253916507122363
0.8710525171055574
-0.5174656155229763
0.46446673116112347
0.5685402630810237
0.35352276167820684
0.7500425794089975
-0.12512875939396018
0.9686882945060034
-0.8767142019597427
-0.5372406287960965
0.42275340118606564
0.6425581719243427
0.17423682063321744
0.9392832181188999
-0.7645062598868019
-0.16892704725976204
0.9429304970674994
-0.7782361583918262
-0.21129016220160624
0.9107166218159712
-0.6588100001345727
0.13194931089379547
0.9651791958928131
-0.863141957561551
-0.4900134180689749
0.5197813093826369
0.45965364430018196
0.5774360161823904
0.3331341140407629
0.7780426670440521
-0.21070173303442996
0.911213239431214
-0.6606196027743587
0.12717405805121307
0.9676539883531001
-0.8727086661217808
-0.5232259642436892
0.4524773338664301
0.5905275015827163
0.30255335625492985
0.8169224038766203
-0.33472526381290535
0.7759232776886629
-0.20411482082278243
0.9166778811579677
-0.6805971175591687
0.07358608005789646
0.9891710443807982
-0.9569187733308506
-0.831370321725245
-0.3823392445726972
0.7076393618314047
-0.0015080312345391311
0.9999969452858279
-0.9999877811800602
-0.9999333629653028
-0.9997156999774246
-0.9988452059523043
-0.9953657559041541
-0.9814883233048395
-0.9266213311028312
-0.7172381181531373
-0.02884937886715022
0.9983371692462972
-0.9933542168222226
-0.9734875948801367
-0.8953390551226356
-0.6032486825419225
0.2721915850528893
0.8518230931906359
-0.45120587901077525
0.5928335036625774
0.29709569009232095
0.8234677967454012
-0.3561992391216995
0.7462497867777582
-0.11377851438970665
0.974111485815107
-0.8977865219139557
-0.6120258589304279
0.2508583839264411
0.8741398604467208
-0.5282416191974365
0.4419298202554125
0.6093950687016292
0.257274116979507
0.8676197426322034
-0.5055286897069244
0.48888934903441505
0.5219733160123143
0.4550865756422502
0.5857913886016752
0.3136957154162725
0.803189418759199
-0.290227363414452
0.8315408362009902
-0.3829211119218684
0.7067488102644577
0.0010111385582980414
0.9999994264174255
-0.9999977056737558
-0.999973060416972
-0.9998744814144623
-0.9994801977973204
-0.9979035815435687
-0.9916054033892712
-0.9665449880074615
-0.868401449377705
-0.5082273807137503
0.4834177644689388
0.532613446423033
0.43264468282791624
0.6256361799679726
0.21715756133621622
0.9056850876987823
-0.6405314487444418
0.17944913167832843
0.9355961430798656
-0.7506806365151459
-0.12703051835154666
0.9677292226145795
-0.8729998799654276
-0.5242427068860864
0.4503473386493575
0.5943735307360227
0.29343902799699895
0.8277865850784918
-0.3704620610164938
0.7255215087504321
-0.0527639868694002
0.9944338927822369
-0.9777975669545071
-0.9121589237161958
-0.664052065132507
0.11808035091291402
0.9721145961486701
-0.890013735439146
-0.5842336514872558
0.31735127597979584
0.7985757423753885
-0.27544732494035595
0.8482620303750277
-0.43909767235691033
0.6143932751143752
0.2450406243636838
0.8799099331585429
-0.548483585235688
0.39834009129105374
0.6826494601552366
0.06797829549734868
0.990758813348259
-0.9632061065375568
-0.8555151063747385
-0.46379769948033855
0.5697905791847886
0.3506762143405573
0.7540516612948691
-0.13718882432122526
0.9623612908446648
-0.8522787205984292
-0.4527436098280673
0.5900534656344931
0.3036726319595542
0.8155653309177162
-0.3302944582354096
0.7818163627175856
-0.22247458952776544
0.9010139363672411
-0.6236527406147867
0.22212441576368325
0.9013213604693902
-0.6247609018651312
0.21935754859829504
0.9037644199045616
-0.6335807546186203
0.1971609328203221
0.9222551500051821
-0.70110953899939
0.01690217349970724
0.9994299652575298
-0.9977205142819835
-0.9908747408421953
-0.9636479572336736
-0.8572178597683136
-0.46963038651473643
0.5589018834902755
0.37525619760449924
0.7183647619817777
-0.032096942982598686
0.9979413453777095
-0.9917738697860353
-0.9672132495575099
-0.8709859464333062
-0.5172182076957659
0.46497870482238834
0.5675885588902525
0.3556852792503349
0.7469752218523991
-0.11594498840658207
0.9731161287395798
-0.8939101538508811
-0.5981353932136547
0.2844775429239188
0.8381446077849619
-0.4049735315445938
0.6719991681152262
0.09683309031286558
0.9812473948383362
-0.9256930081815911
-0.7137990474070566
-0.019006569728323264
0.9992791522808524
-0.9971176526304184
-0.9884695322329953
-0.9541265420565082
-0.8206982250231298
-0.34707739926149894
0.7590800120320473
-0.15240592619814275
0.9535478729615898
-0.8185073511224522
-0.33989485986886314
0.7689483223504365
-0.1825640177984621
0.9333441070570583
-0.7422628061289969
-0.10189599676981353
0.9792368736755555
-0.9178098292751787
-0.6847338996105521
0.062290004906616625
0.9922408662777054
-0.9690839189176693
-0.8782302465824129
-0.5425617438295856
0.41126198569164485
0.6617262377291655
0.12423561664244143
0.9691315141797807
-0.8784319592663906
-0.5432704215124378
0.4097229876348214
0.6642532306034374
0.11753413766273146
0.9723719915583993
-0.8910147378648251
-0.5877992570465755
0.30899332446654615
0.8090456934622079
-0.3091107289532785
0.808906047109083
-0.3086588472650341
0.8094643585478911
-0.31046595495571816
0.8072267324943534
-0.30323086164471313
0.8161069428423058
-0.3320619228260486
0.7794750041791847
-0.21516351004272494
0.9074130616193503
-0.6467974135386118
0.16331653236720944
0.9466556476623562
-0.7923141252822342
-0.25551018332254183
0.8694333250353128
-0.5118292602520162
0.47606958136400856
0.546714436911075
0.40220548580174054
0.6764605997692776
0.08480097302955936
0.9856183702287786
-0.9428872270846774
-0.7780562121241351
-0.2107300678653553
0.911189357373587
-0.6605325574366958
0.1274040566988146
0.9675368814995864
-0.8722554185315412
-0.5216441725896512
0.4557828413101668
0.5845229729058152
0.31666460590539525
0.7994464647173052
-0.2782301896526078
0.8451804472589701
-0.428660716116548
0.6325066280485223
0.1998695546118996
0.9201043230481416
-0.6931843563862163
0.03900208880846079
0.9969588192033327
-0.9878537923123403
-0.9516927541971718
-0.8114215612357993
-0.31679634066905404
0.7992851935540186
-0.2777145314998959
0.8457537954134668
-0.43059970208816944
0.6291744698059782
0.20827779523011136
0.9132406715214896
-0.6680175062170202
0.10751593841313123
0.9768812568520542
-0.9085941129032
-0.6510708646038237
0.1522238582176132
0.9536560937410758
-0.8189201487558548
-0.341246703593857
0.7671067472743924
-0.17690650091541227
0.9374114628173964
-0.7574808428242468
-0.14754200046861154
0.95646566784283
-0.8296533912549442
-0.3766355564782079
0.7162971902110058
-0.026164413467507752
0.9986325645653031
-0.9945340061030031
-0.9781781454783836
-0.9136477195256583
-0.669488538351215
0.10358093729667295
0.9785426185349264
-0.9150914362154094
-0.6747688684700828
0.08938479097975027
0.9840214637648452
-0.936596575015753
-0.7544099981592073
-0.13825649825612985
0.9617731309205684
-0.8500153262396453
-0.44503773296014826
0.6038897309595632
0.27063320163709914
0.8535149590607174
-0.4569762791783072
0.5823524447403452
0.3217300783566932
0.7929789022906759
-0.2576319874948343
0.8672557775394716
-0.5042658228885639
0.4914398003473217
0.5169727483336095
0.46547722182126483
0.5666608617034934
0.35778975969490223
0.7439722257403809
-0.10699037609624307
0.9771086339563337
-0.9094826967607017
-0.654301872165306
0.14378857976151949
0.9586500448580171
-0.8380200491824926
-0.40454108532970456
0.6726993047476546
0.0949501457418076
0.9819696432947671
-0.9285288650527901
-0.7243155989845773
-0.049254378102897345
0.9951499480590218
-0.9806468667857776
-0.9233192479013833
-0.7050208772703395
0.005902545519056668
0.9999317479414442
-0.9997270014865351
-0.9988903991245088
-0.9955463228530343
-0.9822073048796937
-0.9294450362188519
-0.7277200224810744
-0.059140999656978055
0.9930067156389195
-0.9721247156517809
-0.8900358176423775
-0.5843122658322131
0.31716754841418515
0.798808900342189
-0.27619221016561746
0.8474402237528624
-0.43631059668853434
0.6192728904778573
0.23300099282945474
0.8914208873467118
-0.5892629524164976
0.3055476292045278
0.813280750097052
-0.3228520044534041
0.79153828536651
-0.25306662704021166
0.8719187662562253
-0.5204853068296356
0.4581981984224106
0.5801077865833986
0.32694873066105523
0.786208422673998
-0.2362482953060655
0.888377477356646
-0.5784296532291291
0.3308473660816993
0.7810793927047668
-0.22017097689729415
0.9030532761970811
-0.631010943742107
0.20366040894756554
0.9170448540785037
-0.6819429690132084
0.06991855246897449
0.9902236874554118
-0.9610859595716905
-0.8473555914277046
-0.4360086769568563
0.6197996266493311
0.23169566435407551
0.892634058008329
-0.5935916734093036
0.29530721024298723
0.8255868060877283
-0.3631879562981054
0.7361946987566355
-0.08396631583160052
0.9859015937023408
-0.9440039869322332
-0.7822705952996638
-0.22388161186029232
0.8997578872240783
-0.6191290303874546
0.23336830319529578
0.8910782807988904
-0.5880415621205117
0.30842350433387766
0.8097493289976889
-0.31138881017728726
0.8060789811035558
-0.2995275174024088
0.8205713369767336
-0.3466754622225331
0.7596376963404876
-0.15409985495248157
0.9525094939361181
-0.8145489365662568
-0.3269663153059261
0.7861912325630251
-0.236194235904309
0.8884285566087176
-0.5786111688576573
0.33042732726402413
0.781634916460203
-0.22190722524942408
0.9015181821976983
-0.6254705769762903
0.2175830451401779
0.9053151351150241
-0.6391914819941352
0.18287867944034653
0.9331108807505946
-0.7413921944733937
-0.09931263938877932
0.9802764345160284
-0.9218838900348195
-0.6997238559408008
0.02078436903364489
0.999137318807672
-0.9965507687706109
-0.9862091887322151
-0.945199690738798
-0.786788424019669
-0.2380589990747929
0.886659839783059
-0.5723319189582478
0.3448813365464023
0.7621130249416437
-0.16163351522648517
0.9477523225518334
-0.7964692189488091
-0.2687131847849038
0.8555908497265374
-0.464072104947311
0.569281358412266
0.35183629275422135
0.7524217178339674
-0.1322778951516066
0.9650079013817097
-0.8624806975769128
-0.4877312619660301
0.5242440045774517
0.4503353056448678
0.5943952065992839
0.2933874928179978
0.8278470697319482
-0.3706623416682555
0.7252246458708955
-0.05190264205843442
0.9946141925806742
-0.978514815839351
-0.9149652327113366
-0.6743069521717036
0.09063110248400497
0.9835727425986474
-0.9348307752311491
-0.7478009062746667
-0.11840013063665367
0.9719654536059286
-0.8894338461766351
-0.5821698991827333
0.32216557586725436
0.7924180705893418
-0.2558537073313243
0.8690819978389788
-0.5106076862239084
0.47856752610969355
0.5419451708817025
0.41258970430172504
0.659538547591479
0.13001665055926592
0.9661917917554446
-0.8670533486231046
-0.503548274156038
0.4928861000785003
0.5141254854546755
0.47134884083164263
0.5556594788293179
0.38248391756697275
0.7074112716107634
-0.0008625131751641701
1.0
-1.0
-0.999982237657084
-0.9999111893370873
-0.9996270128833573
-0.9984905762617645
-0.9939491351552013
-0.9758521472410747
-0.9045576317881958
-0.636433449066274
0.18991506003447411
0.9278646004048328
-0.7218658219560505
-0.04216878203193397
0.9964454555048581
-0.985807112544759
-0.9436138985859102
-0.7807979287348223
-0.21927788446764973
0.9038382022633249
-0.6338474926571719
0.1964847950419608
0.9227874715360387
-0.7030738482837022
0.011385710429794305
0.9997421112293146
-0.9989685794569062
-0.9958587075607755
-0.9834514664581575
-0.9343362013087644
-0.745952035022474
-0.11287665375441602
0.9745202990405522
-0.8993797725392243
-0.617752496233702
0.23677349770016054
0.8878764138513484
-0.5766496233640334
0.33495948627375416
0.7756036208441401
-0.20312290926926257
0.9174857569780663
-0.6835606666741639
0.06550063910962511
0.9914202627750468
-0.9658283251358808
-0.8656317455767062
-0.498621924194832
0.5027601020233388
0.4944634454492409
0.5110107005023388
0.4777350023949021
0.5435374614502295
0.4091328954366751
0.6652196332040043
0.11496452652283362
0.973566872272986
-0.8956650609085837
-0.6044164307343087
0.2693711083550103
0.8548780368494315
-0.4616336191438184
0.5737959605820913
0.34151521216308933
0.7667340300553034
-0.17576312409820105
0.9382179182252923
-0.7605060617068108
-0.15672642490817668
0.9508767093691022
-0.8083333058304695
-0.3067919716706279
0.8117622736912018
-0.317916830249905
0.7978628297790904
-0.2731710846974572
0.8507595755211244
-0.44758442946268473
0.599343294923139
0.2815740455064759
0.8414316800579882
-0.41601529717006647
0.6538690008145491
0.14490949686636512
0.9580028240735095
-0.8355390574683931
-0.39623696554000787
0.6859986955013953
0.05881045011898678
0.9930836453977723
-0.972430294109285
-0.891224238771546
-0.5885460137857765
0.30723645008272227
0.8112109776636371
-0.31612735456306196
0.8001320187954637
-0.2804233827306495
0.8427300055090852
-0.420388472478079
0.6465535860984206
0.1639357524883147
0.9462503612637791
-0.7907797892422134
-0.25065221883062183
0.8743511016460987
-0.5289803249957978
0.44036788063531174
0.6121512638457149
0.2505404772789446
0.8744586581524518
-0.5293565162950118
0.43957161270027334
0.6135526009385148
0.24710522896451081
0.8778777491563523
-0.5413392976104101
0.4139119864886507
0.657352807009969
0.13577341441873614
0.9631315706722634
-0.8552450530813414
-0.4628737124674067
0.571503029341534
0.34676739675890333
0.7595040355319038
-0.1536937558437126
0.9527594788264571
-0.8155015121718594
-0.3300717879408346
0.7821104475448704
-0.2233944430274365
0.9001936791920306
-0.6206978373231317
0.2294782335451997
0.8946793125522166
-0.6009026861041806
0.27784141295310083
0.8456078824564248
-0.4301061194510998
0.6300241211765054
0.2061380359851821
0.915014184174415
-0.674502364209409
0.09010395901621493
0.9837632931893239
-0.935580528236362
-0.7506055822287621
-0.1268051639204324
0.9678436261813599
-0.8734427522179502
-0.5257895991934005
0.44709879061547597
0.6002043317276193
0.2795083361930495
0.8437497560288796
-0.42382804603344015
0.6407461485122754
0.17888757446291437
0.9359985997036406
-0.7521871059172622
-0.1315585367551413
0.9653874794934816
-0.8639461671923401
-0.49279128245342607
0.5143211579098219
0.4709463632238169
0.556417985036137
0.3807968817557943
0.7099866411483946
-0.008163155845939296
0.999868278957158
-0.9994731513092621
-0.9978754105085896
-0.9914929577359778
-0.9660990090749375
-0.866677622704026
-0.5022454669887054
0.49550678939977755
0.5089449399690595
0.48194897336309284
0.5354492931304211
0.4265869556523285
0.6360461769387509
0.19088934706155203
0.9271225689105052
-0.7191129077506737
-0.03423505421060247
0.9976577150403378
-0.9906418465865819
-0.9627249950562501
-0.8536619423748627
-0.4574629686280456
0.5814623564878403
0.32380187436039054
0.7903040727490513
-0.24916197093367587
0.8758407769886742
-0.5341947543026518
0.4292802653918586
0.6314359390347513
0.20257613294643284
0.9179258055145343
-0.6851760049485429
0.06107872435264783
0.9925397442147756
-0.9702703314505443
-0.8828319673936005
-0.5587694762636948
0.37556209827017195
0.7179054093318329
-0.03077743476737904
0.9981072595608576
-0.9924362143561689
-0.9698416954989916
-0.881168773825476
-0.5529017633744228
0.3886079332045753
0.6979668950667697
0.025683313654975226
0.998681991775737
-0.9947314491850957
-0.9789636742231842
-0.9167224834850967
-0.6807443820566161
0.07318512830591506
0.9892887438524531
-0.9573844999962713
-0.8331533951509434
-0.3882751427830603
0.6984908712777782
0.024219893118342606
0.9988280629874084
-0.9953150057509814
-0.9812862697961177
-0.9258281648456917
-0.7142995352051622
-0.0204360518237644
0.9991664003510023
-0.9966669961111815
-0.9866725187854025
-0.9470278706316368
-0.7937070469415892
-0.25992856108747087
0.8648785749557275
-0.4960305637344583
0.5079150661910399
0.48404344967151824
0.5314027930147069
0.4352209938199083
0.6211643898704611
0.22830842067085655
0.8957503684217265
-0.6047379818614266
0.26859350415983907
0.8557146877385544
-0.46449595383011444
0.5684942200207228
0.3536274667942023
0.7498944945336818
-0.12468452373353134
0.9689102416769675
-0.877574289775283
-0.5402582943039678
0.41625038938097103
0.6534702924077347
0.14595199088315614
0.9573963743376888
-0.8332158740036015
-0.3884833671377209
0.6981673942451785
0.025123466390106985
0.9987388846110128
-0.9949587267231246
-0.9798680926271237
-0.9202656693415231
-0.6937618833005892
0.037400102301336835
0.9972036230835499
-0.9888301482807953
-0.9555526255687833
-0.8261449161516639
-0.3650169763571064
0.7335309220000712
-0.07613627925493349
0.9884087332356015
-0.9539037155078557
-0.8198479105546541
-0.34428745690693885
0.7629377091679357
-0.16414888381197534
0.9461134253315862
-0.7902615247455654
-0.24901343433621526
0.8759887696811177
-0.5347132696408654
0.428171783687731
0.6333368816621021
0.19776761272016286
0.9217759559694876
-0.6993422438682144
0.02185216272116297
0.9990462556224271
-0.9961868473865687
-0.9847587976688421
-0.9394823760696184
-0.7652379136894356
-0.17116551876163166
0.9414079475479487
-0.7724981689161613
-0.19349408451701533
0.925123554252675
-0.71170758310022
-0.013043817894497711
0.9996613149253866
-0.998645491121139
-0.9945679035956766
-0.9783129958131402
-0.9141753833461065
-0.6714174787700038
0.0984079179423174
0.9806324412592036
-0.9232800815950324
-0.7048762292033613
0.006310420507243952
0.9999217816291561
-0.9996871392159206
-0.9987309976933046
-0.9949094792060393
-0.9796721016528288
-0.9194975695408206
-0.6909356570264498
0.045226985378054696
0.9959101332494928
-0.9836740111094779
-0.9352117425993739
-0.7492257479715588
-0.12266615419256721
0.9699087102051049
-0.8814459837260911
-0.553878985819777
0.3864448079077425
0.7013199742512062
0.016299479251373095
0.9994699913523604
-0.9978805303637642
-0.9915133935776468
-0.9661800574011711
-0.8669908367934778
-0.5033314789641015
0.4933226699162394
0.5132643867585212
0.47311821009048916
0.5523172535513134
0.3898901355280311
0.6959705070018398
0.031248990774997543
0.9980482110428168
-0.9922004746594668
-0.9689059857529764
-0.8775405853610051
-0.5401399848033943
0.4165060301458836
0.6530445187367664
0.14706454976214234
0.9567443705615988
-0.8307198234623817
-0.38017688484739065
0.710936998760439
-0.010863925486695125
0.9997655277962452
-0.9990622225272624
-0.9962329088223072
-0.9849423440096771
-0.940205434638012
-0.7679561459638518
-0.1795006189281757
0.9355623684399414
-0.7505542412729772
-0.1266510229865524
0.9679217604699617
-0.8737452510952506
-0.5268466374141426
0.444873454768846
0.6041742124244307
0.26994585805354343
0.8542580895113654
-0.4595144726959869
0.5777000227280222
0.3325241870023685
0.7788546754483747
-0.2132301583431393
0.9090695095728989
-0.6528152236563548
0.1476749995396367
0.9563845190871207
-0.8293429408580133
-0.3756054909075195
0.7178468905356532
-0.030609397877081612
0.9981278884970755
-0.9925185746496946
-0.9701686564757284
-0.8824373815863042
-0.5573763844609079
0.37867186168872924
0.7132144207169795
-0.01735070913289305
0.9993995423001594
-0.9975988938520498
-0.9903894005097902
-0.9617247938668605
-0.8498122915678961
-0.44434748943276514
0.6051175050722009
0.26766442614616714
0.8567111432079086
-0.46790866222132055
0.5621302237652763
0.3680180495148957
0.7291246445919468
-0.06324655546246527
0.9920018179449461
-0.9681352604942399
-0.8745547500236731
-0.5296771137055643
0.4388925711814273
0.6147456298617637
0.24417443858293608
0.8807574399776181
-0.551467936928678
0.3917748577156026
0.6930240584545508
0.03943418869282023
0.99689103100374
-0.9875834737274067
-0.9506247657372596
-0.8073582794402533
-0.30364130812089873
0.8156087712438997
-0.3304361755669064
0.7816290907046854
-0.2218890108772562
0.9015343489157308
-0.6255288757878718
0.21743718263493572
0.9054420422213472
-0.6396510773277482
0.18170318772663752
0.9339680139461994
-0.7445928608406076
-0.10882486054045426
0.9763168337899559
-0.9063892559551148
-0.6430673564196441
0.17293900216720615
0.9401843686979463
-0.7678936219634778
-0.17930856525123073
0.9357001874705599
-0.7510700317712685
-0.12820005973757553
0.9671322297625788
-0.8706896862989295
-0.5161862360317395
0.467111575971352
0.5636124977249466
0.36468073045757166
0.7340151553373688
-0.07755754776543422
0.9879718670815978
-0.9521768904346635
-0.8132650146872342
-0.3227863702826136
0.7916230363486909
-0.2533349757538089
0.871646985207865
-0.5195375716673538
0.46016951521357496
0.5764869950857743
0.33532430892751797
0.7751145499880034
-0.20160608841185312
0.9187135417340113
-0.6880695759088096
0.05313161239119002
0.9943550927435159
-0.9774841341163922
-0.9109332320497715
-0.6595829948310428
0.1299111037153684
0.9662466615979917
-0.8672654135130027
-0.5042838457853425
0.4914034466687649
0.5170442083269835
0.4653294400437378
0.5669359745239664
0.35716602551391174
0.7448641127017241
-0.10964612162533949
0.9759579989799543
-0.9049881696155782
-0.6379915953124243
0.18594360737126525
0.9308500344398241
-0.7329639472660545
-0.0744603301393385
0.9889135009919123
-0.9558998896193013
-0.8274724656405339
-0.3694074661398159
0.7270820188351854
-0.05729758885989089
0.9934359859812343
-0.9738301550302608
-0.8966731940648006
-0.6080302396519499
0.26060807169841915
0.8641665342677127
-0.49356826558406186
0.5127884010232064
0.47409498368459
0.5504668260525738
0.39397138083153727
0.6895722321678199
0.048979148467853895
0.9952031489854647
-0.9808586437320074
-0.9241500462402378
-0.7080906073736184
-0.002773136841053403
0.9999861243020627
-0.9999444976754746
-0.9997602358344443
-0.9990233016465117
-0.9960773752466917
-0.9843226053999137
-0.9377645901303848
-0.7587885359253723
-0.15150760419207043
0.9540938873874656
-0.8205905481039482
-0.34672394368860737
0.7595704629803115
-0.1538955721726012
0.9526353279802786
-0.8150284000648652
-0.3285289509673225
0.784142653463975
-0.2297603351642401
0.8944242881999791
-0.5999901572423387
0.28003309549748323
0.8431625043965199
-0.42184676419251355
0.6440971588053415
0.17027653027150813
0.9420119889993586
-0.7747734932851044
-0.20053512809075313
0.9195748836079018
-0.6912363614339325
0.04439574068899477
0.9960591369106828
-0.9842676316645786
-0.9375481499022044
-0.757976754616897
-0.14904505708991667
0.9555741102096815
-0.8262440086352578
-0.3653444529100581
0.7330525741920542
-0.07473320619735058
0.9888320810285225
-0.955577834142196
-0.826241269316216
-0.3653353995991122
0.7330658042065057
-0.07477199970596138
0.9888204817529935
-0.9555319555350019
-0.8260659122618919
-0.36475591586047473
0.7339119480188929
-0.07725454632997575
0.9880656806168973
-0.9525476480323188
-0.8146773883561214
-0.32738486669132993
0.7856434791196973
-0.23447228166036338
0.8900494677323103
-0.5843766715434782
0.31701700905873786
0.7989998404416181
-0.2768023811231244
0.8467653891906173
-0.4340239821504872
0.6232530948430843
0.22310997938080912
0.9004437413221356
-0.6215983786693694
0.2272407716092748
0.896723107639396
-0.6082251960896681
0.2601338415305423
0.8646604397016111
-0.4952760177244221
0.5094110268054801
0.48099968811470584
0.5372775207144451
0.4226645764278558
0.6427083602523369
0.17385075666500627
0.9395519886957802
-0.7655162097812818
-0.17201751891747674
0.940823173275523
-0.7702968112003598
-0.18670164193642014
0.9302883900977579
-0.7308733542823356
-0.06833979537153445
0.9906614664319129
-0.9628203367920963
-0.8540291098381868
-0.45871697791025545
0.579164579813616
0.32913559803337256
0.7833388750469312
-0.22724052170683373
0.8967273711168151
-0.6082404887421795
0.26009663583001896
0.8646991509674788
-0.49540990897055004
0.5091457406297948
0.4815401065300491
0.536237171303642
0.42489823815639816
0.6389220171831607
0.18355613897119127
0.9326143870508823
-0.739539555237914
-0.09382541161878588
0.982395962893378
-0.9302037577545864
-0.7305419164780664
-0.06737106536295778
0.9909243912220362
-0.9638623513626772
-0.8580443485933247
-0.47246565877693547
0.5535597308684752
0.38714208052509713
0.7002411701418063
0.01932349748635609
0.9992545162303246
-0.9970191808231372
-0.9880768020449306
-0.9525740524622591
-0.8147779950542599
-0.3277127328363294
0.7852139149720361
-0.23312271480421254
0.8913115524948434
-0.5888731233135747
0.3064661658023742
0.8121564319616825
-0.319196990990109
0.7962316309827304
-0.26797051952379836
0.8563879928677276
-0.4668014863112906
0.5641999833917002
0.36335558280882063
0.7359446711835564
-0.08323016546738149
0.9861477497547464
-0.9449748492887846
-0.7859384499931472
-0.23538546252956927
0.8891913488114433
-0.5813230748032834
0.3241361094858477
0.7898709441167961
-0.2477931340647992
0.8772012607370767
-0.5389647191393008
0.41904247973498077
0.6488058585460992
0.15810074930384532
0.9500085672053264
-0.8050328330195428
-0.29614229824126403
0.8246042377354132
-0.359945108582015
0.7408846734167276
-0.09782123586692326
0.9808644314063515
-0.9241901761838163
-0.7082389540459384
-0.0031933495232481235
0.9999811136661223
-0.9999244554896961
-0.9996800728189026
-0.998702741215616
-0.9947965989909485
-0.979222907417437
-0.917737731350869
-0.6844692228921199
0.0630147922525528
0.9920592218501645
-0.9683630458648862
-0.8754369567049954
-0.5327648031963711
0.4323316413997491
0.6261777275918927
0.21580172784942908
0.9068591368010308
-0.6447874752610911
0.16850850711694898
0.9432099598494805
-0.7792903690912761
-0.2145740629467593
0.9079196696384979
-0.6486367354696367
0.1585511254560681
0.9497233393550335
-0.803949121600971
-0.2926549765377755
0.8287108425978758
-0.37352411830060117
0.7209652962061619
-0.039582992529329175
0.9968682167364638
-0.9874925015487059
-0.9502654139458437
-0.8059921111045323
-0.29923312013066206
0.8209238800537828
-0.3478328566201463
0.7580300724939126
-0.1492201809393825
0.9554696454382732
-0.8258447356868254
-0.36402519264997457
0.7349770121306427
-0.08038346604165159
0.9870792386873659
-0.948650922160769
-0.7998605784825434
-0.2795405711537746
0.8437186793323077
-0.4237231642564768
0.6409239322769147
0.17843185430639807
0.9363242778778214
-0.7534066536892314
-0.13523079936490623
0.9634280783509315
-0.8563875309456382
-0.4667846925263528
0.5642313400175325
0.36328481519464084
0.7360475166461451
-0.08353294069532036
0.9860467693424728
-0.9445765438346438
-0.7844332218491603
-0.2306579581179996
0.8935977351738522
-0.5970343708110475
0.2871093407767573
0.8351359932783473
-0.3949050295030062
0.6881061769406236
0.05301865180613219
0.9943790752498902
-0.9775795236361182
-0.9113062149890665
-0.6609423149384482
0.12632109586078855
0.9680864378916363
-0.8743828838751158
-0.5290759511061367
0.4401655266209916
0.6125076232635556
0.24966763988785456
0.87533186336898
-0.5324123651643949
0.4330824533811386
0.6248781991902375
0.21905329277620456
0.9040311997214117
-0.6345453201871809
0.1947145689429004
0.9241725047805822
-0.7081900435890478
-0.003054794091501778
0.999982843857653
-0.9999313761208541
-0.9997077531841674
-0.9988134281308435
-0.9952387941773746
-0.9809828651208351
-0.9246374486871468
-0.7098928034735501
-0.00788407026794924
0.9998772335441561
-0.9995089650465921
-0.9980185917015637
-0.9920645033179227
-0.9683663826152995
-0.8754498813929753
-0.5328100622462437
0.4322351883466724
0.6263445080519758
0.2153839354448095
0.9072194313684698
-0.6460946789296671
0.1651336394398859
0.9454619776810118
-0.7877970033755415
-0.24123516707623038
0.8836152416701923
-0.561552379463776
0.3693266515051452
0.727194858624655
-0.057625789240904
0.9933605533822274
-0.973530417016186
-0.8955058050656567
-0.6038459254076751
0.27074973840691086
0.8533887764545416
-0.4565455165280159
0.583139460141936
0.3198955579965541
0.7953330604588107
-0.26511025589054316
0.8594374592915917
-0.47726617888073863
0.5444413936855166
0.4071659763703228
0.6684308264191816
0.10639931108445833
0.977358992228406
-0.9104613296381768
-0.6578639644111303
0.1344405344862516
0.9638519053441872
-0.8580211952256558
-0.47238619388366554
0.5537098947103045
0.3868095367002051
0.700755916852521
0.017881180967579846
0.999361850487261
-0.9974482201939788
-0.9897882019792963
-0.9593438482874577
-0.8406644267827302
-0.41341918024324587
0.658175579594398
0.13360865374115583
0.9642978809988056
-0.8597410085486151
-0.47829461739296564
0.5424759390451361
0.4114385514459
0.6614357157543946
0.12500443162495944
0.9687482698032719
-0.8769465983001786
-0.5380557124206103
0.421000502033148
0.6455162075504257
0.16661648275432173
0.9444781012508974
-0.7840780734034671
-0.22954385669775934
0.8946231444757264
-0.600701682994613
0.2783244618097451
0.8450705695748799
-0.4282892747807
0.6331432356926547
0.19825811016510664
0.9213874538405185
-0.6979100999000032
0.02585426822458836
0.9986643691524089
-0.9946610523239402
-0.9786835819094504
-0.9156258461318743
-0.6767255634229828
0.08409590326158889
0.9858565437720406
-0.9438263320562233
-0.7815998348371092
-0.2217836606747402
0.9016278296457658
-0.6258659972042215
0.2165934447272433
0.9061744631912398
-0.642304805848333
0.17489931069407993
0.9388206155132683
-0.7627686307542656
-0.16361940764620098
0.9464605103412584
-0.7915752910520392
-0.25316973510985286
0.871814373450088
-0.5201212408585121
0.4589558912519045
0.5787179428427207
0.3301699044577362
0.7819750230742937
-0.22297081249875927
0.9005718619285785
-0.6220598725220785
0.2260928986800117
0.897763852878706
-0.6119603990329348
0.2510186267820578
0.8739790152080513
-0.5276792666543699
0.4431174104572351
0.6072929190947205
0.2623894370704216
0.8623032260386922
-0.48713438222117933
0.5254077500839294
0.447892249324237
0.5987840530666899
0.2829141314389294
0.8399187484250981
-0.4109277660613857
0.6622831216132596
0.12276097820433085
0.9698599859263208
-0.8812569563314036
-0.5532125916758279
0.38792031521735737
0.69903480680423
0.022699566182639908
0.998970741797327
-0.9958850920203819
-0.9835565680025559
-0.9347496700098255
-0.7474976426456195
-0.11749319735720043
0.9723933229870536
-0.8910977069923601
-0.5880949758448395
0.30829786160757555
0.8099043026476385
-0.3118908169658624
0.8054532066696483
-0.2975106080233024
0.8229796537418759
-0.35459183712734343
0.7485348180333931
-0.12060976848932847
0.9709092264981998
-0.885329618175684
-0.5676019217311493
0.35566502244433873
0.7470040412957708
-0.11603109964542435
0.9730761781555408
-0.893754651032885
-0.5975794228224937
0.28580709713418995
0.8366281529000814
-0.39989410220508137
0.6801756292933392
0.07472109004750438
0.9888343753071873
-0.9555869087649054
-0.8262759553052217
-0.3654500372554117
0.7328982547851655
-0.07428075717618621
0.9889669189549981
-0.9561111979982917
-0.8282805087007672
-0.37208328846228556
0.7231138622577482
-0.045788387559456356
0.9958087494929708
-0.9832701558189999
-0.9336230304493518
-0.7432877030343381
-0.10494104863840958
0.9779772463173078
-0.9128791154313106
-0.6666808035598092
0.1110841028921048
0.9753212291303692
-0.902503141594984
-0.6290083175144376
0.20870706772657766
0.9128826687676028
-0.6667099935064594
0.11100626022694304
0.975355805905298
-0.9026380376444826
-0.62949532734195
0.20748126930187216
0.9139030018942438
-0.6704378486434046
0.10103694332184876
0.979583730586888
-0.9191686882565216
-0.6897262585821711
0.04856650302486765
0.9952836558894804
-0.9811791391213004
-0.925407686865996
-0.712742736878714
-0.015992848050196296
0.9994900817429915
-0.9979608500224167
-0.9918340022746925
-0.9674518066964137
-0.8719089972199934
-0.5204357486891469
0.45830136982430236
0.5799186732763482
0.3273874835971826
0.7856342370316789
-0.23444323791185062
0.8900767055024217
-0.584473644761484
0.3167903164057755
0.7992872003196989
-0.2777209474144111
0.8457466682437189
-0.43057559089222863
0.6292159973706257
0.208173279465103
0.9133277235328998
-0.6683355187188765
0.10666599044505398
0.9772453500437515
-0.9100170792576646
-0.6562464778903903
0.1386916162442542
0.9615296619759417
-0.8490787985406032
-0.4418552556321371
0.609534715463182
0.2569336778052338
0.8679698573142354
-0.5067439991209547
0.48642891987605585
0.5267727231186823
0.4450198518837183
0.6039136564631602
0.2705754070299009
0.8535775172204065
-0.4571898640709984
0.5819619439270705
0.3226394098911909
0.791807007560253
-0.25391758631894645
0.8710559311656325
-0.5174775108350781
0.46444210941488984
0.5685860058459169
0.353418731057775
0.7501896669128139
-0.1255700898996419
0.968467017144522
-0.8758569059346767
-0.5342357030407683
0.429192764321344
0.6315861738741371
0.20219663316795944
0.9182330300982087
-0.6863042297697304
0.057984069739268174
0.9932766854220192
-0.9731971870786722
-0.8942083969904644
-0.5992019747991081
0.2819234458712969
0.8410379059539284
-0.4146902726684558
0.6560703913678037
0.1391421222509821
0.9612793273651425
-0.8481161085997918
-0.43858753134480644
0.615288753706237
0.24283831669718992
0.8820588638300009
-0.5560562738780219
0.3816115475574482
0.7087444223615076
-0.00463840909561275
0.9999584918681823
-0.9998339711643275
-0.9993181813774211
-0.9972559090641951
-0.9890209989169244
-0.9563075693793501
-0.8290315928063878
-0.37457283413417164
0.7193962290882314
-0.035062947506021014
0.9975429801155902
-0.9901840088585967
-0.9609112122159269
-0.8466838676182777
-0.4337328380668225
0.6237583749161153
0.22184979946359262
0.9015652071186009
-0.6256401564739253
0.21715872275712567
0.9056840788441733
-0.6405277939327423
0.1794584956718337
0.9355894214041929
-0.7506554815435593
-0.12695498671967476
0.96776758968113
-0.8731483984265916
-0.524761374158276
0.44925917911202395
0.5963313639795205
0.2887766246101813
0.8332156548571066
-0.38849743661929703
0.6981455310168305
0.025184522175002222
0.9987327409040421
-0.9949341829986861
-0.9797704144400836
-0.9198828437524215
-0.6923529800370734
0.04130587884436854
0.9965887747208884
-0.9863783919103798
-0.9458672229415706
-0.7893131048735481
-0.24601725391057105
0.8789551346108209
-0.5451248655601891
0.4056862827189325
0.6708363753134869
0.0999559680912836
0.9800182752967295
-0.9208717551837003
-0.695993644312193
0.03119694067250789
0.998054712115291
-0.9922264282407012
-0.9690089911109618
-0.8779398142207205
-0.5415416529472394
0.4134737364285632
0.6580780119041021
0.13386550130274188
0.9641604790571259
-0.8592110614431506
-0.4764727214936172
0.5459548833897596
0.40386536806482654
0.6737846295037135
0.09202740222348194
0.9830626400403875
-0.9328244066457003
-0.7403065424558168
-0.09609544248954793
0.9815337338410124
-0.9268170481468283
-0.7179636126918747
-0.030931826753208824
0.9980882061716907
-0.9923601458903203
-0.9695397364636799
-0.8799975533487473
-0.5487763609117131
0.3976975942237997
0.6836723658328523
0.06518306004998498
0.9915032701009414
-0.9661575190147375
-0.8669037337739357
-0.5030294259501015
0.4939306136729491
0.5120639968611969
0.4755797993085522
0.5476466393907906
0.40016515285485355
0.6797348122729892
0.07592003286338711
0.9884731458116809
-0.9541583872463717
-0.8208197636823266
-0.34747641249632877
0.7585257453004455
-0.1507236107350466
0.9545677732610656
-0.822399521215441
-0.35266815534187024
0.7512558772097078
-0.128771800919669
0.9668383931369189
-0.8695531450911641
-0.5122305453848541
0.4752477080189712
0.5482781630693607
0.39878094744304726
0.6819466274131187
0.06989646026139273
0.9902298652733248
-0.9611104292988741
-0.8474496621047332
-0.4363275378967122
0.6192433236491242
0.23307423081459877
0.8913526181282903
-0.5890195356032666
0.3061212524566379
0.8125790126131425
-0.3205701531869798
0.7944746415654413
-0.26238081643056643
0.862316934290533
-0.48718166522292927
0.5253156136700579
0.44808586919144267
0.5984370943023816
0.2837449041858535
0.8389772147637933
-0.40776629527212427
0.6674596291004042
0.10899413656486168
0.9762411565072409
-0.9060937278105132
-0.6419960835419103
0.17569228968325956
0.938264586982481
-0.7606812076859664
-0.15725928104838727
0.9505420969170262
-0.8070608307491167
-0.3026809006140492
0.8167733912063215
-0.3342383815454404
0.7765746840270382
-0.20613743314852429
0.9150183427312368
-0.6745175847785155
0.09006289360063535
0.9837780907526286
-0.9356387577886706
-0.7508235014277957
-0.12745954001015924
0.9675108637389689
-0.872154727455042
-0.5212928817129514
0.4565155840230617
0.5831860112993115
0.3197869703838081
0.7954719841064564
-0.26555225636769686
0.8589683587857451
-0.4756539706035231
0.5475139795020996
0.4004557207293875
0.6792695420030406
0.07718464096141142
0.9880859011927097
-0.9526275657619201
-0.8149819010746635
-0.3283773642751937
0.784341807891463
-0.23038507587096668
0.8938493527374054
-0.5979338758795736
0.28495959673132853
0.8375956068528208
-0.4031335675978719
0.6749729166247886
0.08882198108869743
0.9842220610889092
-0.9373862226435893
-0.7573695523359011
-0.14720482582422534
0.9566644264254851
-0.8304138922578661
-0.3791605060485179
0.7124805328725141
-0.015258109966045263
0.9995359975857618
-0.9981444236851941
-0.9925668626451521
-0.9703603669306057
-0.8831814165339402
-0.560003732310481
0.3728004142561423
0.7220389001380025
-0.042681420556196836
0.9963584654143369
-0.9854604046682321
-0.9422469987733924
-0.7756423941385413
-0.20322942577913883
0.9173991917793771
-0.6832429927205927
0.06636902891928975
0.9911912273584054
-0.964920149965114
-0.862124850967505
-0.4865038795942779
0.526635502904456
0.44530894983747626
0.6033988713310876
0.27181842008018564
0.8522291059597706
-0.4525896114004053
0.5903323030201215
0.3030143605555484
0.8163640632049576
-0.33290140507726673
0.7783585659432097
-0.21168506307347346
0.9103825599888846
-0.6575932822302104
0.13515267111985918
0.9634679260447054
-0.8565410954551032
-0.4673107793042529
0.5632485177727009
0.36550104029180885
0.7328172019104071
-0.07404315643289516
0.9890374003282438
-0.9563900225138783
-0.8293470067306262
-0.37561897886556017
0.7178266257621773
-0.030551210715242028
0.9981350054784282
-0.9925469893393365
-0.9702814658497595
-0.8828751808916194
-0.5589220800799052
0.3752209728941247
0.7184176327809142
-0.03224887055673897
0.9979217949926418
-0.9916958301153165
-0.9669036727516643
-0.8697884381362238
-0.5130490502213214
0.4735693288836573
0.5514631156253968
0.39177569748666885
0.6930227424457924
0.039437836790467085
0.9968904555077689
-0.9875811789043623
-0.9506157004844632
-0.8073238091974148
-0.3035299918715576
0.8157439458187088
-0.33087720995515535
0.7810457728913225
-0.2200659402741103
0.9031457569203654
-0.6313450205131509
0.2028169674268352
0.9177305388248449
-0.6844591207916392
0.06304245016384358
0.9920522486702765
-0.9683353747729497
-0.8753297762272687
-0.5323895095073906
0.43313112649088814
0.6247938764527188
0.21926404428604318
0.9038464464522162
-0.6338772984074936
0.19640922460912202
0.9228468543296986
-0.703293045844641
0.010769170272085793
0.9997694353511044
-0.9990778490892633
-0.996295356571868
-0.9851912003463921
-0.9411859892326984
-0.7716457376121599
-0.1908615486217239
0.9271471833857303
-0.719204191385242
-0.03449764205312833
0.9976216207651556
-0.9904978104762033
-0.9621542871467306
-0.8514648679112704
-0.4499704347227266
0.5950601907091351
0.2918055548889307
0.8296985550860227
-0.376800178294712
0.7160491286724433
-0.025453793830839344
0.998705919806125
-0.9948270361611755
-0.9793440237254682
-0.91821215731106
-0.6862112568098258
0.058239281623748695
0.9932173602139196
-0.9729614890787016
-0.8932909910634189
-0.595922270016954
0.2897626971363767
0.8320746868607547
-0.38469735457927523
0.7040218828010105
0.008705272999621316
0.9998498398841631
-0.9993994055216724
-0.9975805953925156
-0.9903163835202075
-0.9614355452385067
-0.8486997552733351
-0.4405682007009778
0.6118061505488197
0.2513852851748344
0.8736105920932684
-0.5263915633345109
0.4458320499896329
0.6024665581501507
0.274066908508394
0.8497742613857255
-0.4442333130582693
0.6053204131762653
0.26717321083568346
0.8572365864979046
-0.4697098248906364
0.5587526454264169
0.3755897908913668
0.7178638065103877
-0.030657970739326745
0.9981219370875727
-0.9924948136844024
-0.9700743253673773
-0.8820713332367458
-0.55608460148642
0.3815485394597917
0.7088405930957955
-0.00491106932444918
0.999953286783053
-0.9998131517730238
-0.9992349189985913
-0.9969231024645071
-0.9876936549124964
-0.9510600398978127
-0.8090137779631357
-0.30899307672076026
0.8090514881113156
-0.3091294815461264
0.8088828601475326
-0.30858382411835117
0.8095569725138254
-0.31076584264131024
0.806854137004513
-0.30202806428214635
0.8175629344516648
-0.33681913742052416
0.7731110484952717
-0.19540234898001207
0.9236393422050362
-0.7062196778983396
0.0025189765591671076
0.9999887673820087
-0.9999550698468829
-0.9998025221461243
-0.9991924089131919
-0.9967531968380365
-0.9870161852872166
-0.9483844439446576
-0.7988495473899946
-0.2763079008049958
0.8473123870712052
-0.4358772940566328
0.6200287264497799
0.23112757556503594
0.8931599104955328
-0.5954697995294379
0.2908408286293258
0.8308227480263619
-0.380533667115595
0.7103941878654163
-0.009320898268785238
0.9998278053267342
-0.999311281628256
-0.9972283291435953
-0.9889109841351227
-0.9558723684558083
-0.8273672378805985
-0.36905919821302446
0.7275963823471405
-0.05879405487277589
0.993088546158905
-0.9724497615917284
-0.8912999621551143
-0.5888159696418622
0.3066007833082245
0.8119913722897036
-0.3186608289006201
0.7969156140529026
-0.27014988902141934
0.8540424944938165
-0.45877787131826475
0.5790528419915077
0.3293944314524053
0.7829979748515457
-0.2261725935547616
0.8976957833093275
-0.6117159670043733
0.2516168337904465
0.8733776520102405
-0.5255776771042503
0.4475444029836766
0.5994070025761753
0.28142130636982676
0.8416036636260362
-0.4165942054023515
0.6529050005326016
0.14742895711605808
0.9565297369203014
-0.8298985186184401
-0.37744915445896354
0.7150701583810966
-0.022651748974582664
0.9989754817006284
-0.9959040321361916
-0.9836320169885056
-0.9350465130090977
-0.7486077077154867
-0.12081472378772085
0.9708102662269447
-0.8849453125435185
-0.5662412769266028
0.35875051465714836
0.7425953830542646
-0.10289683953719464
0.9788269532230975
-0.9162045307552763
-0.6788456545817332
0.07834807425171508
0.9877239883220603
-0.9511974257819918
-0.809536461456509
-0.3106850448042483
0.806954559690408
-0.30235218998227775
0.8171711484339788
-0.3355382067684617
0.7748335170076865
-0.20073491609050964
0.9194145480966034
-0.6906466515705743
0.04602554950609994
0.9957643846947213
-0.983093444598312
-0.932928077566144
-0.7406933886582856
-0.09724127321215337
0.9810906833595616
-0.9250779672615853
-0.711522461526961
-0.012516880318592771
0.9996882479305906
-0.998753187946166
-0.9949981280392496
-0.9800249055351254
-0.9208803387150774
-0.6960252615927346
0.03110891757450296
0.9980656815657831
-0.9922702208637378
-0.9691828027061837
-0.8786135705988851
-0.5439086162977336
0.4083353344525482
0.6665235969938301
0.11149143789519322
0.9751399005665626
-0.9017957939712936
-0.6264558001131355
0.2151162093540091
0.9074499451348947
-0.6469312904266113
0.16297013409244054
0.9468817001789653
-0.7931702018874848
-0.2582247577552216
0.866644215992662
-0.5021450521809642
0.49570849912330495
0.5085450641337681
0.4827627132338075
0.5338792429871502
0.4299447560133831
0.6302940434218567
0.20545766028798917
0.9155742675620071
-0.6765529259581844
0.08456315313444684
0.9856989283602404
-0.9432048379009964
-0.7792542913506983
-0.21446160614344323
0.9080161642423763
-0.648987191047681
0.15764161284768674
0.9502985078685195
-0.8061347841040263
-0.29969313112069074
0.8203728608626981
-0.34602408641477267
0.7605401026721863
-0.15684348895638356
0.9508032951534153
-0.8080540855196803
-0.30588932111116474
0.8128683358049953
-0.3215107115060455
0.7932668253906598
-0.2585454202462779
0.8663128024417646
-0.5009964026101309
0.49801299639717533
0.5039650036607588
0.492037434269184
0.5157972286623427
0.4679053061238667
0.5621281939834795
0.3680226135145763
0.7291179259975731
-0.06322696079464563
0.9920067741656593
-0.9681549268344405
-0.8746309090502874
-0.5299435445975778
0.43832794428268307
0.6157362358089127
0.24173659349843146
0.8831266045036494
-0.5598257900538848
0.3731989411854759
0.721444297134116
-0.040964822737366124
0.9966456230238354
-0.9866050155624143
-0.9467614670301365
-0.7926980284413782
-0.2567271577557936
0.8681865809613936
-0.5074965305716571
0.4849024364138568
0.5297381682054383
0.43875379867098196
0.6149892165728925
0.24357534450293516
0.8813418591507867
-0.5535275437283178
0.3872231804398236
0.7001155679730697
0.01967527298673244
0.9992270755836841
-0.9969095017309422
-0.9876394200619384
-0.9508457773841154
-0.8081987686395365
-0.3063570071063634
0.8122956640111458
-0.3196493421418849
0.7956536713896947
-0.2661304304370392
0.8583535559104494
-0.47354234405548723
0.5515226421889068
0.39164438354040243
0.6932284908154938
0.038867399211599984
0.9969797967418095
-0.98793744803715
-0.9520233247274992
-0.8126801785100233
-0.3208845593720324
0.7940712911922267
-0.26109933640075755
0.8636585766684042
-0.4918129437776082
0.5162476948816308
0.4669755028142355
0.5638667063484046
0.36410750044824214
0.734850683905268
-0.08001210484503452
0.9871983643306796
-0.9491212956572077
-0.8016458912055832
-0.2852589138900309
0.8372593199554756
-0.40200710524603767
0.6767868212198649
0.08391805672619745
0.985916306531742
-0.9440620088889433
-0.7824896925405397
-0.2245672767005359
0.8991429243182154
-0.6169165185724003
0.23883779406769512
0.8859127974603695
-0.5696835485637912
0.35093025055005134
0.7536951934640372
-0.1361138986316086
0.962948839359693
-0.8545411436604038
-0.46046665840293055
0.5759480519003712
0.3365665031476244
0.7734453073662557
-0.19643624848553187
0.9228291109212456
-0.7032275487643836
0.01095341499313185
0.999761429201091
-0.9990458320485216
-0.9961674093150751
-0.9846813430791318
-0.9391772935303461
-0.7640916281159094
-0.16765944513438713
0.9437837981582853
-0.7814560247872766
-0.22133409733343012
0.9020262431785391
-0.6273031958063651
0.21299136479591807
0.909269281372034
-0.653541728365544
0.1457768640608781
0.9574985546095738
-0.8336072024319152
-0.3897879093443475
0.6961368378884125
0.030785890113724346
0.9981056717317982
-0.9924298750757237
-0.9698165304028413
-0.881071151038719
-0.552557695969854
0.3893686324679373
0.6967832802899743
0.028985005783957796
0.9983209678687124
-0.9932895196929719
-0.9732305361127791
-0.8943382191829321
-0.5996663580137636
0.2808099854552626
0.8422910740065679
-0.4189092563852722
0.6490365691872948
0.1575018973535638
0.9503865696459832
-0.806469539060009
-0.30077277873086017
0.8190762920801073
-0.34177277344697654
0.7663881226938694
-0.17470248847378544
0.9389613386821938
-0.7632971249026534
-0.16523243062737936
0.9453996374475326
-0.787561250185163
-0.24049238045015509
0.8843308739845819
-0.5640827751966393
0.3636300902740228
0.7355455442338579
-0.08205554346696398
0.9865360343459777
-0.9465067725018088
-0.7917336241496228
-0.2536711122582679
0.8713061429461226
-0.518349428864368
0.46263581147488697
0.5719351673718853
0.3457791503176937
0.7608728525644515
-0.15785598815873847
0.9501660405646697
-0.8056312859611673
-0.2980700991523938
0.8223132169323368
-0.35239887186067786
0.7516355992201016
-0.12991316201411462
0.9662478995538821
-0.8672701981923422
-0.5043004440748367
