-0.0005906149081123074
-0.0011888158430627433
-0.0003773962720403731
-0.00024350352218575194
-0.001461141621974391
-0.0021212197346832467
-0.0016819684418223338
-0.0009137443861674533
1.394224138906257e-05
-0.0012573269398493993
-0.0016326041523738663
-0.002031973874862917
-0.0019691487644077836
-0.0016828130254483795
-0.001703624041598016
-0.0014477782416882285
-0.0013944742463467296
-0.0012466370624180368
-0.0007407926912248191
-0.0002647065091055475
-0.00021072709581491619
-0.0013170815578495343
-0.0013163492487779896
-0.0016115057001507098
-0.0009000727828171913
-0.0008233101351750689
-0.0008285078497541011
-0.0006268054908508186
-0.0015637986710004895
-0.0019445375341251955
-0.0021784743883073773
-0.0016522748233957153
-0.0015751777494980312
8.263761556892368e-05
-0.0005544205855240755
-0.0005605478638478533
-0.0006889624409377306
0.0003677394182012593
-0.0003912337539311863
-0.0009812432888121195
-0.0008464197894623998
-0.0010809214005040241
-0.001117406020701635
-0.0014446472527146182
0.0005231211059850076
-4.21239996597001e-05
-0.00023060902590623451
0.0005006906623151637
0.0008084942590258209
7.483195149642508e-07
0.00022829382794739973
0.0004225177627364275
5.940474502246748e-05
0.0002628415150156843
0.0011921046373669403
0.001079485305060297
0.0006095495958103124
0.0007871183007943643
0.0018085410722575943
0.0017304603013171874
0.0011768844909822434
0.0009414332025602524
0.0003261471716069528
0.00029370153311471996
0.000511895306998324
0.00017275353168380212
0.0007809596766915807
0.0015573174879435915
0.000688968250891298
0.0009374152375096446
0.0016824701016783757
0.0008186770757612953
0.0012142373528574429
0.0005616403514016131
0.0017007126638521894
0.0012840182477055705
0.0006403959519370977
0.0011132684669665162
0.0008784096891005326
0.00016751383036365186
-0.0001645743051064401
0.0006239313388015511
0.0005158988020281418
0.0012943279790427918
8.690116685070585e-05
-0.0004541387886412378
-0.00012362202703230856
-4.5083827164600474e-05
-0.0005396256024399969
0.00044906438095933645
0.0008871439451827326
9.434692671668108e-05
-0.00021376325452825457
-0.0011508922227583328
-0.0010626249988763606
-0.0006359695742920903
-9.07909597041853e-05
-0.00011912281940347654
-0.000314793392334649
0.0004645131934781087
-8.131957570842841e-05
-0.0009201792484562217
-0.0006106907051381113
-0.0006055601185453838
-0.000978744808662853
-0.0008346934982008719
0.0001657968117684705
0.0005631522223158318
-0.0002592535775957145
-0.00011000662420495016
-1.3119459047693406e-05
-0.00011819175023109998
-0.00019900365503674317
-0.00034870747876816326
-0.00025271585398444526
-0.0007318723751983345
-0.000629050351787293
-0.0005792243618904628
-0.00021496318360871247
-0.0009705795922718461
0.000425514845204444
-0.0004111049799535337
-0.00017497798680176464
-0.00022943356435375342
-0.0010583699743560095
-0.00045247354034355126
-0.0005409819763492717
-0.0008147160637517407
-0.0012995641815244454
-0.000334987140194152
-0.00028708401302470204
-0.0008290142899685033
-0.0015808668385135904
-0.0009631901344568702
5.385687850505941e-06
-0.00032317684723773017
-0.0002817126057624334
-0.000500582541158698
-0.0004934570624462665
-0.0015183010487601573
-0.00011315411918103568
-0.0007120209972727627
-0.0003269086403207445
-0.0007067246944681257
-0.0007487843594440188
-0.0011393008256897776
-0.0009555503625037858
-0.0008367945437165425
-0.001393341500563184
-0.00026174521301370647
-0.0009904624314555292
-0.0008462796515637183
-0.0010812274903082204
-0.001137008223462704
-0.0021205435838828556
-0.0014706242542927212
-0.0009267973933808964
-0.0010363779824637156
-0.0004706477734525328
-0.0008102789905845267
-0.0016382439593573062
-0.0005331580505299846
-0.0010367000063245212
-0.0005100983301303844
-0.0009585021287661523
-0.0008460806791271627
-0.0002557543832988689
-1.800501216515807e-05
-0.0003501158842470294
-0.000766749226530559
0.00011157148526801824
-0.0010189705886667324
-0.0004137284050492471
-0.00025076027277259796
-0.001103676273337557
-0.0011041561190560174
-0.0008007736909244406
-0.0006472868433003998
-0.0009473845218866508
-0.001371345772083627
-0.0007719807927762698
-0.00022500799761330023
-0.0004291091773652875
-0.0004612350778455786
-0.0007025872757330085
-0.0008313270767860526
-0.0014674904250274294
-0.0012894173862058153
9.828662317882674e-05
-0.00038449284413750605
-0.0008999597056118851
-0.0015554601252310016
-0.002863133988883499
-0.0017794353673688077
-0.002452948559456463
-0.0021518448755444243
-0.001722041675546397
-0.0021100211487045
-0.001479839244723712
-0.0016124340677722599
-0.0006385797466409286
-0.0008787492745399338
-0.0012784172909179998
-0.0007400918739905747
-0.0009122177205820564
-0.0012183644899804295
-0.00013714541683502025
0.00037226495643901536
0.00032008972701830007
-0.00021715738298626287
-0.0006605998646023605
-0.0009489333431006671
-0.001250504969923857
-0.0009233139663665923
-0.001313491908897576
-0.001051924053476762
-0.0006219443828092259
-0.0008644503091882045
-0.0012016122082464907
-0.0004996488202910828
2.8631286741125477e-05
-0.0008318726564776979
-0.0003236113642218604
-0.00015463493671420605
-0.0008834007138373738
-0.0009157782485416511
-0.0008566637175636484
-0.0009497670227939937
-0.0006245850832805366
-0.0009490967783789472
-0.0006036380609801998
-0.0008651763902692378
-0.0014827879883139283
-0.0014378877325526619
-0.001851934717617308
-0.0014181135851210167
-0.0005557432164728416
-0.0016733306458662442
-0.0014132991819200333
-0.0009871693775171978
-0.0007433882528976169
4.449801794132911e-05
-0.00025066636615828357
9.86314232868902e-06
-7.778286452784393e-05
-3.5325279297365514e-05
-0.000759053419621576
-0.000360529260234671
0.0006147119941962116
0.0004691283134373201
-0.0008417115064453793
-0.00020157283396060718
-0.0010346831315460108
-0.0009222551110185043
-0.0005466065569383105
-0.0003875144802282793
-0.00033921006000272626
-0.0008310356746476304
-0.0011750946424712739
-0.0007843982750444197
-0.0012842602756187858
-0.0013479194862048298
-0.001399491569007553
-0.0011071582660852409
-0.0014868434457326386
-0.0010239396242172323
-0.0013232613520440658
-0.0014191899981668122
-0.001396843532572179
-0.001628742461027081
-0.0019730910019078976
-0.0016344037981071678
-0.0021334140635994006
-0.0013341736531185546
-0.0016896458928000817
-0.0014833711486358968
-0.0023638099105735854
-0.001715224845167846
-0.001313585062666065
-0.0006131764207415529
-0.0013790359587894365
-0.0018566734720925262
-0.001208479514157724
-0.0014721029227779939
-0.001266956218991227
-0.0008583514950607383
0.000126621871105464
-0.0003756987603895427
-0.001526504211612223
-0.0013359613509642992
-0.0012801196078610238
-0.0016438982688397653
-0.0006433649752592229
-0.0009646401631922842
-0.0005285615463287836
-0.0016177126015681905
-0.0008542821172588338
-0.0007828959256885265
-0.0007984848559339822
0.00042218787929775025
-0.0005074680389420358
-0.00037295604494009496
-0.0010701198475090885
-0.0012378573942245581
-0.00045906202820849217
-0.0003831235604876297
-0.0010222303515043905
-0.0009790200580192686
-0.0007645584067757987
-0.0014886944946954405
-0.0013405065136169445
-0.0013990867869262175
-0.0017575742068253882
-0.0017471706970920164
-0.0016909422775918095
-0.0023205242094694097
-0.0011763539029334305
-0.0018807885014573986
-0.0011635414513319871
-0.0015817479696329474
-0.0011229392531526814
-0.0018438079763187186
-0.0016526464712183888
-0.0011355472627851862
-0.0009906466740057266
-0.0006568984954415356
-0.0013433992730707929
-0.0017926357450420373
-0.0006130797139509965
-0.0001920777988245791
-0.0009698816522483756
-0.0009777857446675222
-0.001096950925449942
-0.0005558386400544261
-0.0001942587105337771
0.001104665555371775
0.0007322630904583866
-0.000532098409097587
-0.00019542330494310106
5.609069270221022e-05
0.0008666716259493315
0.0006883372000638789
0.00023800398341976221
-0.00022097801855010268
0.0002744611459895175
0.0009156663973265352
0.00030365823286543966
-0.0005479017500596994
-0.0006235481896131014
-0.0008016450541713905
-0.0009432745048439974
0.0005656291151751856
-0.000672172971134188
-0.0005406158230690547
-0.0007727370136285977
-0.0008131374848910811
-0.00060014441178668
-0.0002797955955459316
-0.0006428557027753257
-0.000809181392728551
-0.0011533725741416129
-0.0013012392687341613
-0.00018697396741393997
0.00019169915406167036
-0.0004483707014004523
-0.0002912846393845045
-0.0006108916713100345
-0.0009369654586084567
-0.0015888600182049953
-0.0003998570482805874
-0.0005268619391771518
-0.0007276341617850066
-0.000534098613639401
-0.00010620851601790383
-0.00012079100780022537
-0.00015750817649158778
-0.0008311866921463999
-0.0010494532438665054
-0.00014694280670650024
-0.0008555597966958305
-0.0007148942012162652
-0.0007525119731846916
-0.0014218903727011268
-0.0006442199891886244
-0.0008883815838951454
-0.00027085782712872125
0.0005455057748590382
0.0004419585242927505
0.0002597322741540053
1.8383899007993283e-05
0.0005717281705242797
0.0008297026206504393
0.00038186288597819766
0.001564736803750704
0.0025476183492488076
0.000722054984413529
0.0012346245690086283
0.00035899044374806965
-0.00027648503371323807
0.0001808815264111173
0.00044052470444355327
-0.0009525110893124053
-0.0006381653532282904
0.000955902355600604
0.0007650991763937657
0.0008547465788144265
0.0019281921485590733
0.0018548019947545655
0.0014765151830522384
0.001796895762804969
0.0011643246853420266
0.0018766772423024955
0.0018161446003686144
0.0009781878192620815
0.0008890464423421915
0.00048102911382022007
0.0009064672558408456
0.0008934644971086587
0.0011431171531190087
0.0008895337946411902
0.0017573897920375263
0.0016184818444365298
0.0020152301148432987
0.002272910163772334
0.0012104664998723396
8.697292846290849e-05
0.0007250082149262075
0.0003090417189695309
0.0007131204132626809
-2.8912690579030562e-05
0.0013910283453478084
0.0012499855049072372
0.001771131559970198
0.0015155693460535296
0.0005858856467637632
0.0008279773213042234
0.001338742716373682
0.0004154897577418798
0.000717046643664987
-0.00021848673076323247
0.0008267151885015288
0.0001708249730308359
0.0009977663788090917
4.960663024606429e-05
0.0010210123094204315
0.000740311044765061
0.0007153625363640206
0.0009178426276162559
0.0009258145257993914
0.00021854450958355579
0.000548708934558079
0.0012042676348278463
0.001594232947854809
0.001413455870697759
0.0008298382403305667
0.00040423490832500875
-0.00018714689713526287
-0.00012114444364553286
-0.0008375398886941944
4.482113924506861e-06
0.00020674430920663474
0.00020877824056869622
0.0006651458448687185
0.0004923685207954931
0.0001114334044882526
0.0010280244991100471
0.00021881358692956446
-7.799370443806056e-05
0.0006936993321238012
0.00032824500960199006
2.9373523540158347e-05
0.0004948506536186914
0.0012106247773701236
0.00047495286043168554
0.00042343106505351595
0.00183453009701672
0.0010862169894994955
0.0007173362697190501
0.0013076229160569432
0.0007722015308033473
0.0009562639886156248
0.000979529536293159
0.0014841483779947022
0.0016492698786323894
0.0013567042246508277
-0.0007443279296807711
0.00034504570446353133
0.0012939044607459026
0.0018621039605980069
0.0016368420804165926
0.001359062737168112
0.0011243509991620262
0.0008373295545363857
0.0012329752575773209
0.0009552100128586915
0.0007148599778172046
0.0006116416406164232
0.0008462758422618195
0.00021008806734947662
0.0006310577516020885
0.0007747567777519179
-0.0002288952568259282
0.0005466629977254914
0.0001875266470689802
0.0003020777414726943
0.0007687731569015132
0.0001893471798344185
1.0989962280600702e-05
-0.0007585638060408882
-0.00036504486659675217
0.00017345426824710305
-0.000817341978089182
-0.0016580745612872197
-0.0007498866093306877
4.9756808311988716e-06
0.00030160933411596
-0.0012470270468791034
3.4263727057296184e-05
-8.352512324797859e-05
-0.0002153151255447571
0.0009835880366037709
0.0005099039830001705
2.4392697162567076e-05
-1.1281438876041441e-05
0.00012015889948907967
0.00025160105369294533
0.0010257784324633713
0.0012301275125903223
0.0023430395621633596
0.0018360643219839457
0.0009069702775025136
0.0011897923627167918
0.001432983662907794
-2.688530910177026e-05
-0.0008144711541328038
-0.0011341949693840195
-8.516977644155012e-05
0.0005393980104487486
0.000278781027147368
0.0005276925772301744
0.00024108649469564572
0.0003329652368718255
0.00029762377082720296
-0.0005673523076773217
-0.0007601738290562412
0.0009535195726635679
0.0009424916162506694
-0.0007362796006072534
0.0004401269527826089
0.0011878393965479184
0.001298997889219612
0.001175981677052209
0.0006612193920017818
0.0010944783006130708
0.0005749334191559989
0.0007813876292695464
0.0003428673848938334
0.0005584694262222788
-6.0940006163416886e-05
0.00020013580981756586
0.0013402851804931199
0.00018836768464854177
0.0004627220036766224
-0.0002716418551006358
-0.0009232120640900274
-0.0005630525752020347
-0.0012642529217929289
-0.0002649287543042918
-0.0005670506309321738
0.00013202151974051046
-0.0001823186826191062
7.489175785838108e-05
-2.0021191986339102e-05
0.0009605837548578063
0.00023501998914030302
0.0003958521899949843
0.00024835396645230196
4.835353083947199e-05
-0.0003669521415426958
-0.00042248315331785665
-8.264570827095784e-05
3.4392017929417776e-06
0.00016510857480798451
0.000435618850522975
0.0010906573203034032
0.002132887839050134
0.001261636260412968
0.0010123758569012076
0.0002667353683842955
0.0007168336031271915
0.0007606041391370932
0.000309966364024627
0.0010150442965310793
0.001265940193993286
0.0020224561480090626
0.0008743586095344956
0.001126156637954205
0.0006192268342030795
-0.00040610685341224445
0.0006962035773409702
0.001561810489886657
0.0012797475647564728
0.0011107861062911045
0.0015119680134491995
0.0008161572200744648
0.0014736113266683093
0.0008053265342676306
0.0015106706280466932
-0.0003715756016750109
-8.341344064030165e-05
0.0009896998580449562
0.00060395544070748
0.0005011865681363365
0.0008376150269149243
0.001225223890344795
0.0012923041103634345
0.0007921841772038744
0.00032127540474633014
0.0006461894296151566
0.00036654331037678053
0.0007810902171577788
0.00047922434750025306
0.0011440629793998838
0.000882767673106381
0.0013689023418550924
0.0009612197246461708
0.0010626602646805242
0.0009548390665392015
0.0008826878008672171
0.000589959477850044
0.0019821574961086125
0.0012555805380560707
0.0005533762284621151
0.001261694429194892
0.0009668965361905498
0.001977457984093648
0.0015979796246568952
0.0004938743923289287
-0.0005249374159602742
0.0007107448873198965
0.000576445774694834
0.0012913431983298403
0.0010312237754982907
0.0009567999136223489
0.0009066139632259629
0.0011195726931153335
0.0012349789184866672
0.0008091374077442354
0.001020111421830342
0.0017695205004280648
0.0011373966161739566
0.00107004468342158
0.0003370451405529995
0.001487711694802807
0.001113052808904173
0.0015932775907302244
0.0012276346944695784
0.0012859359750966724
0.0009914752653023217
0.0011682476537803257
0.0002526399357049376
0.0004830438511659478
0.000567141881819256
0.0007516239743036921
0.0019231465330486817
0.0012439150752283166
0.0016249440768862432
0.0012996053015409668
0.0015564868609813298
0.001243932232182788
0.001652442497872274
0.001351275582228321
0.0016086469945048977
0.0028562797828311968
0.0026506127163701473
0.002495849236097719
0.0021776512093774837
0.0011277527398762396
0.0011129466492941975
0.0015400009280589684
0.0013312563496823725
0.0009877161822892959
0.0019221763502011255
0.001823775975824231
0.0021018507124346978
0.001143721461437917
0.0009514990035471393
0.0024213190046667673
0.002619683094826998
0.0016889583286938516
0.0008553762803117015
0.0015640054977043962
0.00130744952844965
0.0011348785225881884
0.001261926134124698
0.0016386465051562178
0.0009751109571718559
0.0008641630280593374
0.0018039089080674402
0.0017912958835098697
0.0005493856890332365
0.0004638791065566645
0.00014343280755092671
0.0004555011461629061
0.0002630970657805287
0.00022826008311063652
0.0010880672943021654
0.0005732246637463745
0.0003758813542404602
0.0015209404582230026
0.0006525290393584839
0.0012204898077367013
0.000837579222255889
8.993236597139103e-05
-0.00030713243093635116
-0.0006363644362460711
-0.00100042024658295
-0.00042919226513458525
-0.0003141231840245965
0.0005903891975047506
0.00022237471156222799
-0.00034364505621635065
0.0002881085499217784
-0.0002640095402499168
-0.00039662989292606253
-0.0002727285942939054
-0.00011649759289721127
7.852137255356896e-05
-0.00027520666598048545
0.00018914194845423137
1.2731958179247192e-05
0.001008310822117344
0.00023718790094032877
0.001140638496311625
0.0005748612256062026
0.0004884900987226913
8.532104467036091e-05
-0.0003447053996414606
0.0007315005158410428
-0.00012635295469216098
0.0006211206292548959
6.238434606515696e-05
0.0005485576819845589
-0.00022870418446849
0.0003282218829510448
0.00040538963171168397
0.00021389461814270592
0.0010662940238215539
-0.0001613319708850411
0.0008044871940485249
-0.00019941698623596475
0.000744764506422944
0.0008879887613114947
0.0001135099407153369
0.00036449150374050443
0.00014145379307733307
0.0006449763204617105
0.0005762334167763842
0.0003929469281671844
0.0006781688098469676
0.0005194830986902191
0.0008518318328365376
0.00042761926424341856
0.0008745293536633798
6.602869861137652e-05
0.0012774727845065957
0.00016321562769553203
-0.00010603279716298958
0.000123879829900899
7.192643904302453e-05
0.0004057296467312304
0.0002460272331269153
0.0004901442606800509
0.0002632333193757573
0.00027607212152814
0.00019376819875329267
0.00013486422071389828
0.00032421511151029225
0.000143942355138835
0.0005976002477776644
0.00022684481006988647
-0.0002402206099305319
-0.0007992311230116471
0.0006049916342727134
0.00027301002689583573
0.0004007567960764037
-0.0001482653505658851
6.143462018287638e-05
-0.00019715112409081272
-3.792649891923034e-05
-8.053263609006823e-05
-0.00034848384439668795
-0.0005221711113209954
0.00030750476270849554
0.0002955280060807456
0.0011012345523980377
0.0006648648125311279
-6.281667250432983e-07
6.809575553845254e-05
0.00013775350108868596
0.0008827691448849005
0.00027985869528132136
0.0007779129623680116
0.0011604179692351019
0.001289855340154556
0.0015073748924931871
0.0010868439286473518
0.00043004368324582555
0.0001223120130898325
-0.00029066821112290627
0.0007482600408203543
5.715400209085696e-05
0.00020286583334330071
0.00015915462212321877
0.00020322630344981308
0.0003840534105865062
0.000542138926714205
0.000668831335038622
0.0007062887506373923
-4.050494640210755e-05
0.0001893390821634858
0.0008758235243723762
0.00037266329118392297
0.0006124337267458189
-0.0006495010608980309
-0.0007951523579566241
0.0007895169250896854
0.0015101062335963443
0.0009254150463347009
-0.0004922639787949353
0.00019382558102769127
0.000616956182993802
0.0007752551667352404
0.0013556686657516118
0.00035827506365238373
-0.00037676919135676333
-0.00042603853683227633
2.522231128903064e-05
5.2408421446791735e-05
0.00039010053193005854
0.0002541291488399162
0.00018034091457031263
0.00013560346351368678
-0.000380820656202079
0.000200622879673223
0.0008702111132247783
0.0010337319287483813
0.0002837763592162721
0.00014505544073340393
-0.0002735772650163494
0.0007523139816887842
5.9777256179525815e-05
0.00032811225075712034
-0.0004576515773730941
0.00042512423401689525
0.0010681219895600144
0.001246959229863618
0.0018279668705687721
0.00198187662791376
0.001213200996425383
0.001601026640827757
0.0014438515308191884
0.0008697736224463124
0.0003709927215102979
0.0008647374339112168
0.0005488244117655959
0.00025540262438879913
0.0008349210719843346
0.001240974245075076
0.000510621851463686
0.0004254779481558087
0.0011662564194862112
0.0015368725373705486
0.0008978211655144982
0.0018537884194498608
0.00175251990787352
0.0010399340790269032
0.0020944797364598026
0.001961436665285833
0.0018949737793936257
0.0014592557341708437
0.0010417726556694678
0.00034778075629106667
0.0014407860281157243
0.0002533716866247918
0.0009777571330157632
0.0005420580976161812
0.0006453724336029793
0.00036520882754888966
0.0008028789348698526
0.0008883232949341263
0.0016995348350143415
0.0017895146739869494
0.0007410871291253636
0.0003595073597457857
0.0004599845199444222
0.0008066622365687947
0.0011023000052857949
0.00047940231304224596
0.0010017045510608085
0.0012205826471757164
0.0013916865973984285
3.183166509984343e-05
0.0011083695900830576
0.0011050715921060571
0.0010223059286209818
0.0011294967967261527
0.0011611791921292867
0.001538870353125415
0.0020802341256576074
0.0016780510168919152
0.0018056524320651266
0.000792700896992869
0.0007972387733814017
0.0008469362347096531
0.0007940000887611857
0.0005567275522334889
0.0014756788521072194
0.001388852764406594
0.0016966233368176588
0.0016008973562343493
0.0018050415484896871
0.0006538481359027602
0.0004242713215995774
0.0011337614024677025
-5.0284338005061055e-05
0.0011519343350763888
-0.00025530433748745306
-0.00032837246238659424
9.527192886742536e-05
0.0005418752686132163
7.773063850279557e-05
0.00012196338790519822
0.00020087893923847772
0.0003329030080563063
0.0008953215801158918
0.0002679131950056152
-9.923830496594974e-05
0.00018917190382523955
0.0001883027343189069
0.0020362930913671224
0.0012188422675469986
0.001059932122623698
0.001628264221257723
0.0016220928526401905
0.0014988668068856895
0.0007201911465114326
0.0002891423981121214
0.0016199190006642827
0.0009939154470108653
0.0003575179366398556
-0.00013054406764898688
-1.2246430548050382e-05
0.00021728561819514796
-4.687033352064138e-05
-6.803032264325766e-05
-0.0008343824117765179
-0.0004332956598579427
-0.001268502985872945
-0.0005387882462625916
-0.00032272186459398277
-0.0006997768631514419
-4.9139971862011134e-05
-0.0002898407271285158
-0.0009372089384194498
-0.0009346955977172043
0.00048368118615091095
-0.0012745126525363069
-0.0010683210955121977
-0.0013356299076798925
-4.243138428922188e-05
-0.0008938486318574475
-0.0015292515997362421
-0.0006223005868615643
-0.0009165104302774163
-0.0006246114078449361
-0.001299560591355067
-0.0007069905319051188
-0.0008749954707394406
-0.0018700825504021552
-0.0009229562548107811
-0.0006655851907603993
-0.00047649999755883856
0.0006158895632813425
0.0008850811027112039
7.087802656707528e-05
-0.0005734916874937224
-0.0008745511159872179
-0.0010190345538661151
-7.872882622023505e-06
0.001003531515459896
0.0008230994760103686
0.001989153090531924
0.0009029277218188799
-0.00028345976783356004
-0.0004689366842734119
0.00016355570789558093
0.0001314868707782334
0.0005606305326503647
0.00042578033226184424
-0.0012803907487519133
-3.877001442086233e-05
-0.0004298740413525944
0.00018005864481302638
-1.1366796839180047e-06
-0.00021054435435048288
-0.00042753845711759284
0.00010211854443297277
0.000291930504980734
0.0004264957784119701
0.0005675153210060345
-0.0003237141318538357
0.0007160351314279964
-0.0007188128061021888
-0.0016835910219950387
4.63115381672736e-05
0.0002989752597260595
-0.0002766416807591994
0.00015680439235715986
0.0012746146984489472
0.00011379996920784976
0.0006489615756015685
0.0003372196714858366
0.000696638573128815
0.00042096430308647727
0.00020811334077239647
0.0012574718798947968
0.0009511505384545886
0.0006927838172076058
0.0005835069787053103
0.0018153005324689953
0.0006163477164921246
0.0010758064921323647
0.00015201172823822435
0.0018977305622039863
0.0013830200269194614
0.0012510092963704952
0.0005738016704561154
-0.000267024415475125
0.0011477391876184334
0.0017489719520926543
0.001767204932766241
0.002152353635924096
0.0016776900173876312
0.0011209312153349757
0.0015271787190470941
0.0013959196822079163
0.0004445229965031245
0.0009153617599823466
0.0005341152248777584
0.0006001463523732651
0.0015051660307938957
0.0007859653769465205
0.0012994370836086652
0.0016777021189927992
0.001793090825347783
0.0013038066061738032
0.0017033992734022936
0.0011489543464797399
0.00016051449304122157
0.0018740017506350135
0.0019873423847842735
0.0017156612102605794
0.0012632210974426895
0.0006056024755963387
0.00029697820396884034
0.000841662415929557
0.0007050330732440165
0.0005130764055344359
-0.00027143350721631936
-0.00010448890403437115
-0.00022261902418941053
-0.00031062072740838434
-0.0003048547648893372
9.444170284515134e-05
0.0006019169161302941
0.0008130825452411145
-0.0007527676067005459
-0.0010357725975882102
-0.0005968768665066669
-0.0007122516737614851
-0.00040779730801344656
-0.0008936259089113562
-0.0005570580272924966
-1.380465990770825e-05
-8.7062278911436e-06
-0.0007797981110343708
-0.0009875129847170803
-0.0011878272832355093
-0.0008482929087343237
-0.0009875182940649598
-0.00016168729926617097
-0.00020750317477238807
-0.0003764414299936114
-6.37286780618445e-05
-0.00036921543663630003
-0.0009714314549995925
-0.0001891730455697915
-0.00028450254869195944
5.739736679408799e-05
-0.0006361358146587574
0.00013446984343232497
0.0006065933109959049
8.263648850994834e-05
-0.0002970553655495371
-0.0009327093141096893
-0.0009041709396374414
-0.0011420583124639495
-0.001405029177561024
-0.0006865644200531909
-0.001123748927109319
-0.001034074791537063
-0.0009114881012235957
0.00030916775622041984
-0.00040563727124304764
-0.0009264744731858246
8.316236797196471e-05
-0.0002924310377119413
-0.0007560608799718129
0.0010797251989695994
-0.0005648368799370824
-0.0006087888151447903
-0.0014323565676570042
6.779516542598622e-05
-0.00033273641996371965
-0.0007697422876866381
-3.7740667747180874e-06
9.888076149895564e-06
-0.0004968269963419657
-0.00097932776566896
-0.00011320335505193042
0.00034475296390283015
-0.0008190703683200887
-0.0003753022017268806
0.00018251728340984026
-0.000574283983128347
-0.00016987866245637994
8.621519223139205e-05
-0.0006817297615229356
-0.0005352809795931048
-0.00011325096493958349
-0.000513664903414096
9.345713583679176e-05
-0.00015372767180809108
-0.0003210294737437202
-0.0001864848986350289
-3.662976549158477e-05
-0.00021991890340858312
-0.00016236731487360482
-0.0005929936808648899
-0.0005719823195527299
-0.0003879722119127293
-0.0012222180823115154
-0.0011262588950530263
-0.0011248146297164533
-0.00044021978723365787
-0.0007417406962167405
0.0002584953046676934
0.00018518487966687536
0.0001109827724286833
-0.0008288134475461533
-0.0011672518556111755
-0.00135243078988971
-0.0016909833733341356
-0.0004297843542416502
-0.0009955798132566553
-0.0007460816873429237
4.4919184798856266e-05
-0.000785714172816683
2.5840836227867303e-05
0.0009397843752267196
0.0006450034026199375
0.0003775261432848266
0.00033538589810905295
0.000980803788862168
0.00043686839778544947
0.0003580770785860665
-0.00012941086226349405
-0.000503265065831872
8.79584767857056e-05
0.00107395434618913
0.0010615637852875758
0.00014142250800273985
0.0010285603510508464
0.001228468574533266
0.0009030861173878856
0.0007838751543225144
-0.0009424717072472083
-0.00019562926249897688
-0.0011578074680815877
-0.0006355650436489797
-6.164971757128851e-05
-0.00022019862756467504
-9.655485487040504e-05
-0.00019229043291058012
0.0002364812964844509
0.0011033055153362335
0.0011009951902860872
0.0011945360571847326
0.0009913505898737488
0.0006171110724640734
0.0008738444976637738
0.0010401611851523225
0.0005939747180314556
0.0010510947276225876
0.0004257908358791505
0.0004582454067177863
-0.00020031360092987414
7.294879184885112e-05
-6.374919998642292e-05
-0.00045170885977377745
-0.0006874810692100505
-0.00032856756830668344
-0.0006358985961366315
0.0005843835328154196
0.0004971107049260624
0.00010020650819218694
-0.0001295712821491261
0.0008429427661251859
0.0015688153354402618
0.0008562281881565217
0.001696926862342214
0.0009445509898380808
0.0010119176015331117
0.0014516841681767542
0.0008705941681681215
0.0007922875512671372
0.0005295189174413607
0.0005892899516770807
0.001023948760398173
0.000796528864979035
0.0008201600984488685
-0.0003464512664525053
-0.00019586141415098486
-3.33496637099704e-05
-0.00035813948300230145
0.000333460434816388
0.00030155270020283865
0.0002817536231119394
0.0005201055734908348
0.0005522465223211599
0.0003890806825332302
-0.0004069735550788299
0.00021280115440772238
-0.00041213694928182964
-0.00030116896248629155
-0.0008662764701948668
0.0005016005252625498
-0.000627869426657496
-0.0005579734851875776
0.00010646192436381398
0.00023869078107250502
-8.052218057116422e-05
-0.00012193704288972077
-0.0014012492287038003
-0.0008261471950807093
-0.0006739064936465509
-0.00035813071994024405
-0.001045346379309703
-0.0016456526957533536
-0.0009214238597172008
-0.0019457253271298529
-0.0015231155898970579
-0.0009667692981107784
-0.0011345207757839937
-0.0012821611342029595
-0.0005885413563916778
-0.0006463726143895702
-0.00040269970129295786
0.00028182955675880154
0.0003427743714214726
-0.00037685437712828436
-0.000772536421506658
-0.0012302585292413284
-0.0009580764670103912
-0.00017134516285829764
-0.0008898582449697139
-0.0017913034620740515
-0.0018934940128097024
1.6292780321242056e-05
-0.00045892060073905234
-0.0012258012310282064
-0.001218340326460365
-0.0015179389899278221
-0.0005329666206515869
0.00025520779167963133
-0.0007850458199603473
0.00017997879978854606
0.0007957362249130066
0.00048384924536019745
0.0001503635481849519
-0.000422056167017883
0.0010616243724898766
0.0004623918600118993
0.00030023543155648503
-0.00014380814679838783
-0.0006787965163433499
-0.0002162687325559889
-0.0001254331348725044
0.0012065703398361311
0.0006029401465819119
0.00012922797939825487
-0.0003712655097232837
-0.0002911750652007456
-0.0006909168128766685
-0.000893451644234198
-0.000357454010658314
-0.0003918338045779119
-0.00011497684273388919
0.0005492290354561169
6.15923540843331e-05
0.0008817326516686198
-0.0010207125898217333
-0.001270357128931825
-0.0003010515964028008
9.937686374831168e-06
5.661117940539324e-05
0.0002865986402808778
0.0003196535085308624
-0.0006235214728772131
-0.0003070511138198968
0.00043894348721152743
0.00039050341903381855
0.000956029272320138
0.001038760132465073
0.0002256196398051016
0.00010999036340319848
0.0008034985871857184
0.0015661861186438224
0.002012312366272813
0.000548984646546505
-0.00022176962113750886
0.00015855662591324516
-0.000258627938991405
0.0006155127655069218
0.0005075395340071553
0.0003120888929826318
-0.00013474068468960216
-0.0007182610061508688
-0.0007008492069416029
0.0005124292243863513
0.0013200632512632405
0.0009151420762977331
-0.00048792811110676647
-0.0002743209882807248
-0.0005139699306268286
-0.00046107567292239573
-0.0002711021671842886
0.000473331963430226
-0.00046315507159674576
-0.0012848437835464234
-0.0011466133822773349
-0.0018868902758155965
-0.00036591541202397816
-9.640812668129894e-05
0.00027781693393290623
0.00012600425391514952
0.0006023830921445834
0.0007183161118884387
-0.0005793536592160405
-0.0009255286920609795
-0.0005725404976271719
-0.0002569803145191086
0.00048610816372240647
6.086766399399909e-05
-0.0007035807015237264
-0.0006034379528170554
-0.0008371154171184329
-0.0012019241966731713
-0.0016059225319803119
-0.0010926643929922322
-0.000560055752023992
-0.0001386186378765673
0.00026546624430114974
-0.0005916950537175375
-0.0017089846543644645
-0.0023728800860322906
-0.0018394526019224673
-0.0005165824814023854
-0.0008820608278798056
-0.0006101526456192889
0.0002193074691589018
0.00013797162031821457
0.00048364142759141604
0.0004908833244852962
0.00012846536367214657
0.0002845094788557138
0.0004873368996807703
0.0001724361035207706
0.00030409477582713656
0.0010655887372990809
-2.7478238943841964e-05
-0.0005648511645157233
-0.0019642260180366
-0.001192729135613719
-0.000674735034139935
-0.00012894480095625217
0.0005647045429382606
-0.00027679718842977847
-0.0002928564001189023
0.00030426394160803014
0.0001557140427286562
-0.00013725435497901887
-0.00035794720409512194
-0.0011632401536801286
-0.00043115649798475015
-0.0008978207658320535
-0.0006063886173200149
-0.000625158322583211
-0.0016018102935126848
-0.0013116914271437531
-0.0010129108302894263
-0.001312873657629646
-0.0007948502628363819
-0.0013032744151915158
-0.0010248351090705525
-0.0008481545282349511
-0.000889673712909902
-0.00030137417657558963
-0.00014904111627490278
1.017549511878056e-05
0.00025503205888100536
0.0004649006153986041
0.000300900363293916
0.00020427839920312033
-0.00079350593431896
0.0004134578011865761
-0.00046376191305356963
-9.084362949325883e-05
0.0005765359702632191
0.0005684122392643242
0.0006062003434369555
0.0008720092202471506
0.0010396626923682261
0.001061189661829263
0.0002430124327378156
0.0012107932112736097
0.0008114475778728974
-0.0001781108784322694
0.0014145690504784058
0.0012051948932540356
0.0004919792141024434
6.66276885954324e-05
-7.634493056369869e-05
0.0010272809153588666
0.00038678734684660524
0.00010188823310944227
0.0002492978611476742
0.0007949490506860825
0.001345025127805112
0.000706999328268259
0.000992990533764552
0.0005438931619802484
0.0004120647289938375
0.0017009248404120285
0.0003313046572882152
-0.0001523151347460191
-0.00037470672695009164
6.74438465420013e-05
0.0007555829531681522
0.0005277649976061673
0.0008606254641168095
0.0019221144774230511
0.00019850285743427924
0.0005324290034915415
0.0007043345207142857
0.00022831788454394657
0.0006928515562235515
0.0013095198907088425
0.0007393096931812862
0.0006495141183174643
-4.696628103782551e-05
-0.00022567576322547105
0.00029692274587643253
5.671209304872394e-05
0.00036868355290692084
0.0017703591272412633
0.0008726802777728822
0.0007577542578188923
0.0005408604630442217
0.0009374194485637998
0.00219757273585985
0.002310677810439316
0.00197885207605469
0.0019694687525836823
0.0014560397702737967
0.0012552667518250253
0.0018891160003698332
0.0024552888223827217
0.0010267771359983905
0.0011212481715382565
0.0008641328184842647
0.0007896031430984155
0.0010589821756605694
0.0014734093423282146
0.0006086270019998412
0.0008028895749988348
0.0013679333361548427
0.0004809173415395603
0.0003591073033192972
0.00043014409287570103
0.0014905216752133055
0.0013344708386267604
0.00027959027799247157
0.0016900581606450681
0.0016883909808734527
0.0015897408890335582
0.0008099844942044371
0.0017936675735235872
0.0013789060590250236
0.0009950107849228669
0.0009258949327283035
0.0009437583954701914
0.0018700699930740963
0.000948881062383064
0.0010823977358880717
0.0007081897935412182
0.000924838185529708
0.0015388706400167828
0.0005010124150243145
0.0011659344569197104
0.0002843075043378583
0.0005106037227134179
0.0015276506032977247
0.0008719085123616397
0.0008642128787260674
0.002381623032970324
0.0013182813134623012
0.0022557067812488353
0.0018794048147566414
0.0012390546193173657
0.00120513759951591
0.0007048523637995766
0.0003308496157445593
0.0004690531118992487
0.0008171735953726639
0.0007082823675249917
0.0005301467089698507
0.001954335555733831
0.0016979313381081148
0.0023750747390768163
0.003086706469899615
0.002743040461689964
0.0033818604742840456
0.002048235726958966
0.002269871021023738
0.001563263220686183
0.0009748844510044858
0.0017568046336044595
0.0011167715059114524
0.0005351912142562985
0.00046736972337240525
0.0009303604333132244
0.0014084235862752868
0.0019277264296930917
0.0020028173133050517
0.00226434673756468
0.0021467744190851253
0.0019469229105998516
0.002875718493220176
0.002614434313760957
0.002331696304332352
0.0029593128485789766
0.002656168299170686
0.0012948503370412894
0.0019161690128595846
0.0019009006988274433
0.002855734665291907
0.0017271776111072875
0.0010527943590210285
-0.0006876100032046177
0.00046113739317744733
0.0006894987622998483
0.0009099907006468119
0.001176420249766376
0.0015999723636836538
0.0018679362806647893
0.0014446706463624656
0.001803332624821386
0.001660838466039829
0.0011003250448072233
0.0011192387009269027
0.0010124512127225723
0.0009807974221320453
0.000721297132529657
0.0005488631684329433
0.0016513658418431066
0.0018267089548520436
0.0010486692134930326
0.00011273697301250234
0.0013390460152306275
0.0018311123254781195
0.0017159551835817487
0.0006591166811861879
0.0012149941250206766
0.0011968256012150928
0.0011869167356079059
0.0005846675684275459
0.0007588486296411161
0.0008281177691600802
0.0008064764821037968
0.0012527368491169004
0.0008710941098677782
0.0008030696790509825
0.00100870459163631
0.0010066800312421532
0.002006319021575405
0.0010998944072123183
0.0005942080921793973
0.00035473164661264727
0.00013086969588220127
0.0008361432701850369
0.0005903110694193671
0.0009149324797355625
0.0002810556504104748
0.0010256326887025185
0.001498925647067192
0.001084208762494483
0.0004021295595493656
-0.0001948614603325098
0.0005058131817002535
-0.0001284031982202857
0.0006869884175686047
0.0010635704925367022
-4.168482509891251e-05
0.0004057524845560127
0.0009796697572725878
0.00044572781081716285
-0.0004736605083426019
-0.0016458764681190345
-0.00011097502394848
-5.06533873498737e-05
0.00038258195455833396
0.00021220261785446687
8.432708918327556e-05
-0.0012724906091749356
-0.0009731765731878313
-0.0013154351491216163
-0.0005011121293497009
-0.0005108779383323582
-0.0006764352769286036
-0.0010424793923293663
0.0014107689902638433
0.0004333301299981977
0.000957102911428957
0.00047201732539412146
0.0008716407816221207
0.0005927748211012428
-6.25924837581944e-05
0.0010551590565957179
0.0015792248246721918
0.0007237509225875751
0.0013589724354702028
0.0012339228642151
0.0006910130655249963
0.0012119607008006365
0.0008936254737694094
-3.2692841289536263e-06
-0.00027873878972409184
0.0007213824555780649
0.0008960000696555867
0.00023012844666266417
3.30746868264982e-05
0.0004909270100735015
0.0003348624878269896
0.00060776973797988
-0.00018747190813357423
-0.0006582238625718203
0.0003572035116312319
-0.000340968342115059
-0.0005602456573432599
0.00034093604925407577
-0.00025733183886224363
2.218846515390045e-05
0.0004707700197612504
0.000335836693057446
0.0003823664623838045
0.0006849848084323901
0.0004319101998090974
3.4539916814176974e-05
0.0003628283619243497
0.00025210898458166513
-0.0002138624184161258
0.0011176086196108903
0.0009062392264525105
-0.0002677254104570605
2.167356321274266e-05
-0.0002702449133483237
-0.0002233005182725391
-0.0005275233801089414
0.000697516599714198
0.0009581690433738354
-0.0004768122874950722
0.00033404981278376423
0.0009799815395390144
-0.00018093060042226013
0.0008058915078674036
0.0017776580369153843
0.0006693214242622943
0.0006289863576739594
0.0010437463486895086
0.0008079554018180532
0.001456363370177353
0.0006391955359611348
0.0009050316499019097
0.0005957776371737182
0.0016329248332011648
0.002068683370585466
0.00011179480973176972
0.0012357123926426462
0.0012564727290510932
0.0007587246053316586
0.0019187590674022573
0.0009855893808360676
0.001608562012916916
0.0013361428638082014
0.0018495786930765742
0.001743443376182228
0.002102177039738801
0.0018217770431890785
0.0013970809116961858
0.0011356923006084498
0.0006861516892516783
6.868925800162314e-05
0.0012303825439164391
0.0004725854871539309
0.00035201759357548655
0.0011685362035168444
0.00040784356537676376
0.0006259576727000755
0.0021180448713434092
0.0010774877192855693
0.0013684068610603554
0.001599682882225719
0.0012366804037196209
0.00183727727594689
0.0017917696080520305
0.0014200387234844726
0.002023356855165015
0.00024888078342944885
0.00016276784314823777
0.00016298674169293399
0.00040230721608894873
0.00039547568345117164
0.0006792525717262892
9.127891969627636e-05
0.00011148016272131777
-0.00015902169905365992
-0.00021706089705506468
-0.0016906940650742485
-0.0013419503833623702
-0.00026307097997191645
0.00030546049289742255
0.0010759716183837114
0.0015105061866125188
0.0010235895561238849
-0.0002779759151637231
0.00035815789953155873
9.150243955012458e-05
0.0004713952436515992
5.967732753754608e-05
-0.00041381149820047717
0.00020096585040316347
0.0017452075428005713
0.0010604001824591328
0.0004954665395794759
0.0003647508190661681
4.020936707237253e-07
0.0007910262439169691
-7.217347888424815e-05
-0.0002609527022841766
-6.415046520132924e-05
0.0010755482224134136
0.0003883270797553665
0.0006125785073769897
0.0007049832058281447
0.0012761442687074871
0.0006229165464111114
0.0002202295707118561
0.000986648065299148
-0.00012042394885102006
0.000326383792653113
0.0004266762089640215
-0.0002479407043784192
0.00011509101035673947
-5.985606860646036e-05
-0.00015421655462029987
-0.00016599126900194191
-0.00045747186406377884
0.00023601982752041386
0.0006816193288489654
0.0008840192155912619
0.0009944742327917353
-0.0010643670511335012
-0.0007477690456824757
-0.0008415046136087543
-0.0005979851965153291
-0.00040500613108354356
0.00021969529603792616
-3.7022548745097646e-05
-0.00020331665108770268
-0.0005025318916586094
-0.00048551451762555715
-0.00046796711062400606
-0.0008897245549220055
-0.0001992247280477772
0.0005083051870170411
0.00011446851019968431
0.00023438207789095697
-0.0002550825359966991
1.8549603897429216e-05
0.00039294920586224725
0.0009429966748895357
8.15805319218882e-05
0.0004952669904724019
0.0006260696329249166
0.0005345422502471356
0.0008821133016468165
1.7804354895339632e-05
0.00022855042477403468
0.00012998642722483194
-0.0005927381130501015
-0.0005562818876872547
-0.0007306119355773977
-0.0013311377959966128
-0.0015806315441798645
-0.0015503167199143336
-0.001638811346907789
-0.0008995399973953531
-0.0014653165412842342
-0.0016509705931937223
-0.0013010733438978534
-0.0011479318161052166
-0.0013602257744592065
-0.0007009733206963242
-0.00100875481213755
-0.0016888043390935854
-0.0007544437412414273
5.612177018818969e-05
-0.0002279888363353657
0.0006338603325414191
0.0011155204954730455
0.0003166481817583409
0.0005064505264518603
-0.0002739484820098812
-0.0004612852723717213
-0.0010660371513646096
-0.00028791834823373424
-0.000904289170342278
-0.000548327870621663
-0.0004515775712025591
-0.0007847612254067829
-0.00044923717819797743
0.00041520995531892394
-0.00018958905008152572
-0.0006620278061537949
0.0003319799885144252
0.0003001121775302408
0.0007022268021308641
0.00018282601013348062
0.0007452235468607175
0.0004843687993792661
-0.0004462322516750393
-0.0002621906873910057
-0.0005965771341029968
-0.001543638874481998
-0.0007209886233145841
-0.000920699917856401
-0.0014929224788276848
-0.002147953626958469
-0.0014624220084910248
-0.001041810057593168
-0.0014857693184030598
-0.0015903780174615111
-0.001656668549937206
-0.0004607946371993927
-0.0007484114640373602
-1.737969708812397e-05
0.0006485477381702413
0.00032763200505229453
-1.6753965420264125e-05
-0.0006354803081042831
0.0005133332304751315
-0.0006540680116860292
-1.7731705849605758e-05
-0.0008781953192957534
0.0002033093828055862
-0.00027082445794864756
0.00045493812509585186
0.0005278065919468039
0.0005045032013194171
0.0006446084388771865
0.0005885787844112276
0.00035113268939983755
-2.2357672554567352e-05
0.00022924588965659554
-0.00016122703480187406
-0.0006075111336721443
8.418239603387909e-05
-0.000257618675900817
0.0001885452245671473
-0.00024060378866239162
-0.0009351960749315266
-0.0007602244680486479
3.108893529039729e-05
0.0002624308018601303
-0.00036591849383951693
0.0001503238757556549
0.0012796692182554523
0.0012730593627859202
0.00077877174292146
4.899156958823364e-05
0.0006468690640233499
-0.0002721043215215608
-0.0002834303417062577
-0.0006167563337106242
-0.0003963775155152342
-0.0003325583570129724
-0.0006113344596466043
-0.00042074133797411866
-0.00022902785271985038
-0.00034435086037711633
-9.826506940441618e-05
0.00014844654135415226
-0.00028973889146249426
6.885724874189817e-05
0.0016033223409991106
0.000274946143096334
0.0005519365562658503
0.00010139573117147092
-0.0009376787705632113
-0.00043868630325555346
0.00041671349605338753
0.00047987599077762704
-0.0005793341580344956
-0.0001802588242604672
-0.0003519844220273375
-3.8570774448761554e-06
0.0006307785285983619
4.849415574303968e-05
-0.0008170320157224013
-0.00110447598676463
-0.0006283699562965073
-7.709829632876838e-05
-0.0005374675491647125
-5.2582773023428e-05
0.0001381795561034223
0.0003828813669024777
0.00010626838400491949
0.0008961257071943304
-0.0002744257032464571
-0.0004820612069303887
-0.0003287873590343592
0.00033862910177966923
-0.00041894241078195647
-0.00018846627744968604
0.00046691367399840245
0.00021479219801980774
-9.557121986873674e-05
-0.000497771268992978
-3.137155665360709e-05
-0.0010324960955097782
-0.0008160984957759275
-0.0006772628423818582
-0.0003930153783671838
-0.00018417438623256769
0.00011083772918871735
0.00021209138428473037
0.000615672364177011
0.0007625010143017569
0.0004275953978002816
0.00015836263462333045
0.00021200436019421344
0.0006803425144902143
0.0005971597401863427
0.0006706072201693657
0.0004167800225215789
-0.0007871082801584452
-0.00044626983980132435
-0.0010924090283112688
-0.0011860732856128152
-0.00027609063639254965
-0.0003412272987119172
-0.00035784350150267125
-0.0006780076261539095
-0.00041149783234998736
-2.4893529749913648e-05
0.0006781464191278882
0.0005963579457893024
0.0007614622428186697
0.00017784361908085192
-0.00038660320211321994
-0.0002715873370007089
-0.0008359716982306648
-0.0003477616476015379
0.0012988820320020164
0.001010380763652877
0.000388644418832469
0.00040591788002292833
-0.00013617790314915718
0.001481328396814485
0.0005882307912621227
0.0002732104059695019
0.0010456752147408666
3.987863282248933e-05
-0.00034811156641631545
-0.00012073821853526352
-0.0002767787443868224
0.0007494347168309273
0.0011527466405593287
0.00017383226005955013
0.0009520191964981384
0.0006041042346298328
0.00019713526454823347
-0.0005090660834787058
0.00021416644590029987
-0.0011831446183304048
-0.0002730341189644131
-0.0007929555926568326
-0.0007920793608665282
-0.0007874582658766165
0.00010151932789454946
-1.57804311850582e-05
0.0003430172919782383
-0.00070500148290108
-9.484440943062326e-05
9.263456642846757e-05
0.0009193880809840421
0.00017977296540824342
-0.0004075346542997658
-0.00069559261372653
-0.0007509523382926301
0.0006206746843145783
0.0013162047218707367
0.00013069455042305196
0.0006464499494302281
0.0006901820877307575
0.0004581494608006875
0.0003228657979443492
0.0003357193959257365
3.4515232138081805e-05
0.00024955217401232175
0.0006402941292453211
0.0010609409874078048
0.0007179682166027466
0.001346330085404347
0.0005620228902610464
0.0015592469921411228
0.001658551631178614
0.0017502767559661799
0.0011896103207835258
0.0008329701304151544
0.0020361075615278968
0.0012651994022739557
0.0009516200500494127
0.0009165965043348123
0.0009814241423292914
0.0006661922254316278
0.0008563916270585776
0.0011094133928679054
0.0017664865535769003
0.001751799268067263
0.0015450567473522696
0.0018833528561061806
0.0013580867882052607
0.0011885948872307347
0.00047540313692008183
0.0006176792849452265
0.0016586712352976304
0.001299300211559177
0.00017664018751725123
0.0005133014481848955
0.0005840895750732901
0.0006512091514967943
0.0014984681340746329
0.0006710800015702813
0.0003251601575473981
0.00041780920227681617
0.00015739325891595164
0.00040279596968368974
0.0002421652209372287
0.0006888546892113059
0.0008514689582787003
0.0009596138921151105
0.0010270859044622734
0.0010087201432152212
0.0012877635495643694
0.00016484293764567237
0.00040130056633257236
0.0008630901476907966
0.0005114237262452418
0.000971011614539042
0.0013075448602472362
0.0011971225474999541
0.0017583362953075817
0.0018999955377288949
0.0021162630086765883
0.001957483157053819
0.002193191512612697
0.00201576493578524
0.001029106269204438
0.0004927989013167078
0.00117792273070825
0.0012864143176900369
-0.00018130433945477394
0.0006284760622284682
0.0006796384872670238
8.009865368157124e-05
0.000778429774426006
0.0003833521353203361
0.0003568320445168763
0.0016190698784980689
0.0011822530537991482
-5.8034555449294626e-05
0.00017366641806227523
-0.0001324423249056152
-0.000664410340631467
0.0005078180843060898
0.0004766082514588907
0.0004211259563901037
0.0005663949982611881
-0.00045112501366656666
-0.0004442228696462674
-0.00012698805309410005
-0.0005883174209832611
-0.00018169560933183293
-0.0009691305582887357
-0.0004723784892114505
0.0005640056379313603
0.0005152687536483641
0.0006198527072481338
-0.00047500419466575797
3.598639245437916e-05
0.000251586414459875
0.0004677005894147038
0.000209367949463674
0.0007832752707948724
0.000640178404750511
0.00015950420728672293
0.0011440338331241916
0.00028379532093408464
0.00020424925716389293
-0.0006037740503749116
0.0006188171788347621
0.000613545948119597
0.0007597806778159694
0.0014015208472827265
-2.6057081137082822e-05
0.00048061416702706506
0.00026661748953257206
0.00044402282656135275
0.0008284185103024254
0.0009112885993650578
0.0007832837738857912
0.0005808515023324947
0.001124241075759095
0.0009192239874419808
0.0004389181260196388
0.00045868717332296367
0.00013672781141508124
0.00034925758533106883
0.0007062670318409062
0.0003385990139557585
-0.0002266881168014541
0.0003909481204065167
0.0007498459346559148
0.0007731295479612519
0.0007842121007876325
0.0010970282392480685
0.0009272143961300218
0.0013551914846343075
0.002509296776502492
0.001966360477756945
0.0014297475048772412
0.001829613698796976
0.0018006831888060669
0.0007384285340566643
0.0005326660058517009
-0.00015812738585005415
3.87319892532065e-05
-0.0002640761661459579
7.624646945007677e-05
0.00024446305503807603
-0.0001384607396286577
-0.0006990088954211796
-0.0007973035317609606
-0.00011075095828770075
4.3849911006797445e-05
0.00017608443516535835
0.0007775741402544193
0.0005392080959966401
0.0003643164705128576
-0.0003119399722046354
0.00026007467648872247
0.0004683009402887972
0.0005238461686453245
-4.499137973338729e-05
0.00030215828473032695
0.0004468658824718734
0.00018233980634585495
-0.0001412163768595606
0.0002626243955952797
0.0003527704659701524
0.0007484922254114416
-0.00021276132711338738
-4.851146721733806e-05
0.0009042360638812008
0.00039216427800897404
9.764147474366483e-06
-0.0002647238346015
0.0009577178549876012
0.00026803813921947076
0.0011063244952136666
0.0006024041111637016
0.0010836273055800404
0.001552721839013426
0.0013260422339189842
0.0015960733392251473
0.0016085812468423254
0.0010374387055292384
0.0020939490471890516
0.001201229194719258
0.001961633345903109
0.0014439505102821827
0.0006118933726894612
0.0013494968695089257
0.0011797850935182108
0.0005857769627884048
0.0007888297399305389
0.00011297191645540404
0.0001096935314707292
0.0008007598658012509
0.0004157278622545329
0.0006749803712365981
0.0007180742454778661
0.0010599754258731825
0.0013019484596968165
0.00132411748984816
0.0013955589472318289
0.0011250201893303223
0.0010491764455121217
0.0017084471033644926
0.0006420845527432477
0.0012212724010692766
0.001405873852135403
0.0011306795874674006
0.0009462054669779591
0.0008386536629248065
-0.0002898939646334342
-6.55747564575768e-05
0.00041596001748218307
-0.00027453794308332166
8.80730533364682e-06
-0.00036021654305104804
-0.0018422393200899702
-0.0005002732168726859
-0.0011622613514590992
-0.001907907731899148
-0.000719924106487894
-0.0013278517757471728
-0.0007995288761030053
-0.0007707377070450454
-0.0011387701290487173
-0.0005622646768600821
-0.00040972719450979426
-0.0005824993205522384
-0.0007109101500116379
2.7822206903858296e-05
9.032789537852217e-05
-3.657596916409664e-05
0.0009841499763829102
0.0009803700730236565
0.0007774940547637825
0.0008949909228831922
0.0004820769741523084
0.0006792308415988788
0.0007159283727720612
0.0009200547554617498
0.0015907494419953269
0.0012811001904525822
0.0005485707812709793
0.00022640150933597454
0.0005383757900975054
0.00038845966859351385
0.000751454904890463
0.0009140498942183512
0.001538061506175752
0.0016667793815674425
0.0010291620038524205
0.0011770956372014994
0.001495823614356951
0.0017861991948508646
0.001355391514081583
0.0019706208092792298
0.001946698444377745
0.0016858054849551271
0.00198790090895927
0.0018336672143766078
0.0029820160180925514
0.002077792647464417
0.0019842201246222423
0.001607253020181416
0.0019452909832582514
0.0020991932927319104
0.0018889104137224284
0.0025354529345544352
0.0014916849997437445
0.0011796688502453188
0.001532432156709668
0.0008487106856519053
0.001587768107867509
0.001432065633257642
0.0014792688842941927
0.0005742653151781478
0.0013666547425664642
0.0018322413731633202
0.0007990607951428171
0.0006220022955498528
0.001166546342645201
0.001574286412089995
0.001033938066190908
-9.563141395952865e-06
0.00011698877524545751
-0.00029113081952547636
-0.0003686442900014239
-7.927906227865188e-05
6.72424213509754e-05
-0.0003894604763963517
-0.0001016406119504525
-0.0007487007805702799
-0.0009052920686999387
-0.0004400949830127515
-0.0004290556541430475
-0.000277060447199393
-0.0006252236116297794
-0.000624169890901897
-0.0004833463040073867
-0.00030201834820946
-2.9526088587399774e-05
-0.0005679720550207923
0.00047189738801121657
0.00023339974517999818
3.652748675073473e-05
-0.0002665441496167497
-0.0002591608332078311
0.0007828100933953326
0.0011887020168864033
0.00022023790335006744
-0.00023716223959920123
0.0004443190329968242
0.000433261660676
0.0004592872203390219
0.0010300549524867668
0.0006272705382038552
0.0013677760236859428
0.0015498875418188147
0.0011683076713268946
0.0010769674924859477
0.000991670932100616
0.0017427811542187705
0.002218208736337322
0.0021627062028205858
0.0019313521718421357
0.0010784032691554873
0.001909702883678279
0.001607030075565093
0.0022075535799477445
0.0014261186436249538
0.0007711653131262761
0.0018288893498356591
0.0014765785304268648
0.0012380206426958473
0.002711832113222016
0.0019347985635171114
0.0017522315023308145
0.0017532316282305265
0.0021551060017812942
0.001949887189370867
0.001778608014113265
0.002473063637673263
0.0015955038611828556
0.0014298521875893574
0.0013814334394461082
0.0013267952637176141
0.0015808536262163716
0.0011884412555780736
0.0013180440631067188
0.0018256344614130935
0.002421344503574306
0.0018044750690867817
0.00115576090802201
0.0009819741685991204
0.001870904246884542
0.001868208394341011
0.0019870401416291327
0.001888705982599348
0.002206735274014105
0.0026137150181854106
0.0016521812427099524
0.000898982601209231
0.0008313470399960857
0.0017982492000077903
0.0008182208859847952
0.0006982881887244549
0.0006507888436102472
0.001110733195441067
0.000938031223120741
0.0015628757674029607
0.001441436662894076
0.001554877155181805
0.0011215230338611955
0.0012556535962645686
0.0005783770677461276
0.0014206335283242384
0.0006364435704538071
0.0004432554092501073
2.566519953621255e-05
0.0003176544354955267
-0.0001323525966054415
0.0008413219042406161
0.0001800209807473733
0.0005382153039327524
0.0005958687724599461
0.0005858492254478445
0.0005323584807022869
0.0006953526708953688
0.00042627523438753406
0.00025991176177264804
0.0009820170720070917
-0.00028447769592575614
0.00026516743197180627
0.0005907733121114731
0.0009294160658113781
0.0010335688330846882
0.00040329928915079334
0.000853306319029639
0.0003040600867185918
0.0009573122207744958
-0.0004172393452828125
2.9544002840293214e-05
-1.216409351613074e-05
-0.00012100030861324153
0.0002974860750434528
0.0010666476517316263
0.0010225378052945314
0.0004978041839250946
0.0010089807104973246
0.0017912915176930525
0.002620881304299369
0.0012091227958947667
0.0007746470896447932
0.0005671127044897356
-6.285337301581651e-05
-3.190181551159877e-05
0.0016277659895881944
0.0019493823003233787
0.0020205161413143595
0.0005431935781105165
0.001210186633092896
0.0010378995007195965
0.0005133747583546818
-0.00019430021751372123
0.000966371957073625
0.001071027831016608
0.0014840268790283816
0.0018255195009078268
0.0010013568744217005
0.0012595702558550574
0.0012138309417410993
-0.00016841253549519804
0.000498088947565432
0.0003998459983456993
-0.00033462995570287185
-0.001188168079292205
-0.0006162922748522764
-3.9633581898609394e-05
-0.0006746439142778824
-0.0008640426918398802
-0.0011865746102353095
-0.00017711622144332326
-0.0008369360230149594
0.000545053211668756
6.205355925415466e-05
0.0006473716304713241
0.00034975377351273277
0.0010396634622097658
8.303287446505384e-05
-0.0005467716999785989
0.00037577842159784263
-0.00012476977517930513
0.00013025966859172428
-0.00010359935320052025
0.0006571817473432248
0.0018462949584001488
0.0005840971397304344
-0.00035599790247426946
0.0001926868851027287
0.0011659063635504922
0.0004227942296186097
-0.0002995947483757141
0.0008047263405357275
0.001080779197668129
-6.77089947733803e-05
-0.0006139161650093789
-2.563721948450678e-05
0.0006225408734812991
0.001276056486105572
0.0007468729949049076
0.00014388619846326432
-0.0008070197836240836
-0.0008915071302253045
-0.00027381691051873075
0.00039117460446564707
-0.0001303061647379364
0.0005955503945643036
0.001176977945297612
0.001018965148805464
-0.0011909542767474218
-0.0006656361187945782
-0.0006182761228022603
-8.53199777806332e-05
-0.00024673443045362806
0.0005618791835539695
0.0002860643434996295
0.0005540398370267578
0.0018208852847525021
0.0008980128395642839
0.0007064481855772806
0.0007964084893533724
0.00019358774085121404
0.0004861189302639902
9.92680063742037e-05
0.00013042965492540953
0.00013317247880354914
0.00011378878220058333
0.00152251037566736
0.0013730219894427485
0.0012875737396296238
0.0004674243187577058
0.0005935760037313889
0.0007579676611855055
0.0004984112166131046
5.097556513270992e-05
1.5491056905918472e-05
-0.000548556663158636
-0.0008115713339940125
-0.0011632722425895415
-1.7094605206117693e-05
-0.0008173344822314224
-0.0005846563320717204
-0.0011102021822505257
-0.00023829323025468678
-0.0005954302464523581
-0.0014971605544346585
-0.0006734095422049021
-0.0001740904675493067
0.0002281168715398815
-0.00041688513494156365
-0.001043092108174053
-0.0003921639470842785
-0.00019961957017562443
-0.0006607764680525142
0.00012404694309850863
-0.0009768602607451336
-0.0002175018909990413
-0.00018768327709430314
-0.0002919095320771897
0.0006240648496668142
-0.0007243560275484854
-0.0009984709903026825
-0.0004690986476752002
-0.0007031587590561855
-0.001560425257833916
-0.0019085945838048716
-0.0008713800503401689
-0.0007008004624796068
-0.0009428153695195686
-0.0010411672103993073
9.321255845060478e-05
-0.0001567251375130704
-0.001296057003158147
0.00028525337057545375
-6.561557149417868e-05
-0.0005183339772381474
0.00013993898183625123
-0.00010630760646950909
-0.00016859583712714937
0.00029604489606689806
-0.00036852392318763457
-0.0007059385249973472
0.00013657686825592087
-0.00038830273649244004
-4.0492032822238625e-05
0.000157645323202261
-0.00014348391950577954
6.111074714033388e-05
0.0002990112057090743
-0.00018602779338859122
-0.0001873292142974875
-0.001081145605695965
2.5462968986023223e-05
-0.000841509677007789
-0.0002625824931348565
-0.00023971761357654837
-8.418349717053715e-05
-0.00039087640580330585
0.0004968498875030454
0.0005974584520217396
0.0001042848504027112
6.343534308029763e-05
-0.00044843106043102954
-0.0003126638744113528
-0.00014996600737770464
0.00012121354113263724
0.000574636782553848
0.0002246247684841635
2.778372213267129e-05
-0.0001755935332833826
0.00022411146340744331
0.001059474155102675
0.0007085816597632112
0.0008838012755118694
0.0008957399351772971
0.0015325094689350868
0.000732610387418302
0.0008938601892470582
0.0018785747033719154
0.0004306053250646535
0.0010115160661882442
0.0005951006774210767
0.0002741539642787447
-0.00015040959098402474
0.0003445553770331769
0.001183741334312869
0.00012351496443897272
0.0012133500515750797
0.001034349663508175
0.0007799885728395333
0.000791522488075489
0.0006749136236291665
0.000802780635278074
0.0009474093820235653
0.0011343129212265574
0.0014448607292656243
0.0009082368021770908
0.0007938917280731702
0.0008768326617252844
0.0009424243812253062
0.0005649813428912742
-0.0003143956041312748
0.0010177453355315281
0.0007866870165093317
0.00035142240611413933
0.00017399242847071234
0.0011554062749602224
0.0007562396565805266
0.0018107909040521088
0.0014808223891208023
0.0010305111890580008
0.0014307879087925308
0.0018100301139979784
0.001236191486960882
-0.00020109367203954495
-0.00037559087227970726
0.00024311848194278132
0.0009037987864379139
0.0007020120211986357
5.6600289933378325e-05
0.0008425843779196353
0.00026034960476491946
-0.0001253756427291731
0.0008934316159013738
0.0013045853201705975
0.002693876610913724
0.0011417832755583476
0.0005442632482116679
0.000588443177062278
-7.339835408445974e-05
0.00019238785770461287
-0.00027003549256559276
0.0003609963360492371
0.0008174087248377325
2.5870918796761107e-05
-7.478196719635263e-05
-0.000618563893187593
-0.000863388371127764
0.00019764011780943222
-0.00023576250952250588
-0.0004967011619107838
0.00044860496008594826
-0.0006391427537935624
-3.91690241414147e-05
-0.0005118991606397757
-0.0002516224678045289
-0.0006132822113636948
-0.0008296245198215822
-9.275681908174453e-06
0.0011240934987986507
0.0003691419518374022
0.0006289994233690806
0.0011899201024888175
0.0010523892240436863
0.0012296701288710197
0.0004379902193424925
3.424852217149611e-05
-0.0006436228940152777
4.151166730243129e-05
0.00022367137765130828
-0.0011506487955923056
-0.0008259788716989508
-0.0005472534221405093
0.0008503084587455898
0.0009170495826303941
0.00045779798149787865
1.208743971935222e-05
0.0006875132933167023
0.0008595981273119991
0.0007028482417602146
0.0007906069850712211
0.0009201134587562947
0.0011457893231316702
0.0013120622686874314
0.002082464693497441
0.0011093810644318613
0.0017811910905788189
0.0020793350985452816
0.0016094831300386362
0.0015757529711482804
0.0002700658142393852
0.0007446225272601651
0.00015462780152664178
0.0004204233000480789
0.0005930237476018602
-1.2873336408809931e-05
0.0007968457768889876
0.001227398900780087
0.0006059180462363403
-0.00021782570503387595
0.000599491958360149
0.0008894995119424217
0.0006049086187078868
0.0009549617989948196
0.0007794692019938883
0.00031450960823823694
0.00020445701438252405
-6.155325891998864e-05
9.101630207374208e-05
0.0011694557065142694
0.001420008452946953
0.0009680857581919858
0.0015004990242074
0.0012956072644368171
0.0009440115182889834
0.0025370066918690226
0.0018053321773653093
0.0029297251475019367
0.00150193199679138
0.0011172418690843901
0.001556923497018123
0.0019184393529272587
0.0008057724666867634
0.0010456103725439664
0.002277486165279075
0.0027862743865563434
0.001005645493271604
0.0013864040211672274
0.0017693804873116367
0.0012575844451735213
0.001829005168800581
0.001999343817372163
0.002234492169484513
0.0012570305478283735
0.0004014591407852649
0.0008985178583329693
0.001480846271014586
0.0013175012982921345
0.0018523871634673857
0.0019259074015607084
0.0018386813304046932
0.001454778391083805
0.001300981690011734
0.001551418202729678
0.002322371074202967
0.001879329529242088
0.0008614889039245482
-0.00038679852513354336
0.001026023186252804
0.002372566952013687
0.0020349178016293382
0.0010758401363142097
-3.9829758874278536e-05
0.0008430811666816769
0.0008526210834255894
0.0002506676121361293
0.0014467206022387537
0.0013117396207541123
0.0004895495286112724
-0.000366120330263934
-0.0006597859423544414
-0.00025897626987841764
0.0001781665344239684
0.00026084355990270056
-0.00023274867091757997
-0.0003274267529879757
0.0004619306100685812
0.0010035102161110117
0.00010412464565739694
0.00032262988869792683
0.0009730863282389257
0.0008622251073137746
0.0005032801953526974
0.0006132912030875389
0.0013493502358947055
0.0015566645236267972
0.0020471072193058186
0.000846147182123046
0.0009047860065804236
0.0010524507788037328
0.0015357395223405449
0.0008571262344280995
0.0005908081157463024
0.0005472497215662643
0.0009429676597078429
0.0008510157716037437
0.00019589038809878943
0.0007150701797665295
0.0012564817512532606
0.00119639880727902
0.0010410625044596322
-0.0002433197746596907
-0.0005411035910831474
0.0001061831643095622
-0.00026455903873451124
0.0007438889761808068
0.000342248177152181
0.0011930250976350419
0.0018581518864728887
0.0018805820603035525
0.0017016484153504828
0.0006464927238520495
0.0012198618694943416
0.0015318263551213395
0.0014104561282776498
0.0014419984762169488
0.0007401322664216847
0.0010620199233147276
4.199032051262318e-05
0.0008247491229368309
0.0008031640490078438
0.0017309197992470427
0.001270815982522489
0.0008780054515480861
0.0011390077847695688
0.002186104557549307
0.00017084422178533008
6.6059070064033824e-06
0.00039888922392693004
0.0008085118328151968
0.0005483085292226759
0.0005577395945861039
0.0016840750560740184
0.0001705902895923729
5.529020369826764e-05
5.959700315166848e-05
0.0005261680675408181
0.0007646822756873968
0.00011091532768701566
-0.000298853670709752
-0.0002281649159257908
9.137818839706041e-05
0.0011489865329585743
0.0004447852369348467
0.00026154664081202625
0.0007566756224016726
0.0007120417948127414
0.0003789989560727008
0.0004448249848340945
6.989337607728316e-05
-2.589291564453929e-05
-0.0005416454771342785
-0.0008816762255916922
-0.0008076257335173656
-0.0005450496720458414
-0.0001655331213862894
0.0001369850588002863
0.00021657922673107128
-0.0009188043455165426
-0.0002632455212935283
-4.307783056957821e-05
0.00026070374877836504
0.0003646704081390053
7.986134186903007e-05
-0.000615769893219914
0.00018153090534444173
1.3965331820942365e-05
-0.0010463815266107267
-0.0008963074991590404
-0.0007612218983905233
-0.0002720637808921204
-0.00024907363441807216
0.0002974709362000709
-0.0004786631713909182
-0.0003878784876186889
0.000527548921688197
0.0002174902843105589
-0.00024248797931365556
0.0004973700365890174
-0.0004271158592082019
-0.0010215554513092304
-0.0011911746744605808
-0.0011640706976881177
-0.0016985882253995996
-0.0007069115868394284
-2.992181788929164e-05
-5.417665344739159e-05
-0.0001921405483920499
0.00016942792801028102
5.284115713578662e-05
-0.0001685394296891988
0.0010666121160014255
0.00018210549831611982
-0.0003749724199669775
-0.00013726660555355027
0.001140730187561779
0.00023289089427785189
0.0001569787611903024
0.0004559736051537968
0.0003788994243022427
0.001496322450701609
0.0019847056967193283
0.0005805165435649085
0.0001984797600328924
0.0012511780622289368
0.0009646843447914258
0.0004306319211924167
0.00017329377878871235
0.0007271963039136303
0.001738270354394588
0.0017000192491006389
0.00046564894512099875
0.0003575177487037891
0.001517448384916147
0.001982822133846515
-0.00010535023804769439
0.0003247752540176287
-0.0005304768416437938
-0.001068138084460218
-0.0015695731837619422
-0.0003270224280208895
-0.0011118124606605121
-0.0005141578814096857
-0.0001364492893933516
-0.0008409793293640401
0.0003938700024679771
-0.00014778745330604464
-0.0003810152077231064
6.2799987581989595e-06
1.4515920383106635e-05
0.0006091322582760998
0.0004565707527882932
0.0010994287267971942
0.002720879984727341
0.0018075097610786247
0.001722054873368787
0.0021720828667669972
0.002253562707731008
0.002011438105915222
0.0024032709005128556
0.0013101967866247714
0.0008772741196285942
-5.4452975588830884e-05
-0.000506923564837458
0.0007177050165138648
0.0015570014890955994
0.0010389471899789264
0.0008951085527203316
0.00041514796911933994
-0.00027769945458460597
-4.012749514645752e-05
0.00016130217116869927
-0.0003513736766001804
-0.0011823958440345165
0.00029140530276406496
0.00013694520236480284
-0.0005575251574154113
-0.00028536677747938144
-0.0007359517745742057
-0.0011170639692613606
-0.0008444267068508271
-0.000302474309086362
0.0006212150648989808
-1.0266944735783622e-05
1.0191253613836093e-05
0.0015166072791330154
0.0011553755035993356
0.0007844811508541595
0.0004721695788920922
0.0001243329051196388
-0.000626434988375919
0.00019161593054547492
0.0012695915015800145
0.0013505969243740364
-0.00017513309028298235
-0.0006472899299230052
-0.00015235713281293566
0.0006209864517060481
0.0005394924893263413
0.0025288442517877427
0.0018265857301212227
0.0014877267917073156
0.0016751809405943642
0.0003348032682030783
0.00042554130793714094
0.00023945680716667788
0.0004252146521873473
0.00030542218552728713
0.0007528355524706817
0.0009117365875026513
0.00016525807738946197
0.000764647070414876
0.001515582717695519
0.0016340524001320386
0.0016781358653477196
0.0008856773428209981
0.0008404862700130123
0.000958518201635769
-5.5106839731387314e-05
0.0005818218628000876
0.0003766857813698886
0.00030388748627709257
0.001333416231962912
0.001043474709660233
0.0011897294532725233
0.0011783235761344036
0.0009121096244355001
0.00114005259851653
0.0007875002035594981
0.0006470071606960084
0.0006496936732491391
0.00011056743642882862
0.00033488888872183287
0.0009392620517839938
0.000661308949934851
0.0005245256977898665
0.00019497287926756833
-0.00019170321239511974
0.0003762764079609297
0.0011567433938528377
0.0007754360826306712
0.00040207216298730124
0.0010994555778387927
0.00019820061920025923
-0.00040852302128818806
0.00039987328131845857
0.00037892992570359474
0.0015584440120530933
0.002239152701140643
0.0026407190232384213
0.0018677731306909022
0.0014486367471124952
0.0020627142288486087
0.0020110537375021735
0.0015151398991931472
0.0013552410327208075
0.001311871694090052
0.001116029919379101
0.0005188622172959558
0.00026260382028080544
0.0011536135621161357
0.0007760739443429474
0.00015121182713200552
0.00023888673988605022
-0.0008640212011499993
-0.0003963754674222682
0.0004067990629921409
0.000415808993191563
8.882126357114006e-05
0.0004733850620929388
0.0008370514557018683
-0.00044542123456814875
-0.0007256542060607922
-0.0006413679826775419
-0.00040020228150277086
0.0004803398956222003
0.0010946975110861371
0.0011677150022052286
0.0006029431225431821
0.0006159153913535232
0.0007113827069925684
0.000807293508989981
0.0012088865115845956
0.0013027381906066567
0.0008046553319260924
0.00045529123439535634
-0.0005294653545403754
-0.00029980685241158187
1.0137590316283175e-05
-0.0009266371961138838
-0.0013822637204580059
-0.0007623822406928488
-0.00011443876924031637
-0.001106339058905293
-6.491362150730785e-05
-0.0009445203017668683
-0.0018537063803991055
-0.0005693772942534294
8.382555528723399e-05
0.0004647400583431143
-0.00019095037502764062
7.839993407861745e-05
0.000123745063160626
-0.000414647851063882
0.0006115910186619144
0.0011030427086980259
0.00012927426265621527
0.0006180922891415751
0.0010215619454931146
0.0010235057961144986
0.001194519472556099
0.0011349988808431958
0.0012002186067849145
0.0025172196426631495
0.0014779287541062491
0.0019229344198783346
0.002047895049712333
0.0026065334834558264
0.0016283684456118914
0.0006944669758018429
0.000970092682239655
0.0017267354608190401
0.001568368781477687
0.0012517344711626332
0.0008252143099793719
0.0011844632579591933
0.000658431576707903
0.0002641757836218574
0.0009560945329350646
0.0006824582656523113
0.00013251364744573793
-0.000494428603055376
0.0002279703953963698
0.0011539616742540556
0.0008045159445319862
0.0008499573291778188
0.0006172245262120999
9.537912354636981e-05
0.0008436755595602627
-0.0005623275246309562
-0.0006707085434498264
-0.00143425807889841
-0.0009897872374241448
-0.0010047361229878061
-0.00010637595714739275
0.0003690486767279936
-0.00034944669509176957
0.0004664734673284514
0.00039001826066696187
-0.0008298774493518921
-6.084488891296407e-05
-0.0009751081362482178
-0.00017779177149163106
0.0004460993744980013
0.0009683179500542289
0.0008588024639109187
0.0003427084078826614
0.0009613453068555444
0.00028281177381585016
0.0016254420997998487
0.0009311739405784484
6.224352814128057e-05
0.0005388473840575966
0.0006402540164875044
0.0002622288738293071
6.577680955842076e-06
-0.0005398985953715303
-0.00015122089400137177
0.0009020679070358183
0.0009138800834828948
-1.6660207667652395e-05
-0.00020943637500699298
-0.0008408006232567655
-0.00015737543733193468
-0.0005604890362810082
-0.0019351342869609435
-0.0010894180673301473
-0.0006116357228508156
-0.0004918988175582744
-1.777014900097081e-05
0.0011229929936493266
-0.00019377576019449674
-0.0008172248518844834
-0.00015442902405968484
-0.0005513993269179451
-0.00017898412379405078
-0.0008552780652552969
-0.0010529590157812784
-0.00021510611536023534
0.0006822713263216014
0.0007124834171646154
-0.0007639868780685485
-0.0001443085737207802
0.00047002842628950407
-0.00042721091011007554
-0.0011748839675251432
-0.000761020511043024
-0.000984896832109102
-0.0006372434409375329
-0.0005670992425121909
-0.00020040782549729877
-0.0005983607808016878
-0.0010876776114205618
-0.0014587436769108902
0.0004435633411400556
0.00024051804896606466
-6.515792478642212e-05
-0.00010957528678699608
-0.0010040113696110043
6.101821170128678e-05
-0.0011079624308745317
-0.0009175408983263527
-0.0002576162341618927
0.00042010050561151475
-0.0006916024388064968
-0.00010903370429957935
0.0014623920815301987
0.0012556570348150522
0.001108435948436304
0.0009676685262551753
0.00014314088095123626
0.0008489237718180716
0.0002489343424167864
0.0005759084176417094
0.0007248949646978961
0.0007778241515999547
0.0007074937080506198
0.0006323270429761079
0.0010253057513439161
0.0007042256777551361
0.0011382024574606445
0.0012523638832593682
0.0014616363614931497
0.0017724091514688374
0.0016734311702821456
0.0016314674527483702
0.0010780712069824944
0.001061045598052971
0.00039323261666985817
8.462671961699509e-05
-0.00015368091638183218
-6.204091584728226e-05
0.0001967875211341685
0.0016135543319080862
0.0006844738155668494
0.0014984538922240304
0.0013121490951300233
0.0013938854206963234
0.0016494695341223464
0.002345785574127622
0.0026154138814360886
0.0018056463930144827
0.0011074044178436245
0.0004441431700679138
0.0007276773040643851
7.340651994180574e-05
0.0013129473592583475
0.0007432020911286887
0.0008646366638701384
0.0006069050982590299
0.0008529742951503979
0.0010622714341201112
0.0001707628872083082
-0.00042422831406094795
-2.1077418290285643e-05
-0.0003207702340123275
0.0003762561394380413
0.0005407013752842059
0.0003499750359335838
-0.00018501701309550222
-0.0007569404500802343
0.000774439691043052
-0.0003680145218425179
0.0004136781953850716
0.0003115118819812627
-0.00010844803840597629
0.00044649705489018454
0.0004282431798652105
-0.0003264512414269647
0.0002470383191154843
0.0004845173040143941
-3.2095817324376144e-05
0.0004310261557076408
0.0009618269266881898
0.0008392020836590511
0.0006946353362151326
0.00019002894074404106
0.0008149657263608784
0.0007797113342016916
0.0008181960342374015
0.0008268371035340756
0.001290521924984159
0.0018262190559237097
0.002193820777393059
0.0016253438368182048
0.0015293273411323964
0.0022034096136004334
0.00221968091872282
0.0023256550453505465
0.0019537962751759014
0.0017628569885253967
0.00205619963311198
0.00030217596149865263
0.00037604720204849253
-0.00022270635831891082
-0.0006935021011059807
-0.00044989167517773166
0.00010890853949505573
-0.00018647620488883185
3.116064818688778e-05
0.0003078118112638564
0.00072753069005584
-0.0008314793379862204
-0.00033412686795689984
-0.0009780767568860907
-0.0010914384935511016
-0.0008240842923551439
-0.0007038107910405226
-0.0003231812736480339
2.6430272682393e-05
0.0005939515680704159
0.0005986450630979419
0.0007319624697248322
0.0005551324307738429
0.0011195615107277151
0.0009647846183898237
0.00029513388518054165
0.0008188453349763617
0.00021399332728513432
0.0007811918982067582
0.0016497610238989033
0.0013892305272314182
0.0013074718331211506
0.0019643295300407295
0.0018699252762442765
0.0011700631980562167
0.000735403581090456
0.0005722389269655099
-0.0002328868567868305
-0.0010539985815138844
0.0005721690148810439
0.0009034398638501179
0.0002795461374254419
0.001394357341217861
0.0008759847324998366
0.0012852006541427658
0.0008495347729550811
7.173228410137629e-05
-3.6364940116182106e-06
0.00042928015766099763
-0.00039246748427250694
-0.00019181650317961568
0.0006320242065221097
0.00014283519709100054
0.0008747976527538725
0.0007977903232943766
0.0013705067510955443
0.0014803001288327413
0.00016405329930313352
0.00038872045365869444
0.00037243774473985495
0.0007174124731934772
0.0009109836655037585
0.00012062001627268729
6.191183402571806e-05
-0.00010394433970605402
0.00042537019470241847
-0.00024612294168313884
0.0004390566300075294
0.00048643717935842345
0.0004239328597327962
-0.00014165785780391373
0.0003264469713827234
0.0003104217372723341
0.0010410645203239757
0.0003130275561235709
0.0009434744976558788
0.0013252123739739968
0.0012134514661863807
0.0012097954694508207
0.0002130062540789923
0.0008089886873252674
0.0015595539393824889
0.002795483180754268
0.0015116629116899848
0.0014462392712179038
0.0013575586526837023
0.0018065650743971174
0.0010905246137969712
0.0005834503948336227
0.0006470971046472384
0.0010427148848527106
2.3243430790598988e-05
0.0008458914429903266
0.0006652466011974952
0.00042632724116362076
0.0007743505505956656
0.0013100786064361985
0.0006145139581337894
0.001060871006852631
0.0018470607472365207
0.00031702332168951307
0.0002622341926804546
0.0007731640865912614
0.0006958028812909616
0.0002547628701043043
0.00036946880520296937
-0.0002145098064088089
0.00029094345546217833
0.00036245652420705823
0.0008316144017448139
0.00033380111741997256
-0.0012486553226071489
-0.0012113959832539961
0.00011539161341095761
-0.00019980868488221745
-0.00013315497325273352
-5.536356850070496e-05
9.704704565640708e-05
-0.0002807018658905199
-0.00028394085778577524
-0.0009046060208114694
0.0008223274635288185
0.0009537887342945942
0.0015157663797049912
0.0020893888663926765
0.0015064601259720404
0.0018881790386009194
0.0016372339823594079
0.0012793965837754064
0.0015305515102909113
-0.00020623420490328576
0.0009252030116025362
0.00048579761479672996
-0.00017523947386858694
-0.00045204728361924833
0.0004962369476372376
6.487810935808935e-05
0.0006008249461146412
0.0004562885681058114
-0.0001360046659149207
0.0002564629040236289
-0.0004690970197781779
0.00012152929874474778
0.0006216436307393016
-0.00022970065625978168
8.460911520938053e-05
-0.00039358750659349506
-0.00021043965180506894
-0.00015224806620176413
-0.0010935780686172978
-0.0002840946018157969
-7.687273538840508e-05
-0.00010006611242367069
-0.000129664195020281
0.0006396703666725176
-7.003670647310901e-05
0.0001123123864699906
0.000762934737544312
0.0009026843482684388
0.00015275143330540167
-0.00039545230224822067
0.0002652601945800153
-0.00022940420121439942
-0.0008221004515554423
-0.0008317271364489537
-0.001051963782813654
-0.0009800184156249997
6.474992527160964e-05
-0.0004769825711714434
0.0002283543448783189
0.0007340568979559504
0.0003403587869868364
0.0014851996027919095
0.0013822110702044633
0.000637232563908493
0.0010236093431958155
0.000591499690249425
0.000639099547280294
0.000268686769714671
-0.0007109778287561768
-0.0008577166311077223
-0.0007186834610070388
-0.0008142130610934598
-0.0020294502845648143
-0.0010714310584119466
5.2960434586179144e-05
-3.113732054701372e-06
0.0006807978727607014
0.0022569297821060158
0.0017183866091238164
0.0006467920180071034
0.0011919561639467443
0.0005469492260580639
0.0009826674063599032
0.0008042354945941205
0.00048718937730763225
8.391535364382012e-06
0.000670683868308139
-6.855564013819699e-05
0.0007029552541145298
0.0014258171712838142
0.00040411103136760217
0.0005143622121339717
-0.00026073423827071196
0.00021413677475671259
6.87502105982762e-05
0.0004721097730896576
0.0001798892513675158
3.504315092502292e-05
0.0003992022859026465
0.0008154312647355205
0.0005423509799601
0.0003946503437160565
0.0007956203056041008
0.0006816626004785846
0.0007703677793172434
0.0001404259240337801
0.0007537155257430848
-6.938178193924613e-05
0.00029836153991749366
-0.000413671958153053
-0.0005611894797235477
0.0003137173400346383
-2.706104919791494e-07
-0.000652245540314662
-0.0010043494228735002
-0.001427734553212236
-0.0005672431533759448
-0.0002487110153923475
0.00029206012112511755
0.000932534336117718
0.0015806592691515865
-0.0002608339644300421
-0.0002965359197667519
-0.00016819845070336473
0.0005765183218865619
3.631178667653405e-05
0.001244135548073084
0.0007996898362836154
0.00044258171233931026
-0.00011135561737135092
0.0004967130736190558
-0.000219934452574595
-0.0007674982645172622
-0.00037214349826282804
0.0007876739696997063
0.0004863180259027661
0.0002740661103694358
6.300909643101838e-05
0.0007386038760062932
0.0005238791037606928
-0.00017879038217950317
-0.00046591564029076476
8.700747082113745e-05
0.0003931154837077604
0.0005311676483784896
0.0005164619264225766
0.0011837366448553632
0.0012512160493531154
0.0002530334284661795
0.0008084391211467749
0.0002693338749890315
0.00021220511351230397
-0.00022889281342414175
-0.00015567525756362134
0.00027465764609535927
0.00013425065694203857
-0.000535077340140767
-0.0011348585468192243
-0.0005772348383290995
-0.00016930537369144738
0.00046787317417998874
-0.0003639389570378966
-0.00034974242426366245
0.0004991202025935519
0.0007385918430734952
4.346280245261388e-05
0.00046873857796442167
-0.0016395956454098189
-0.0011520251373408922
-0.0004968182535413659
-0.0009659443826221634
-0.00010136316051591147
-0.0004501411460207216
0.00022757179191769004
0.0009339898066827416
0.0005589881359632971
0.0002286901588607215
-0.0005600798187167294
-0.0005593393407129205
0.0006827060099778794
-6.798453561975926e-06
0.0010446993219571429
0.00021078326448059615
0.0002397545895973822
-0.00011182637555902787
-0.0007414492490210255
-0.00023999515589633318
-0.0001978483666659446
5.536412335838733e-05
0.0007685346215207652
0.0007789380945324156
0.0007649890362056884
0.0019324699652598025
0.001105935396090052
-4.885097880436245e-05
-0.00013419097661557656
-0.00041743335382198694
-0.0005691996017898587
-0.00047609793584027786
0.0007899399604391021
0.0006856199891624254
-7.979890491887124e-05
-0.0005738059192858039
-0.0012557708504827448
-0.0006371810058062783
-0.00020849377951975877
-0.00038253975878725513
-0.0002481725595804661
-0.0003519537363950506
0.0001784726921654113
0.0006969527711540909
0.0005833148642448695
0.0005489265395246172
0.0004411991673612524
-0.0002898388116361044
0.00033131336025735234
-0.0006775646918552249
0.0003067961605741891
-0.0007555497220730033
-9.929927271319595e-05
0.00019731419335890146
-5.85081777209884e-05
0.0006304444379270668
0.0006454145824296031
-0.0002130523890276015
-0.0006191994365808837
-0.00035227529079533837
0.0002590953102877657
-0.0005022225218698387
-0.00011236757253266715
0.0008394957639967761
0.0013067606025544674
0.000605943858385353
0.0008432378727755265
0.0003546117819942932
0.0007711642292752102
0.0010468479961714084
0.001215573765554455
0.0002614967440870979
0.0006410598839123137
6.396680185993722e-05
0.0006669281354522002
-0.00020547753751725046
0.00021754810431899374
0.0008908346551859969
0.0012662230049675476
-0.00019200253467475297
0.0006249154383300132
-0.00016683324295587598
0.00039493427408154977
-0.0004684742874847017
3.9627065375234826e-05
-0.00033474001193252586
-7.849388771608072e-05
-0.0007374456608424726
-9.401749225504218e-05
-0.0005028971148102285
-0.0012817224840147557
-0.0005179184388081827
0.0002610468322911781
-0.00021981656702719534
-6.4706798492059e-05
-2.6255866477266942e-05
0.00026206391909300547
0.00016170098369992737
-0.0004590209799366983
-0.0004926759136334038
-0.0004346956857445817
-0.00026844197498038984
-7.322349896595712e-05
-0.000617332007545194
-0.0011653669291545037
-0.00019725177631274798
0.0004637647664915982
0.000729305454315929
0.0005826188898159559
0.00023736498498540465
-0.0006823069558777545
0.000252644519501759
-0.0009000793261202823
0.0006494777439583396
0.0006624112833917486
0.0009089426992077015
-0.0002347356937785612
-0.00047334303129798323
0.0005293702711325421
1.793485474588542e-05
-0.0006313604998558538
2.6041496428466887e-05
0.0006571634516603778
-0.0001780444416958594
0.0004369856361991749
0.0003510199974621605
0.00025168594195998167
0.00013422351538484552
0.001177500762427712
0.0009584891800777093
0.00026407299063779897
0.000945618497969341
0.0011321384619740887
0.0016008000105572993
0.001017711195525294
0.00037271203753893147
0.0009917522593650165
0.0017728803876164028
0.0012272053305542913
0.001458202082650691
0.0006327548574288301
-0.00030586600512200104
-0.0003307437341977116
0.0002700443150506037
0.0003863844894712704
0.0012457269675761324
0.0007229047436679324
0.0010405968476332882
0.0009750570634193112
0.0018663731492522054
0.0014065383669086304
0.001755032627697366
0.001346460852696801
0.0007559554059898939
0.0015376392233373236
0.001003934211715311
0.0013187881612832008
0.0009728001324456962
0.00021963149555530195
-0.00034564629314886794
0.00016821988015970719
0.0012802347015601397
0.001582213399226897
0.0014822813820140168
0.0017694172522322747
0.0016092412129165845
0.0013711808483260557
0.0007427778172471419
0.0004034039113319642
0.0012568906161237064
0.0011957262589652237
0.0005878691032093126
0.00044765892786603707
0.0002817755418032665
-0.00041302018380583936
0.0009761242604104153
0.0010640597998680659
0.0006549741323740578
0.0006259702374364941
0.0006639434193212855
0.0001861835996302744
-7.582658960637531e-05
0.00012547560358954727
-0.00012231968191314115
-0.0009661248965512751
-0.00032709370586642286
-0.00026034212930652165
1.887158910643871e-05
-0.0010448924766708243
-0.00029188362984911253
-0.000561339522539093
-0.0011817414747899372
-0.00044629560476992184
1.223874002442859e-06
0.0002986214980694214
-4.529702219665307e-07
-0.0005469455285454205
-0.0006723179529750391
-0.0006994102262698931
0.00010148195382070043
0.00018535835585597888
-0.0007198435292612544
2.2632007902042217e-06
0.00025296047037591166
-0.0009632246435122499
-0.00037933089002183996
-0.0004904433470398527
-0.00016513854263652106
0.0010259068826909063
-0.0006225345096202995
-0.0012913562431066056
-0.0011666049600110467
-0.0009871727292618863
-0.0009811327245017251
-0.0008147061593779519
0.0008104937697239476
0.0015834245844093407
-0.0007451826692640105
-0.0005888751729999812
-0.00028978071248878006
-6.979885775032653e-05
-0.000520984749630109
-0.0003060315766556377
-0.00044098832171372403
-0.001481280231738181
-0.0007089105711883121
-0.0006672289555355274
-4.544234218574608e-05
-0.0006077227094236515
-0.0011378444899354417
-0.0004891967384452971
-0.0009880051134699326
-0.0005864652676555355
-0.0014376483167896415
-0.0007615018234130284
-0.0005916206236189622
-0.00016164601171321286
6.935937075678135e-05
-0.0005744575596107684
-0.0003250832128233969
-0.0005168095303077641
0.0005922401436154251
-0.00046694438855089774
-0.00029795283288008357
-6.325415093748757e-05
-0.00029834747599240025
-0.0007610735730863973
-0.0007312798354672173
-0.0011781356430585791
-0.0005157513549296558
8.049864999015888e-05
-0.0006176024237335918
-0.00019691729430400495
-0.0005921917949758033
-0.001105971666183184
-0.0010920402489526793
-0.0007440470142296502
-0.0019146378266580364
-0.0008909301189030628
-0.0009044694763977739
-0.0005196090504226926
-0.0013571445752729053
-0.0009717099787543144
-0.0002621122988499459
-0.0006167446403941174
-0.0011295317685341105
-0.001119222642740222
-0.0010463715180955952
-0.0012288285722773672
-0.0007363245141480677
-0.001640826736597868
-0.0003372556455126436
-0.0004072744668125654
-0.0008591249386655532
-0.0007305643575739137
-1.231476150478244e-05
0.00020326710589388083
-0.00032952882983467314
0.0005920866000203099
-0.0012133622169043328
-2.638051162211875e-05
-0.0005878464198086378
-0.0007823995662986806
-0.0005459111708237395
-0.0007186711296127583
-0.0019219895509268777
-0.0016759287431547313
-0.0022470011735668026
-0.0019186125828330766
-0.0020149311170630122
-0.002817997653357579
-0.0019423501787087316
-0.0021542648959624305
-0.000995403850539683
-0.001443680162575968
-0.0013892878449004759
-0.0011219359009511402
-0.0007776408332826493
-0.000557361674643928
-0.0005393951513396994
0.00013703326993913593
-0.00165575464760689
-0.0009448456145366712
-0.0007867635084340978
-0.001312727689783049
-0.0009665073553414816
-0.0011865582572417837
-0.002381759945478735
-0.00218598185480453
-0.0016307210156100865
-0.0009576801844077786
-0.0014276419008303642
-0.001056836328111094
-0.0019618776258562938
-0.001901442143210052
-0.002222558137900165
-0.002406131540162822
-0.001116565224408457
-0.001350031848002092
-0.002122451163872124
-0.001059438771669053
-0.002138863893622687
-0.0023551760869268104
-0.0024154855808566317
-0.0018051037577052345
-0.0011981695854093347
-0.001529735405878029
-0.0012837208018955716
-0.0015331044566081794
-0.0006170798666435845
-0.001050402350841113
-0.001222986630631914
-0.0013103571957449416
-0.0012580218011877563
-0.0016178696437629998
-0.0014044013228861427
-0.0006328899172203454
-0.0003540712078722191
-0.0009345527758439534
-0.001951656451208819
-0.0010033537362922201
-0.0013408886814145556
-0.0018142212968277553
-0.0016112276867048013
-0.002192381041363638
-0.0008971381290408102
2.7710918754298894e-05
-0.001323672604103032
-0.0020755656044938752
-0.0024839720290237214
-0.002414971301682288
-0.002194412549982323
-0.0010270603432809722
-0.0009387435396500108
-0.00010727736289255579
0.0004428854634861245
0.00044290046726398866
0.0009595457761123859
0.001088821656288482
0.00021946575361991733
0.0007820801106176697
0.0007187041034876964
-1.217957542932903e-05
-0.0007087392064784473
-0.0004400280914033038
-0.0006643358297244632
-0.000891580689640261
-0.0012723548544253506
-0.0006951087937133508
2.1193098384936345e-05
-0.0005269561874237991
-0.0009415379353986248
-0.001214250215228477
-0.0004943914325375767
-0.0014669343597050665
-0.0008805970127806398
-0.0010844168927665123
-0.0009456264167367229
-0.0013960819584730375
-0.0009870242343234133
-0.0010279396226573815
-0.001132526523127758
-9.229532122612412e-05
-0.0010148926296566288
0.0007188622895690398
-6.040307245355491e-05
0.00018978304372686553
-0.0001756955853686713
0.00017991187844618357
-0.0003309476282860041
0.000696463095915012
9.970997563825803e-05
0.00026966131503182835
0.00016601566093937624
0.0002130244978779269
6.640151588746562e-05
-0.0010899116652512808
-0.0005506689197537951
0.0005518618632087207
0.0002718954718305177
-5.256890486724484e-08
-0.0003682699443992318
-0.0008875701189208347
-0.0005300358713332443
-5.449911083677097e-05
-0.0005388209508319044
-0.0004721658813148088
0.0003459699216041494
0.0009760798226574007
-8.29522670497735e-05
-0.00013185617515064948
0.00020377918624586965
-0.00034363442064731873
-0.000763726549672872
-0.0005049618514147683
-0.0003164095383371003
-0.0008694575722028911
-0.0010428655244417626
-0.0006580205058122014
-0.0006782792509421177
-0.0011460130479662364
-0.0005305447451258595
-0.0002520056058062181
-0.0005281309994115984
-0.00018289600158819213
-0.0004922929047578426
-0.0009265118600278717
0.00021583880509812065
-0.00011870396315146506
0.0004745312508217448
0.00023950541595276934
-0.00038652636157779824
-0.0014877151459312234
-0.0011538209156793085
-0.001739775375293338
-0.0004294299791079321
-7.803084039198336e-05
0.0009529177332168904
0.0007825678496923569
-0.00036543160348230904
-0.0007403818717724358
-0.0002371777763246275
-0.00018203863801105925
-0.00013500817901115035
0.00026207436069629157
-5.4420844963595034e-05
-0.0008114258969940009
-0.0011388651189023662
-0.0006787690777853582
-0.0007024033232932573
-0.0002334581962460438
-0.0015701310957299914
-0.0009930424539153753
-9.515977766958882e-05
-9.739924192881516e-05
5.524464310441198e-05
0.00021883734233689065
0.0004675813333011171
-0.0003495191274849402
0.00033510814253055136
0.00043384009520296813
0.0007349324035256103
0.0005279953333840599
-0.000635073824021986
-0.0004265753099870969
0.00011788274725611134
0.000615900365259358
-0.00037173968514603377
-0.0004789741350880469
-0.0005726935229543291
0.00014886397216724411
-1.2288008280962303e-05
-0.0003350646397344728
-0.0007362190910274605
-0.00015727071960466965
-0.0002056614650913547
-0.0009984112376160178
-0.0002550211627292264
-5.251455315530079e-07
0.0007517271880847203
5.939874683485275e-05
0.00010404094004086304
-0.00030183745968449766
2.0969753037094224e-05
-0.0009646635627021729
-0.0011592912927341024
-0.001075603610202785
-0.0015254850024839174
0.00017263415109684382
0.0001716573963850533
-0.0008216387388827178
-0.0008820662371513308
-0.001515852101149007
-0.0015049888538168298
-0.0019206599089654473
-0.001820113616243501
-0.0004881741257882603
-0.0005301797593841302
-0.0004344051563216512
-0.0003909240654856472
-0.0004452020883718024
-0.0008581051720561681
-0.0009538655652436116
-0.0008449615369519462
-7.710503914597927e-05
-0.00031651923789969644
-0.00043741372331552065
-0.0003710097937371059
-0.00035194885038962475
