0.001
0.003996
0.015920127936000002
0.06266670985000558
0.2349583733063232
0.7190117444782786
0.8081354231223248
0.6202102440689035
0.9421979888835786
0.21784375450927385
0.6815514125223083
0.8681563384446185
0.4578436418522061
0.9928913658708598
0.028232405799832896
0.10974134825034583
0.39079273893816857
0.9522950965254919
0.18171658263598373
0.5947826649243337
0.9640649857193659
0.13857475611713874
0.477487172336857
0.9979726903624385
0.008092798612779725
0.032109220893570864
0.12431287530871495
0.43543673736477934
0.983326340471582
0.06558259442539373
0.2451260709353122
0.7401571211325139
0.7692982286773723
0.7099138561249188
0.8237446920270677
0.5807574975371964
0.9739129063661188
0.10162622871847317
0.365193353419735
0.9273086721511341
0.26962919481773834
0.7877171684787059
0.668875323850384
0.8859244999777117
0.40424912126781276
0.9633270768880559
0.1413120792894783
0.48537190214545
0.9991440750126308
0.0034207695191407653
0.013636271420150732
0.05380129408762685
0.20362685936849415
0.6486518460488706
0.9116105146650515
0.32230713686868573
0.8737009855687841
0.4413902935396778
0.9862596092345394
0.0542063697082923
0.20507215676536092
0.6520702691398566
0.9074985329749263
0.3357797824931315
0.8921268806479873
0.38494603789311654
0.9470503432140313
0.20058396252886743
0.6414001460203413
0.9200239948217046
0.29431937509606665
0.8307819221565099
0.5623332798977785
0.9844582488687408
0.061200820412132886
0.22982111997205898
0.7080134911473898
0.8269215500026992
0.5724892005753306
0.978981263199798
0.08230779801410354
0.3021328976006923
0.8433944391524075
0.528321036636814
0.9967916755352649
0.012792124475456204
0.05051394410744255
0.19184914223261088
0.6201721954288892
0.9422345737832034
0.21771432700315368
0.6812591952828703
0.8685804165016252
0.456593906285954
0.9924636441139498
0.029918236904035878
0.11609254401835946
0.4104602609668189
0.9679305405354794
0.12416403693669611
0.43498931547311553
0.9830944435893837
0.0664790342922551
0.2482382891672971
0.746464163834362
0.7570216637817151
0.735759457387516
0.777669913009376
0.6915976776374622
0.8531613196957245
0.5011083290830971
0.9999950864265742
1.965419713039324e-05
7.86152433717136e-05
0.00031443625206089285
0.001257349527617131
0.005023074399130128
0.019991372490843727
0.07836687006710426
0.2889020149719594
0.8217505628684045
0.5859063011754595
0.970480429673405
0.11459266117731294
0.405844732726458
0.9645391425785914
0.13681354004938848
0.47238238123417137
0.9969490685348213
0.01216649312949374
0.04807387829769489
0.18305112209245322
0.598173635172588
0.9614477494279984
0.1482638981913409
0.5051268587377944
0.9998948612779308
0.000420510671673234
0.0016813353697929716
0.006714033924669019
0.02667582269250965
0.10385689270474974
0.37228255416985534
0.9347530161224963
0.24395925988956996
0.737772557614813
0.7738568433812418
0.700009717333048
0.8399844518894171
0.5376422898938106
0.9943322320462014
0.022542577440882137
0.08813763857281587
0.3214775809584942
0.8725189835982761
0.4449184274356293
0.987864081455344
0.04795455210293394
0.18261965214216372
0.5970788591745554
0.9623027804054674
0.14510455691749694
0.4961968979170953
0.9999421456581881
0.0002314039787482778
0.0009254017237875891
0.0036981814217488
0.014738019503682528
0.05808324113916641
0.2188383129517434
0.6837924229447129
0.8648813810724472
0.4674463109866544
0.9957610293264895
0.016884007204558606
0.06639575002110007
0.24794941760094263
0.7458820156491839
0.758168137521178
0.7333968510753845
0.782103639632379
0.6816701460246593
0.8679838321735159
0.45835159703557465
0.9930616421220513
0.027560868271624905
0.10720506724695619
0.38284856321412714
0.9451021634360225
0.2075362564182893
0.6578598347606854
0.9003210902773163
0.35897209871672303
0.9204445242385371
0.2929056081513209
0.8284476514593031
0.5684885610034726
0.9812372680466944
0.07364276737181594
0.2728780407425461
0.7936624624922218
0.6550494324920176
0.9038386939356131
0.3476572371215128
0.9071667303941962
0.3368610146403999
0.8935426858233608
0.380496617739742
0.9428757665134347
0.21544422174055053
0.6761120362366361
0.8759382027703432
0.43468187079121734
0.9829341679866591
0.06709835756413327
0.25038467190531594
0.7507687519207329
0.7484601322404717
0.7530702507481892
0.7438217927449945
0.7622037335304678
0.7249968084907338
0.7975057446759363
0.6459613275392665
0.9147811634518999
0.31182634578195334
0.858362703432908
0.48630469115303054
0.9992497540623445
0.002998732274754092
0.01195895951799376
0.04726377122096299
0.1801196286037418
0.5907061919815677
0.967089546944812
0.12730942053956118
0.44440692792576936
0.9876376413493975
0.04883812295678563
0.18581184281137408
0.6051432075296612
0.9557796236414984
0.16905973869285637
0.5619141737838379
0.9846665403386589
0.060393378704620665
0.22698407405304374
0.7018492167173044
0.8370275748424427
0.5456496551832867
0.9916644359265882
0.03306432977995958
0.12788431950464663
0.44611968131792035
0.9883876450348702
0.04591003270917451
0.17520920642326815
0.578043761631187
0.9756366850818179
0.09507897521751839
0.34415585475641963
0.9028504095731913
0.3508461900268481
0.9110125638819716
0.32427468932467285
0.876482460752239
0.43304382698375526
0.9820674835800747
0.07044376509909774
0.26192576423104347
0.7732826330521091
0.7012664098884251
0.8379673290024977
0.5431123381076699
0.9925653052115598
0.029517680407371627
0.1145855478029596
0.40582280015062105
0.9645226201141206
0.1368749416092496
0.4725607678748564
0.9969883541615299
0.012010303311255037
0.047464223702506775
0.18084548468330067
0.5925615814118509
0.9657294145861492
0.13238444955697085
0.45943522828987476
0.9934179971844216
0.026154720218056527
0.10188260331348685
0.3660101538222141
0.9281868844850132
0.2666239678200719
0.7821425104158127
0.681582415265052
0.8681113058660408
0.4579762659743926
0.9929360231141799
0.02805630846550662
0.10907660808317984
0.3887156066089929
0.9504631351503822
0.18833185548195414
0.6114518707707138
0.9503139220068324
0.18886948658729785
0.6127912144941935
0.9491125677316994
0.19319160602175892
0.6234744375379696
0.9390162530987282
0.22905891806061382
0.7063637204700592
0.829656059495021
0.5653075297528608
0.9829397062303168
0.06707696058470128
0.2503105677736788
0.7506207497379895
0.7487569592030721
0.7524799009921646
0.7450155983799471
0.7598694262020658
0.7298715253016363
0.7886363274219966
0.6667562819693679
0.8887693696950107
0.3954335087477762
0.9562633956287944
0.1672948552371291
0.5572291465932685
0.9868992991208247
0.05171629006259852
0.1961668616190388
0.6307416960863027
0.9316264356179075
0.25479448030312146
0.7594970124407349
0.7306452021373324
0.7872111629241163
0.6700389915671069
0.8843469653873655
0.4091096407900932
0.9669557704107765
0.12780923392031268
0.4458961345800619
0.988291086986485
0.04628725747822758
0.17657898909348738
0.5815953988168377
0.9733687635676848
0.10368805471360547
0.3717473680932553
0.9342050496359723
0.24586389948249138
0.7416593696550191
0.7664029962317553
0.7161177743949734
0.8131724303622536
0.6076921154439976
0.9536096330847867
0.17695320309074056
0.5825630680266707
0.9727333591920934
0.10609268442783695
0.37934810695492943
0.9417724828185635
0.219348293697288
0.6849384789975052
0.8631910359443574
0.4723690856386579
0.9969461302862246
0.0121781743741868
0.0481194657723948
0.1832159311446965
0.5985914148779133
0.9611189316494847
0.14947732349775145
0.5085354130308001
0.9997085868975746
0.0011653127233166177
0.004655819078293977
0.018536569708016683
0.07277186116590609
0.26990446955342473
0.7882241874740367
0.6677072710197255
0.8874970849884654
0.39938403650176824
0.9595057115572899
0.15541800418491472
0.5250529926403702
0.9974893902390463
0.010017226398327781
0.0396675262944497
0.1523760546085154
0.5166303703618326
0.9988937231265131
0.004420212099864175
0.017602695299425555
0.06917136167048454
0.25754673758054225
0.7648656621686463
0.7193847240158582
0.8074813714739429
0.6218208247860124
0.9406387465938226
0.22334998000089987
0.6938590657379899
0.8496746505247748
0.5109105551215065
0.9995238391477622
0.001903736492322319
0.007600449118760478
0.030170729167814443
0.11704182507718733
0.41337214503915365
0.9699824589795303
0.11646595300621654
0.4116065391862812
0.9687463843414943
0.12110730866710445
0.4257613138180606
0.977954469895918
0.08623809882604785
0.31520435654766665
0.8634022806441524
0.4717551296905149
0.9968089092048015
0.0127236309389413
0.05024696061868366
0.19088881426907248
0.6178010994240801
0.944491603897912
0.20970885625704688
0.6629242074576326
0.8938228104972092
0.37961437572831686
0.9420292058748686
0.21844072461453212
0.6828974977776411
0.8661940212267111
0.4636077552712443
0.9947024180944094
0.02107807012617663
0.08253514034373044
0.3028923638086846
0.8445943190202881
0.5250190211957755
0.9974961943136214
0.009990146573854016
0.03956137418114772
0.15198508741618774
0.5155424824771261
0.999033724953793
0.0038613654349685285
0.015385821167784636
0.060596390699110346
0.22769787253340446
0.7034062055086638
0.8345036622422688
0.5524291997860407
0.9890047160391817
0.04349755076575701
0.16642205537254962
0.5549030194325025
0.987942633828777
0.047647944368944165
0.18151047106543267
0.5942576798361495
0.9644619591676237
0.13710035394469072
0.47321538757172504
0.9971303381482682
0.011445707570353918
0.045258813394271444
0.17284181281765584
0.5718700822382491
0.9793387651162693
0.08093739302724015
0.29754612574877687
0.8360497152026798
0.5482823556487912
0.9906752565320145
0.036951170508967075
0.14234312602793725
0.48832624200212804
0.9994548934968285
0.0021792374482868877
0.008697953489723487
0.034489196379256376
0.13319876684947785
0.46182742143702515
0.994171416983414
0.023178442546418876
0.09056480939016494
0.3294512987611521
0.8836525620229688
0.4112428466128482
0.9684886708904386
0.1220734609892414
0.4286861244453982
0.979657324613531
0.07971540377835878
0.29344343271524803
0.829337538046159
0.5661471441347792
0.982498221291251
0.06878186580311603
0.2562036829590327
0.7622534231890407
0.7248925681025198
0.797693331249014
0.6455147221194594
0.9153018625859861
0.31009745173044284
0.855748088642914
0.4937731897076537
0.9998449073343325
0.0006202744477301803
0.002479558829358693
0.009893642469481769
0.03918303323267134
0.15059089255743485
0.5116531025447598
0.9994568208043253
0.002171536608144358
0.008667284147615388
0.03436864933247953
0.13274978110216235
0.4605091068779613
0.9937618774416949
0.024796833541010806
0.09672780234940083
0.3494861384082243
0.9093823098749272
0.3296244974458764
0.8838887525177193
0.4105177027615572
0.9679716739237239
0.12401004962011151
0.434526228853316
0.9828527411673265
0.06741292138879536
0.2514736776744938
0.7529386684454344
0.7440881200202023
0.7616839586600133
0.7260860231200978
0.7955404405989543
0.6506233918823038
0.9092503752714798
0.33005652136061187
0.8844768562717752
0.4087101879654909
0.966664680874816
0.12889630249602438
0.44912818279551103
0.9896482328572522
0.04097843223908039
0.15719680132122996
0.5299438679024149
0.9964134591001709
0.01429471049681192
0.056361486994497015
0.21273947911306462
0.6699255725590663
0.8845011991618941
0.4086353113722619
0.966609974687826
0.1291005260873057
0.44973432100514643
0.9898934460607454
0.04001764602691029
0.1536649361335008
0.5202080941463517
0.9983665317238888
0.006523200230008618
0.025922592355071335
0.10100244624265653
0.36320380838262323
0.9251472078359277
0.27699940667725786
0.8010829415108199
0.6373962493247687
0.924489082685944
0.27923607472178325
0.8050531571830157
0.6277702851706972
0.9346990169095949
0.24414705879132692
0.7381570898994851
0.7731248021224342
0.7016113698623248
0.8374114221689476
0.5446141287597129
0.992038318060047
0.0315931742425599
0.12238018233535658
0.42961309322768587
0.9801827334201023
0.07769817010079583
0.2866446578551345
0.8179179919129895
0.5957126016720493
0.9633563915246705
0.14120341773294523
0.4850600502139224
0.9991071916015579
0.0035680451664230044
0.01422125688045348
0.05607605093277454
0.21172610977823766
0.6675926568656453
0.8876508054588563
0.3989074121083997
0.9591211546935162
0.1568310612515694
0.5289403179131035
0.996649831996354
0.013355777511973223
0.05270960287609557
0.19972520256295948
0.6393401840965771
0.922337252383728
0.286524980995853
0.8177136650447163
0.5962321081754152
0.9629575254244608
0.142681318611439
0.48929343972296013
0.9995414782681364
0.0018332459587398725
0.007319540671978545
0.029063859985319185
0.11287660811229178
0.4005419178134235
0.9604323595510728
0.15200816911292664
0.5156067425434501
0.9990257183487299
0.0038933297061364523
0.015512686759743072
0.06108817323694866
0.2294256333100848
0.7071580483614053
0.8283421719963747
0.5687656723548123
0.9810851292223624
0.07422839376441168
0.2748741572942685
0.7972734197841369
0.6465140555593772
0.9141345260941749
0.3139703771870127
0.8615719177442307
0.4770629931950371
0.9978955748753163
0.008399986078313094
0.033317705248788965
0.12883054306297514
0.4489329369482962
0.9895686202850933
0.04129026412860056
0.15834151286716386
0.5330779126804065
0.9956234067708296
0.017429754643507076
0.06850383318629688
0.2552442321003236
0.7603784563193589
0.728812237938991
0.7905798390774024
0.6622534284870037
0.894695299776851
0.3768624813362468
0.9393486059893353
0.2278912096609111
0.703827224880791
0.8338178495895818
0.5542625731815493
0.988222292606868
0.04655597200677505
0.1775540539091177
0.5841144473982233
0.9716990389555661
0.1100000665935814
0.3916002077719562
0.9529979401796677
0.17917146477191298
0.5882762039336006
0.9688292472762935
0.1207965475933762
0.4248189667315896
0.9773912489467766
0.0883903817161469
0.32231008854488297
0.8737051814682907
0.44137774937500773
0.9862537269266424
0.05422925219980125
0.2051537616226064
0.6522627828588047
0.90726417982437
0.3365435513279328
0.8931279575500635
0.381801635970062
0.944116586962585
0.21104182873881852
0.6660127010455749
0.8897591323662104
0.3923512749485555
0.953647007979194
0.1768175686061004
0.5822124641533095
0.9729644429513632
0.10521854281482684
0.37659040425100515
0.9390802867082788
0.22883400729670272
0.7058760176049412
0.8304602615005197
0.5631840622760327
0.9840310970971937
0.0628555881715481
0.23561905282862736
0.7204108590910715
0.8056762127789433
0.6262482117644887
0.9362455561050752
0.23875925911429471
0.7270131012059511
0.7938602075234265
0.654584713737155
0.9044142651152074
0.345796408685307
0.9048850097026045
0.3442725156724873
0.9029958025000971
0.3503775326692108
0.9104524690793877
0.32611508250653715
0.8790561418731665
0.4252657652329195
0.9776591766151156
0.08736684398147926
0.3189355142167805
0.8688626079522334
0.45576150581870795
0.9921718225302872
0.03106758842886177
0.1204095735123065
0.4236444324755638
0.9766793092320851
0.09110734460008867
0.33122718544003743
0.8860629482620339
0.40382159991690453
0.962998861429824
0.14252821725874634
0.4888556981751598
0.9995032181473475
0.0019861402417733023
0.007928781954853243
0.031463665486262546
0.12189481296172447
0.42814587013900274
0.9793479360876758
0.08090222467394197
0.29742821886699594
0.8358586939544093
0.5487957507809538
0.9904758988228922
0.037733570695503975
0.14523899335228552
0.4965785126492011
0.9999531736972334
0.00018729644025605643
0.0007490454411980954
0.0029939374885004626
0.011939895307261658
0.04718933682925315
0.17985001327547376
0.5900159440011427
0.9675885193023326
0.1254439064666086
0.4388309311880214
0.9850333800827017
0.058970480822197746
0.2219718528551862
0.6908013975808871
0.854379306724721
0.4976612278612246
0.9999781205795315
8.751576703782298e-05
0.00035003243211337103
0.0013996396376393593
0.005590722586096433
0.022237865628246978
0.08697337184218805
0.31763601773035416
0.8669735118830253
0.46132176630495636
0.9940159769529263
0.023792858060983097
0.09290703186509204
0.33710126118044326
0.8938560035639913
0.37950979382640504
0.9419284408649783
0.21879701261859755
0.6836995195510993
0.8650179460667812
0.46704759619675373
0.9956565563343512
0.017298312651088384
0.06799632412205432
0.2534912961117714
0.7569338356293824
0.735940016435094
0.7773292345784303
0.692353982592568
0.8519997815231122
0.5043846152307252
0.999923100597114
0.000307573957471429
0.0012299174229284575
0.004913618904244938
0.01955790101403514
0.07670155808784138
0.2832737162989555
0.8121188718125375
0.6103272394338751
0.9513116009556015
0.18527135537156758
0.6037835210013995
0.9569159230742083
0.16491135696497683
0.5508624052357872
0.9896520629345222
0.0409634290558667
0.15714170614340672
0.5297927613349838
0.9964495654881468
0.014151315706521037
0.055804223881181635
0.21076044991280235
0.6653619306614219
0.8906217275517083
0.38965866385807585
0.9512991581536595
0.1853162793991929
0.6038966239553327
0.9568219661227367
0.16525476507102868
0.5517825107693912
0.9892742863136715
0.04244269100898948
0.1625652359556197
0.5445511200572536
0.9920607908065767
0.03150471260322538
0.12204866274805419
0.4286111466778637
0.979614526485402
0.07987962393673435
0.293995478465841
0.830248548429929
0.5637435850396993
0.9837470214651465
0.06395527689439645
0.23945999780703012
0.728475629029149
0.7911955477589387
0.6608206118614866
0.8965469232019884
0.37100215079614535
0.9334382196031182
0.2485252391491162
0.7470417786199632
0.7558814384651403
0.7380987577960424
0.7732359261439262
0.7013685146570836
0.8378028852191997
0.5435568429503369
0.9924112057287987
0.030124817890842703
0.11686925295154507
0.4128433226643714
0.9696148543832525
0.11784755417038636
0.41583803258577684
0.9716670529638689
0.11012076459351554
0.3919767271954203
0.9533238901303495
0.1779898025483474
0.5852377309485908
0.9709381168909426
0.11286916023685169
0.40051885161711837
0.9604140044656925
0.15207577796746125
0.5157949428922106
0.9990020791161273
0.003987700151129076
0.015887193594535044
0.06253916269689923
0.23451206330427998
0.7180646218761975
0.8097912827439641
0.6161174445433972
0.9460669562908443
0.20409708202168816
0.6497658525276818
0.9102807576666266
0.32667879955399515
0.8798390459038232
0.4228891968274931
0.9762156961363637
0.09287444301343399
0.33699512339351356
0.8937176408100165
0.3799456772599794
0.9423478383657399
0.21731355957262907
0.6803535055940099
0.8698904520798058
0.4527242138407877
0.9910600001721138
0.035440304923854304
0.13673715884303414
0.4721604329382759
0.9968998340232631
0.012362219790614339
0.048837581249851526
0.1858098876300627
0.6051382931558648
0.9557837572490858
0.16904466651162564
0.5618742689423957
0.9846862993713764
0.060316764806721906
0.22671461075989
0.7012603841115262
0.8379770311491237
0.543086105662497
0.9925743499953605
0.029482038906592237
0.11445139315400966
0.4054090870364639
0.9642102367388988
0.13803542442726202
0.4759265841217906
0.9976818825918192
0.009250974959450658
0.036661577687001096
0.14127002563400431
0.48525122196548837
0.9991298941859549
0.0034773949196699357
0.013861210576970357
0.05467630967324497
0.20674724333504155
0.6560112828336107
0.9026419185144445
0.35151794182002966
0.9118123135945597
0.321642473487584
0.8727543709454914
0.44421671576412414
0.9875529007994379
0.0491686756882138
0.1870044680771242
0.6081351879852641
0.9532271244775664
0.1783406945511861
0.5861411648727466
0.9703187988574652
0.11520090976508479
0.40771864061752633
0.9659366028420908
0.1316123285278869
0.4571620940294178
0.9926596552482221
0.02914585636281185
0.11318550167876076
0.40149817555395206
0.9611895623231999
0.14921675041654142
0.5078044472466761
0.9997563624126954
0.0009743129121226599
0.003893454505887724
0.015513182071593225
0.06109009301442729
0.22943237419966367
0.7071726394750767
0.8283179898117196
0.5688291902639665
0.9810501702704268
0.07436293473117335
0.2753323546773624
0.798097796580726
0.6445508146948644
0.9164202478842038
0.3063767086082329
0.8500400841224753
0.5098877580301215
0.9996089289645511
0.0015636723955764784
0.0062449092968631615
0.024823641618948455
0.09682971374288986
0.34981488111743947
0.9097777202649245
0.32832887989792503
0.8821161060915959
0.41594912586158506
0.9717418022262733
0.10983868812923071
0.3910966028771212
0.9525602003803862
0.1807570601266586
0.5923357813641045
0.9658964139195212
0.13176212598772072
0.4576034725716669
0.9928101378480744
0.02855267213664775
0.11094966820201939
0.3945593573115248
0.9555290834777652
0.16997301642362883
0.5643287604459265
0.9834472423179624
0.06511505558062926
0.2435003404694433
0.7368316986428339
0.7756429860717996
0.6960837769176867
0.8462046097187794
0.5205694728378705
0.9983075871486884
0.006758194360209297
0.026850084676795727
0.1045166305185785
0.37437161785448575
0.9368700383980024
0.23657827820051155
0.7224359859367716
0.8020889286413454
0.6349691167692965
0.927133350074064
0.2702284050180282
0.7888200565577629
0.6663318997198826
0.8893347965422996
0.3936736648054646
0.9547788417763973
0.17270482029007447
0.5715114613545902
0.9795444435797238
0.08014850652725235
0.2948988937148133
0.8317341448023702
0.5598098286889603
0.9856911375687889
0.0564164755485431
0.21293462734089494
0.6703738872803565
0.8838909541319215
0.41051094134273164
0.9679668335225439
0.12402817089153485
0.43458073486734033
0.9828812789980113
0.06730268157297926
0.2510921225042617
0.7521794740822662
0.7456220514063666
0.7586792314517128
0.7323402208622048
0.7840720870788075
0.6772121973707617
0.8743833484121049
0.43934843372696203
0.9852855500345092
0.057991739710815324
0.2185147913445135
0.6830643092327089
0.8659498347406045
0.464322873813297
0.9949085706682324
0.020262026716509063
0.07940590795939415
0.29240243896215345
0.8276130106045503
0.5706788611304913
0.980017994357187
0.07833090037321455
0.28878068167974436
0.8215455982733061
0.5864337129242466
0.9701168530805157
0.11596057779869146
0.4100548887811403
0.9676395078713078
0.12525316271152415
0.43825923176913845
0.9847523101530521
0.060060791205116766
0.22581397025972855
0.6992880843810678
0.8411370376948976
0.5345020860510001
0.9952384242325175
0.018955612654772032
0.07438518961461711
0.2754081327224583
0.7982339726111484
0.6442259903222912
0.9167954548622175
0.30512619522478895
0.8480968008497317
0.5153144689527289
0.9990618681627836
0.003749006983489446
0.014939807720508774
0.058866439463132005
0.2216047270722617
0.6899842880459605
0.8556238811826781
0.4941266205302739
0.9998620136544184
0.000551869221400123
0.002206258647050377
0.008805564279330769
0.034912105268213374
0.13477300069581824
0.46643695591705286
0.9954940882875445
0.017942433888380276
0.07048201181816552
0.262057191312918
0.7735328791764108
0.7007190560378522
0.8388474421730941
0.5407296437310065
0.9933643844861811
0.026366336482286507
0.10268461113115741
0.3685619270720016
0.9308961319398967
0.25731409391694043
0.7644142039545775
0.7203405149882683
0.8058002298188188
0.6259448777710304
0.9365515510529608
0.2376909730930165
0.7247758976124455
0.7979031834100776
0.6450147732565666
0.9158828621493863
0.3081657798817382
0.8527985279664732
0.5021327946587586
0.9999818047477743
7.277968463391942e-05
0.000291097551005696
0.0011640512528859781
0.004650784950266531
0.018516620598451623
0.07269502144025848
0.26964182119223534
0.7877404378254798
0.6688217617600049
0.8859968510249927
0.40402572399515835
0.9631557533813859
0.14194699243888328
0.4871921751057556
0.9993438384859136
0.0026229238646154414
0.010464176540063489
0.0414187101976075
0.15881280257269642
0.5343651852468086
0.9952761361718101
0.018806195754890478
0.07381009102447686
0.27344864594974116
0.7946979359119771
0.6526125062768808
0.906837691711556
0.33793237041125157
0.8949363337579369
0.3761011691113579
0.9385963188177108
0.23053307647821203
0.7095503085108115
0.824354672812095
0.5791761848998354
0.9749245269788284
0.09778677469574451
0.35289808556139285
0.9134441070739869
0.3162558813031745
0.8649523953773076
0.46723899643346134
0.995706866581253
0.017098809696783516
0.06722576161494678
0.2508258343609485
0.7516489407123301
0.7466912425534487
0.7565737233897423
0.7366796978636961
0.775930882476598
0.6954485923827434
0.8471993909424169
0.517810331716859
0.9987311683365417
0.005068886918672257
0.020172773216311883
0.07906332974830053
0.2912492785496481
0.8256925451758304
0.5756974640675588
0.9770795757349625
0.08958031366619267
0.3262227242786368
0.8792058337714451
0.4248117425348125
0.9773869037573947
0.08840697648371197
0.3223647319708815
0.8737828462088929
0.4411455355199165
0.9861446080430503
0.054653680282676115
0.20666662205694053
0.655822117538057
0.9028778707438239
0.350757685059691
0.9109069257250306
0.32462199356481664
0.8769702194352831
0.4315738146356581
0.981271428625939
0.07351124795339094
0.27242937751090407
0.7928464471197015
0.6569638336374715
0.9014494197193127
0.35535345362810844
0.916309506490737
0.3067455792217562
0.8506109153986621
0.508287944013249
0.999725239936133
0.0010987382830970245
0.004390124229129126
0.017483404153527757
0.06871093893092867
0.25595898320863547
0.7617759284937476
0.7258934530449452
0.7958885914857244
0.6497997657143764
0.9102401207676718
0.3268121732501042
0.8800239066625923
0.4223273214596052
0.9758678200334419
0.09419927142647917
0.3413030747567987
0.8992611436734153
0.36236215661038584
0.9242232962682242
0.2801383796132899
0.8066434715237207
0.6238791254875243
0.9386158490737848
0.23046454776513128
0.7094025599541792
0.8246022715385455
0.5785334612480655
0.9753299818575943
0.09624563338903613
0.34792964577031754
0.9074984294578355
0.3357801199575897
0.8921273239954255
0.3849446471047464
0.9470490630805947
0.20058854079504995
0.6414111123870502
0.9200115891738283
0.2943610598387011
0.8308505051573509
0.5621517729485028
0.984548628477431
0.06085050656256231
0.22859088965456748
0.7053483792860034
0.8313281724984468
0.5608865684353579
0.9851713031366659
0.05843522645067779
0.22008220304134318
0.6865841077832487
0.860745482890916
0.47945078629519927
0.9983109192644576
0.006744910967244935
0.026797668573155495
0.10431821412879524
0.3737436973190963
0.9362373841333921
0.23878777873782128
0.7270727018531143
0.7937519522925066
0.6548391620973637
0.9040993355239453
0.34681490811642357
0.906137310498481
0.3402099400842417
0.8978685470084734
0.36680247720546477
0.929033679685597
0.26372040678174613
0.776687815314466
0.6937754114260319
0.8498043597066882
0.5105476397207755
0.9995549891852828
0.0017792511203677413
0.007104341543273646
0.02821547949804065
0.1096774648589452
0.3905932742442402
0.9521206734376159
0.18234758660126688
0.5963877770478414
0.9628375857431025
0.1431254768939849
0.4905622990314171
0.9996437192017105
0.0014246154491292095
0.005690343679805247
0.022631854674443792
0.08847861531375459
0.3226005997836609
0.8741178112115325
0.4401434533371684
0.9856687752864011
0.05650336284722906
0.21324293133673375
0.6710815342866032
0.8829244345045673
0.41347550983742953
0.970054050408429
0.11619675877852051
0.41078028811154726
0.9681593720421661
0.12330720947633896
0.43241016626998885
0.9817264575053978
0.07175848055720076
0.2664368041012904
0.7817929340863241
0.6823709691960824
0.8669633183779262
0.46135169186024316
0.9940252331117376
0.023756276195573186
0.09276766214757132
0.3366472920289815
0.8932635711941406
0.3813750542865245
0.9437124890179
0.21247690835816008
0.6693218870908725
0.8853203942079433
0.40611277522974076
0.9647407560997553
0.13606411847931105
0.4702026965670362
0.9964484828324954
0.01415561557325396
0.05582093648398484
0.2108198381361431
0.665499335937574
0.890439879216888
0.3902268028684075
0.9517993807660341
0.18350927815771256
0.5993344919509914
0.9605306348353537
0.15164613751258432
0.5145983459603947
0.9991475531808826
0.003406880614152095
0.01358109511453204
0.053586595880088295
0.2028602904882896
0.6468319721251855
0.913761487847315
0.3152057246975047
0.8634043032617024
0.47174924948350666
0.9968075803810194
0.012728912303827975
0.050267548381557725
0.1909628878450619
0.6179842532437448
0.9443188639460636
0.2103229885667178
0.6643489161883284
0.8919577349908873
0.38547653592325354
0.9475375047034488
0.19884072753524226
0.6372123704339913
0.9246910615995406
0.2785500087898208
0.8038396055720463
0.6307259763432934
0.9316428764363708
0.2547377088869438
0.7593856342318979
0.7308763710164644
0.7867844052250715
0.6710188196788078
0.8830102532626697
0.4132125835826625
0.9698717774064145
0.11688205118774744
0.4128825491915689
0.9696421990585624
0.11774481945375055
0.41552390778221693
0.9714551593744505
0.11092013079684598
0.3944674215234263
0.9554514995203433
0.17025572633868308
0.5650748559502822
0.9830610524922001
0.06660807826051159
0.2486857686838126
0.7473646285518153
0.7552429621656898
0.7394041210595371
0.770742667278842
0.706793632458953
0.8289455742977259
0.5671792365997572
0.9819478006794954
0.07090526968078954
0.2635108496491362
0.7762915270653061
0.6946519682876848
0.8484424449669206
0.5143514501818981
0.9991761435107059
0.003292710999116438
0.013127476213570943
0.05182058232733229
0.19654083829835386
0.6316501487173367
0.9306729533708125
0.25808322893944796
0.7659051035185459
0.7171779036911655
0.8113350325932434
0.6122819899206564
0.9495710189578305
0.19154359565287216
0.6194185864689646
0.9429568048230177
0.21515707624393204
0.6754580351443794
0.8768579116130949
0.431912457818467
0.9814563463987118
0.07279914604961445
0.2699977215362454
0.7883958076059259
0.6673114326213032
0.8880275380568284
0.39773851883822625
0.9581703578824007
0.16031969263165152
0.5384691551445773
0.9940804964098497
0.02353785226958581
0.09193528712048385
0.3339327604102322
0.8896866877401385
0.3925771415924792
0.9538413179662308
0.17611223242669824
0.5803868560655314
0.9741518134875982
0.1007202310656877
0.3623026644790487
0.9241577751617223
0.28036072707943144
0.8070343591636959
0.6229196091717543
0.9395630787242527
0.22713719928982565
0.7021835679543986
0.8364872193969163
0.5471054047301261
0.991124323380844
0.035187595934832686
0.13579771610863853
0.46942678563326456
0.9962611142531426
0.014899625920917522
0.05871050827333698
0.22105433796649362
0.6887572705307553
0.857482771287117
0.4888242729315311
0.9995004124979644
0.0019973516574536524
0.007973448975240478
0.03163949234671886
0.12255373948304313
0.43013728168706206
0.9804768023597082
0.07656816957675945
0.2828219399376962
0.8113347609102974
0.6122826665957117
0.949570411128625
0.19154578175055656
0.6194239809764989
0.9429516510708994
0.21517533925425675
0.675499650524289
0.8767994906634098
0.43208857534317985
0.9815521536043242
0.07243009343614926
0.2687359000039198
0.786067664212012
0.6726611659691342
0.8807524870647164
0.4201101743761318
0.9744704630471518
0.09951111878328546
0.3584346240871373
0.9198369773705996
0.29494764972927473
0.8318141345938073
0.5595975203350511
0.9857925422796527
0.056022423461887225
0.21153564612537684
0.6671532661747848
0.8882391424284062
0.397081473145823
0.9576311073206641
0.1622950784498511
0.5438215438432311
0.9923186891807831
0.03048923313326176
0.11823855918482949
0.4170328092269003
0.9724657810208804
0.10710434305731782
0.38253201102231277
0.9448050862621519
0.20859374094127853
0.6603295687256052
0.8971777175690457
0.36899944266657336
0.9313554159133264
0.2557300206489649
0.7613287087513795
0.7268292239293467
0.7941940126864412
0.6537995315978004
0.9053828163211889
0.34265908892600494
0.9009753508096208
0.3568750721724062
0.9180610201373843
0.3008999337667581
0.8414366545036747
0.5336840438453532
0.9954615407608973
0.018071446507350722
0.07097947731393073
0.2637655644566877
0.7767731658541306
0.6935864586523277
0.8500971321058025
0.5097279923651691
0.9996214646581728
0.0015135682112887145
0.0060451092902339635
0.024034263775612363
0.0938264717615066
0.3400922598331752
0.8977180585389569
0.36728138364801133
0.9295430754944546
0.26197098517906114
0.7733687524134931
0.7010781008155612
0.838270389489628
0.5422925743781416
0.9928453526098775
0.02841383364338207
0.1104259508042731
0.39292824077298144
0.9541425535041254
0.17501816438701054
0.5775472260864476
0.9759457109051896
0.09390272108381491
0.3403400002274807
0.8980347378905565
0.3662733897295838
0.9284687748223368
0.2656580360089825
0.7803353756513307
0.6856483086337092
0.8621388220057723
0.47542189438508625
0.9975836668975284
0.009641977747237919
0.038196040049438745
0.14694841029592165
0.5014183000296925
0.9999919537001031
3.218494061592949e-05
0.00012873561898210813
0.0005148761844900537
0.0020584443480187948
0.008216828619539616
0.032597249387906924
0.1261386748809981
0.4409108383210558
0.9860338838883184
0.055084254849746654
0.20819991886957925
0.6594108506091195
0.8983527228323079
0.3652604328483458
0.9273809961751396
0.2693819364333813
0.7872612350271321
0.6699239314027472
0.8845034301465379
0.4086284488221859
0.9666049585414405
0.12911925065816252
0.44978987907054846
0.9899157750249994
0.039930133526616736
0.15334287185265316
0.5193153420185358
0.998507670250828
0.0059604108043670116
0.023699537229640785
0.09255147665896662
0.3359428033088455
0.8923409448553594
0.38427433196001526
0.946430279026797
0.2028000238722247
0.6466886967585992
0.9139297049730549
0.31464879736367884
0.8625797267250775
0.47414376707187234
0.9973258208750656
0.01066811156376864
0.042217211837726504
0.1617396754495001
0.5423198113399619
0.9928361342726001
0.02845017902095878
0.1105630653385367
0.3933554956859327
0.9545077987984276
0.17369064332563214
0.5740888149870408
0.9780433899752642
0.08589806920382993
0.3140783636435359
0.861732580538139
0.4765981607088753
0.9978094156711694
0.008743142676515405
0.034666800530614
0.13386005388633848
0.46376615943954014
0.9947484351929567
0.020895943496482706
0.08183721216749804
0.30055953148859976
0.8408939980798126
0.535165128292643
0.9950536550086478
0.019687514650314736
0.07719966566883352
0.28495950915781537
0.8150303491934092
0.6030235163483146
0.9575446203169142
0.16261168167620318
0.5446764906345614
0.9920160447383198
0.03168084688023862
0.12270868328475797
0.43060504932511573
0.9807373632833216
0.07556635017359863
0.2794243075801588
0.8053854556540304
0.6269588938999209
0.9355257570388346
0.24126925982300018
0.7322336163498473
0.7842701897482878
0.6767618368818898
0.8750210120885606
0.4374369619682866
0.9843434650889696
0.0616456313024402
0.23138178977505522
0.7113770285421895
0.8212790072186975
0.5871191980822724
0.9696409813020072
0.11774939472675107
0.41553789907293937
0.971464614027948
0.11088447087791194
0.3943564199841497
0.9553577360057386
0.17059732903891234
0.5659755214548057
0.9825889222750659
0.06843172838956166
0.2549953077567157
0.7598908031150942
0.7298270818247654
0.7887180498396503
0.6665675507871568
0.8890210040990718
0.3946506334789998
0.9556060438944958
0.16969253106722718
0.5635879038689012
0.9838263139262375
0.06364839181019938
0.23838909612069892
0.7262389398858203
0.7952637683173607
0.6512772284761278
0.9084608005783257
0.33263909756365306
0.8879613133427663
0.39794407739742366
0.9583383546469478
0.1597038106381147
0.5367940140231197
0.9945848021282659
0.021543494014976093
0.08431748752241112
0.3088321952812767
0.8538194817560963
0.49924709731938965
0.9999977325502141
9.069778578409728e-06
3.6278785270105066e-05
0.00014510987647937756
0.0005803552784125028
0.0023200738646532862
0.009258764487663357
0.03669215907130136
0.1413833781359507
0.4855764740912699
0.9991678476014407
0.0033258396837793744
0.013259113896708691
0.052333239181531196
0.19837788503319936
0.6360963990518164
0.9259110806605151
0.27439900548236884
0.796416765090623
0.6485484054928418
0.911733484902137
0.3219021496413668
0.8731246227905357
0.44311206346968174
0.98705505070929
0.05110951031428377
0.19398931307887154
0.6254298379602364
0.9370694229970753
0.23588127792401467
0.7209652025957937
0.8046975169671995
0.6286376926160927
0.9338093761536306
0.24723770064479142
0.7444448800986717
0.760986802374184
0.7275435559459944
0.7928957205898085
0.6568483874407073
0.9015943334289991
0.35488796543087164
0.9157699896928324
0.30854126268328813
0.8533742076203612
0.5005066775547274
0.9999989731114222
4.107550093349409e-06
1.6430132885526557e-05
6.571945174503969e-05
0.0002628605307948081
0.0010511657405446334
0.004200243164522155
0.016730404487524157
0.06580199221283195
0.24588836013461743
0.7417090979397044
0.7663068478926975
0.7163226510618226
0.8128180425503398
0.6085794890198951
0.9528419782567139
0.1797365709141834
0.5897253439607766
0.9677974506044813
0.12466218083179151
0.4364860860082129
0.9838639309177755
0.06350278542719286
0.23788072668072302
0.7251739462182967
0.7971867757779185
0.6467200812109007
0.9138928710778668
0.31477076508368146
0.862760522129261
0.4736192143380237
0.9972162165914275
0.01110413583402682
0.0439233360056252
0.1679763062390486
0.5590410671253359
0.9860566095708063
0.054995889170131006
0.2078853653780707
0.658676160958787
0.8992875037735245
0.3622779573212306
0.9241305558415489
0.28045308640615507
0.8071966109256672
0.622520968943137
0.9399544486769394
0.22576033235748103
0.6991704187652829
0.8413245771554475
0.5339901321186199
0.9953786836742351
0.018399839044728483
0.07224513987142626
0.2681031185455373
0.7848953454867794
0.6753385684798744
0.8770255456137136
0.4314069518187263
0.9811799749648059
0.07386332677147502
0.27363014291890125
0.7950267512203317
0.651836864257506
0.9077822666097908
0.33485449215432606
0.8909078449535778
0.3887642270149984
0.9505064112337167
0.18817589374926932
0.6110629070437321
0.9506601227159813
0.1876218151744666
0.6096794785804196
0.9518816479133091
0.18321190511660862
0.5985812117606057
0.9611269787512424
0.14944763787100487
0.5084521656231275
0.9997142435851168
0.0011426990326180275
0.004565573086155525
0.01817891451420199
0.07139376632514931
0.26518678582023714
0.7794510177862752
0.6876285146328596
0.8591821619866672
0.48395269804233426
0.9989699363995179
0.0041160102778441615
0.01639627494894737
0.06450974846698357
0.24139296327884033
0.7324896022332031
0.783794339413788
0.6778430916667669
0.8734873389856237
0.4420288304697513
0.9865573740131807
0.0530476871735913
0.20093452023649638
0.6422393552553016
0.9190718632662244
0.2975150936742998
0.8359994508410896
0.5484174761379448
0.9906229920177262
0.037156318814296735
0.1431029071458683
0.49049786044907717
0.9996388373758192
0.0014441287429589557
0.005768172940530862
0.022939604485835957
0.08965351612747749
0.32646305269383047
0.879539711678623
0.4237984290356309
0.9767732823302488
0.09074894902416328
0.33005430910069233
0.8844738485790279
0.40871943903532293
0.9666714367598955
0.12887108044981932
0.44905330029406204
0.989617735156292
0.04109789368169229
0.15763542726648244
0.5311459973479838
0.9961197073967976
0.015460943730063889
0.06088761179615875
0.2287212421036761
0.7056313420569107
0.8308630046554951
0.5621186886013513
0.9845650741057934
0.060786755827387746
0.22836690457347714
0.7048618458760222
0.8321264964170757
0.5587679615108728
0.9861853067994263
0.05449538980939094
0.2061025691956539
0.6544972006664184
0.9045224599449618
0.345446317600307
0.9044526370267792
0.3456722576083374
0.9047317917131705
0.34476870710658697
0.9036129828265576
0.34838624037539584
0.908053071569971
0.33397076312924867
0.8897371700164638
0.392419753230232
0.9537059620198232
0.17660360011066714
0.5816590741544748
0.9733271824329359
0.10384551348039278
0.37224649124154535
0.9347161639996139
0.24408742702984323
0.7380350199831768
0.7733573170464345
0.7011031088687003
0.8382301584133747
0.5424014397586538
0.992808471625573
0.028559241176267434
0.1109744436788129
0.39463646611596354
0.9555941029098699
0.1697360535750035
0.5637029027671482
0.983767760716157
0.0638750147667002
0.23917998902101612
0.7278916874916909
0.7922615150887581
0.6583328271920945
0.8997228633334333
0.36088653011408556
0.9225897699852031
0.2856715452154124
0.8162532538786039
0.5999355176447811
0.9600515692522785
0.15341021451406392
0.5195020823872513
0.9984786751302435
0.0060760417615887815
0.02415649391240084
0.09429183085704393
0.3416035259626822
0.8996422280501812
0.3611443582363477
0.9228764430016171
0.2847020558172004
0.8145871809226404
0.6041396223965837
0.9566197561883879
0.16599359303382874
0.5537588804221936
0.9884399311030092
0.04570573481635048
0.1744668824849917
0.5761127576038392
0.9768273925197569
0.09054255097123864
0.32937838973943717
0.8835530644483705
0.4115481870090567
0.9687051071144608
0.12126209025928737
0.4262303829009433
0.9782321743722342
0.08517594958081993
0.3116840287753022
0.8581483799267952
0.48691895182324796
0.99931554471439
0.0027359472262880355
0.01091384727625201
0.043178940855530624
0.16525807968850084
0.5517913871446798
0.9892706088705195
0.04245708518188434
0.16261792439897024
0.5446933402525641
0.9920100213482741
0.031704555571483474
0.12279750690999276
0.4308731168267321
0.9808858960909975
0.07499501976303334
0.2774830670951023
0.801944858282389
0.635317210227312
0.9267570104651898
0.27151381607525565
0.7911762550220315
0.6608655540453795
0.8964890940866923
0.3711855930812562
0.9336273942806892
0.24786913171735886
0.7457201010361658
0.7584865277871059
0.7327388598102629
0.7833304925368753
0.6788953279952467
0.8719858464858925
0.44650612005669604
0.9885536192344456
0.04526144453169729
0.1728513846824055
0.5718951339831223
0.9793243588381956
0.08099263609741089
0.29773131598161306
0.8363495178618797
0.5474760073363242
0.9909841149096051
0.03573839562572662
0.13784465081530267
0.4753740122276398
0.9975742429049423
0.009679491190293738
0.038343194562363056
0.14749197597246333
0.5029523719848065
0.9999651339986533
0.00013945914283469154
0.0005577587759286854
0.00222979072430624
0.008899275030528151
0.035280311737836675
0.13614244536607095
0.4704307197432694
0.9965026306603958
0.01394055098922641
0.05498484810937276
0.20784605835104786
0.6585842975159226
0.8994040823255254
0.3619055160868198
0.9237196540510096
0.28184661908357084
0.8096364095789254
0.6165011754522879
0.9457099044729409
0.2053707242188876
0.6527743594107889
0.9066399804264924
0.3385757052749675
0.8957687882901034
0.3734682648615332
0.9359588800113955
0.23975941975683868
0.7290993615788108
0.7900539300967252
0.6634748705417762
0.893103866805398
0.38187739961057565
0.9441882051089615
0.21078735376831656
0.6654241810386685
0.8905393613107433
0.38991602906798684
0.9515260773753588
0.1844968058000861
0.6018309377986056
0.9585218404282261
0.15903088740124952
0.5349602570144825
0.9951111217179254
0.019459908604870742
0.07632488224784327
0.2819975783907845
0.8098997766900714
0.6158485136297756
0.9463164875590868
0.20320637173167802
0.6476541688773004
0.9127929856526146
0.31840780398400137
0.8680970973843485
0.4580181075888699
0.9929500828383213
0.02800086331876862
0.10886725988868903
0.3880607184520707
0.9498783889861336
0.19043774049296414
0.6166848299555944
0.9455386018329361
0.20598141710700957
0.6542122916543909
0.9048742764108043
0.3443072812033105
0.9030391092547798
0.3502379056444546
0.9102852603769628
0.32666402046963144
0.8798185528009906
0.42295146779264436
0.9762540947387683
0.09272814897822508
0.3365185574611887
0.8930952717817174
0.3819044292114308
0.9442137446404881
0.2106965962899008
0.6652141624070055
0.8908171221606065
0.3890479081044063
0.950758533215967
0.18726697893195976
0.6087922301346268
0.9526570026493376
0.18040655181007023
0.5914401114962827
0.9665548240381895
0.1293063846667762
0.4503449742047356
0.9901375136530866
0.039060870839881565
0.15014047683644663
0.5103932562070843
0.9995679209016556
0.0017275696239887669
0.006898340508732153
0.02740301362783095
0.10660835388777545
0.38097205107645715
0.9433293895002179
0.2138362096214562
0.6724411403047393
0.8810562125216048
0.41918465159475815
0.9738755178485575
0.10176797433504575
0.3656450149391489
0.927794951957194
0.2679659163197684
0.7846407360427011
0.6759186055402774
0.8762105768990571
0.4338624073171145
0.982503275336451
0.06876235715838787
0.25613638158564067
0.762122142455423
0.7251679297383158
0.7971976136694435
0.6466943137167528
0.9139231132926836
0.31467062512836885
0.8626120912387617
0.47404988514980784
0.9973063661570474
0.010745512718690902
0.042520186700413416
0.1628488816935016
0.54531649369871
0.9917856615954191
0.03258745219662354
0.12610204062382527
0.4408012638973296
0.9859820385753857
0.05528583272844934
0.20891723771188506
0.6610833019948831
0.8962086792737012
0.3720747298727576
0.9345405010514882
0.24469821178368625
0.73928398773421
0.7709726928560577
0.7062951989053464
0.8297691636344142
0.5650091948634357
0.9830952183328314
0.06647604009581576
0.24822790475598103
0.7464432482257466
0.7570629016157722
0.7356746584515194
0.7778298214550388
0.6912423612410451
0.8537054370677984
0.4995698551547107
0.9999992599016482
2.960391216320749e-06
1.1841529809618382e-05
4.73655583511606e-05
0.00018945325942017072
0.0007576694675306631
0.00302838161803454
0.012076842091240362
0.04772396790537443
0.18178556317096486
0.59495828877432
0.9639316935722114
0.1390695347968789
0.4789167971530343
0.9982219942308547
0.007099377858520863
0.02819590677017123
0.10960359044631617
0.3903625736303694
0.9519185389561753
0.1830785365908635
0.5982431441224455
0.9613931385317456
0.14846548686330174
0.505693944294978
0.9998703159934628
0.0005186687543827298
0.002073598948423827
0.00827719654329969
0.032834738242733114
0.12702647282905727
0.4435629921186641
0.9872594565656081
0.05031288794955311
0.1911260050229153
0.6183874209075834
0.9439376742834028
0.21167736540737345
0.667480233526267
0.8878014855119484
0.3984400313389044
0.9587422910622291
0.1582220415639084
0.532751308509029
0.9957094071637856
0.017088734597312735
0.06718683898870137
0.25069107062163076
0.7513802309288452
0.7472319179926419
0.7555055149027184
0.7388677274171869
0.771768835194194
0.704566800868764
0.8326096959292778
0.5574831606953334
0.9867827449458979
0.05217023689174763
0.19779401309762626
0.6346861659214492
0.9274385468375194
0.26918515470971904
0.7868980287744947
0.670758084341237
0.8833667065284441
0.41211987330213534
0.9691083333262689
0.1197494864154008
0.42163818767459416
0.9754377054763115
0.0958359528456804
0.3466056919513637
0.9058807450331203
0.3410432832454367
0.8989310487944382
0.3634160732310783
0.9253793237935273
0.27620972355584594
0.7996716486761964
0.6407876119187612
0.9207153933208492
0.29199423129153274
0.8269344007359986
0.572455590461574
0.9790007496434586
0.0822331273640187
0.3018833605118071
0.8429991886316216
0.529406226392197
0.9965410953974834
0.013787762325869287
0.0543906397436585
0.20572919220773622
0.6536187667251542
0.9056050980393706
0.3419380177778902
0.9000656391040698
0.35978993763300876
0.9213645536441778
0.28980765172897127
0.8232767069132423
0.5819686830693186
0.9731245399835264
0.10461267866150598
0.37467546449908185
0.9371750432059164
0.23551192639162058
0.7201842356757139
0.8060756094396068
0.6252708852246932
0.937228821260087
0.2353238314380596
0.7197861031814853
0.80677627539319
0.6235532674235267
0.938938360435882
0.22933246295143905
0.7069563375522635
0.8286762973878142
0.5678875661417484
0.9815651134533989
0.07238016601846012
0.2685651103424011
0.7857515673967
0.6733841669213168
0.8797517226440039
0.42315451659564607
0.9763790867214046
0.09225186293792187
0.334965826889619
0.8910548868230913
0.388304301967117
0.950096284163788
0.18965333992780242
0.6147398023281274
0.947339111046809
0.1995508789114027
0.6389213025483576
0.9228034867930708
0.2849488462224865
0.8150120050358409
0.6030697467331974
0.9575065092334182
0.16275117603620898
0.5450529229401595
0.9918809365381922
0.03221257708124373
0.12469970783611466
0.4365987628068092
0.9839211324894911
0.06328135012035364
0.23710728338919546
0.7235496782119649
0.8001021654853078
0.6397547610841158
0.9218744270172868
0.2880878713153437
0.8203729988653508
0.5894445663920879
0.9679986781717256
0.12390894891807051
0.43422208518435806
0.9826930636900245
0.06802962506215175
0.25360638070421926
0.7571607374813034
0.7354734203922886
0.7782090731550262
0.6903988464568851
0.85499311707155
0.49591954732729915
0.9999333996239433
0.00026638376178626853
0.0010652512059109007
0.004256465783116824
0.01695339312861592
0.06666390236017009
0.24887930592913518
0.7477535880374685
0.7544726384582414
0.7409747051044046
0.767724765999381
0.7132937986823068
0.8180230217746863
0.5954454304851895
0.9635606791979875
0.14044598680600212
0.48288364638436154
0.9988281217556176
0.004682019783050825
0.01864039389520778
0.07317171844255713
0.2712704722508811
0.7907312125426601
0.6619014482138984
0.8951516842649695
0.37542058569023146
0.93791987812094
0.23290472138616417
0.7146404485687896
0.8157179113527552
0.6012888018042153
0.9589623145162656
0.1574143754154901
0.530540359312165
0.9962691458123354
0.014867739658779989
0.05858675990487492
0.22061740587489384
0.6877814643997048
0.8589524865116096
0.4846124497085309
0.9990528931841101
0.0037848392182769476
0.01508205684147496
0.05941835361162191
0.22355125146282467
0.6943043577289184
0.84898326627021
0.5128427194535027
0.9993402582281545
0.0026372260505598006
0.010521084357272198
0.04164156456487744
0.15963017866186635
0.5365935388889879
0.9946436516463205
0.02131063154397408
0.08342595410868424
0.3058642571589598
0.84924525340623
0.5121110118928727
0.9994132935637228
0.0023454488473394395
0.009359790868175814
0.037088740732319304
0.14285266417284043
0.48978312204624835
0.9995824616195127
0.0016694561687524937
0.006666676339412432
0.026488927063991804
0.1031490552279613
0.3700373105341612
0.9324387973872238
0.2519867460571664
0.7539577034747502
0.7420219393833234
0.7657015234285397
0.7176108017910127
0.8105821557754904
0.614154898055396
0.9478746369998485
0.19763323812901565
0.6342973652626217
0.9278568707340719
0.26775399266259087
0.7842471683033283
0.6768141892461574
0.8749469699248961
0.4376590789765563
0.9844544382637951
0.06121558898604303
0.22987296260453952
0.708125534671806
0.8267350472702996
0.5729768355411005
0.9786975258976287
0.08339471479795638
0.30576014536689555
0.8490835154884419
0.5125627968569231
0.9993687045405267
0.0025235877020644694
0.010068876828697833
0.03986997819242538
0.15312145212544362
0.5187010920977564
0.9986010766174049
0.005587865583858768
0.022226565368301976
0.0869301806409223
0.3174932973386357
0.8667652139347054
0.4619331113897191
0.9942036479661298
0.023051017347878552
0.09007867178842542
0.3278580187090342
0.8814685531088832
0.4179269719560607
0.9730560722707949
0.10487180995091375
0.3754948537141327
0.9379938741933391
0.23264546467643768
0.7140862097676883
0.8166683791492214
0.5988845505880198
0.9608873826200214
0.15033128216666405
0.5109271510751636
0.9995223894775223
0.0019095296426662539
0.007623533356840131
0.030261660383989107
0.11738356917917284
0.41441866746372474
0.970703342085262
0.11375345499905933
0.40325442589934524
0.9625611755677389
0.1441486354295657
0.49347922533343946
0.9998299179909917
0.0006802123244738646
0.002718998542669994
0.01084642235837981
0.04291510992161379
0.16429361304811838
0.5492048870388541
0.9903155163659745
0.03836277764307125
0.14756429973831808
0.5031563087242316
0.9999601508609494
0.00015939020438703
0.0006374591965991018
0.0025482113694870923
0.010166871953214036
0.040254026671603944
0.15453456003330296
0.5226145191544658
0.9979543340936492
0.008165924629401584
0.032396969217394066
0.12538962241168514
0.43866826001256065
0.9849536706804526
0.05927974917422057
0.22306264204824827
0.6932227990828134
0.850659799658411
0.5081508196140923
0.9997342565584741
0.0010626912877965695
0.004246247900093643
0.016912869115458373
0.06650729589496698
0.24833630195082518
0.7466615323368551
0.7566323538609384
0.7365593398071764
0.7761587149999715
0.6949454565182581
0.8479850759315517
0.5156255477156488
0.999023369034344
0.003902708630451821
0.01554990998319047
0.061232441130820575
0.22993211713592465
0.7082533545812643
0.8265221612226009
0.5735331129220873
0.9783715252159503
0.0846427354502618
0.3099133711430352
0.855468294119178
0.4945691675040062
0.9998820242336017
0.0004718473924672532
0.0018864990100219002
0.007531760526028346
0.029900132437627628
0.11602445807135982
0.4102511328024283
0.9677805633470106
0.12472537821901372
0.4366758329885508
0.9839601994892244
0.06313010124140042
0.23657876623460383
0.722437014406066
0.8020870984884624
0.6349735397072881
0.9271285743155405
0.2702447240126951
0.7888500526239896
0.6662625883964739
0.8894270067988188
0.3933864255028509
0.9545341829317633
0.1735947061862174
0.573838336681353
0.9781916001445247
0.08533117420487615
0.31219905965477296
0.8589232272217938
0.48469646784277026
0.9990632076140504
0.0037436592239007867
0.014918576958064358
0.05878405207844268
0.22131394919872646
0.6893363403551599
0.8566070008836602
0.49132578768304486
0.9996990321627216
0.0012035090225572902
0.0048082423543596535
0.01914049263928558
0.07509653672324414
0.2778281875816743
0.8025587430670251
0.6338328279748074
0.9283550966250624
0.2660476447813337
0.781065181950556
0.6840094539804035
0.8645620833833351
0.468377949436809
0.9960001836727159
0.01593527118652828
0.06272535327496033
0.235163533325967
0.7194465836784553
0.8073727876474189
0.6220878776554188
0.940378200518382
0.22426816203276714
0.6958878141248466
0.8465118571095582
0.5197181315299404
0.9984447811558719
0.006211200553899977
0.02469048616631684
0.09632346423675102
0.3481810178967295
0.9078039866925073
0.3347836337507894
0.8908142092936268
0.3890570152567892
0.9507666165450709
0.1872378296340361
0.608719299151887
0.95272045596769
0.18017675499362762
0.5908523678143757
0.9669833890500856
0.12770605740518545
0.4455888812288357
0.9881577206162809
0.04680815921086804
0.1784686217686323
0.5864702912505486
0.9700915549241812
0.11605571995586213
0.4103471592855545
0.9678494726073209
0.12446748392420674
0.43590131747913635
0.983565435596358
0.06465787798601814
0.24190894720145334
0.7335560338613513
0.7818063161878214
0.6823408006265986
0.867007329707404
0.46122247976416336
0.9939852156974373
0.02391442668942557
0.09337010754216664
0.33860852223892346
0.8958111636243837
0.3733340910012453
0.9358229899900768
0.2402332855844375
0.7300850163269744
0.7882435410472637
0.6676626441781377
0.8875569509887807
0.39919843896111923
0.9593561811684993
0.1559675952891714
0.5265668180355385
0.9971768167178663
0.011260851673156772
0.044536179571007736
0.17021083312090676
0.5649564216367744
0.9831226531525823
0.06637000804323867
0.2478601203023164
0.7457019242641506
0.7585222576515744
0.7326649691949318
0.7834680484380857
0.6785834620588124
0.8724317883163549
0.44517825220592716
0.9879783038752123
0.04750869978828367
0.18100649293084162
0.5929725697908752
0.9654244050659233
0.13352049267612537
0.4627710828466005
0.9944560309103413
0.022052933985566462
0.08626640835277884
0.31529806057076176
0.863540774284312
0.47135242173105174
0.996717265037298
0.013087834455466768
0.05166617217893226
0.19598711532523677
0.6303046638069164
0.932082778360666
0.25321789057651034
0.7563943618739711
0.7370477247969566
0.7752335046743454
0.6969860716187084
0.8447859503529164
0.5244905937569452
0.9976008432697291
0.009573603109018034
0.03792779693011614
0.14595711660057603
0.49861454685688755
0.999992322078353
3.07114507861575e-05
0.00012284203037179244
0.0004913077608294663
0.0019642655100544602
0.007841628684241883
0.031120550175281432
0.12060824612827689
0.42424758837655147
0.9770462885329264
0.0897073543878397
0.32663977982629694
0.8797849362453007
0.4230536088046114
0.9763170115280249
0.09248841811604573
0.33573724252174897
0.8920709860225652
0.385121367677174
0.9472115993425478
0.20000714165392186
0.6400171397653995
0.9215808022876663
0.2890785085699506
0.8220484978116944
0.5851390602289243
0.9710053616933424
0.11261579702449484
0.39973391714013046
0.9597868505117512
0.15438420838593833
0.522198898347942
0.9980288356485509
0.007869115450194553
0.03122876988890425
0.12101413528052046
0.4254788573713134
0.9777863972052598
0.0868806345824707
0.3173295596680716
0.8665260409157575
0.46263464532248194
0.9944153210792932
0.022213961128237644
0.08688200423692316
0.3173340863067937
0.8665326558985045
0.46261524863995407
0.9944095214629902
0.02223690034694805
0.08696968243963181
0.31762382710392567
0.8669557262391249
0.4613739799212658
0.994032122291509
0.0237290485765902
0.09266392332096009
0.33630928254290926
0.8928213960735315
0.38276540314736673
0.9450241972032022
0.20781385561458163
0.6585090281167337
0.8994995520219541
0.361600431737032
0.9233822380184962
0.2829899221217978
0.8116265043971865
0.6115556870287612
0.9502213147661643
0.1892030709209055
0.6136210755000172
0.9483610048088775
0.1958896374670948
0.6300675496004199
0.9323297301637693
0.2523640176660897
0.754705681014077
0.7405000642366211
0.7686388764087245
0.7113326163274322
0.8213541011048094
0.5869261668124797
0.9697753660931558
0.1172444216481656
0.41399266896221104
0.9704109560310247
0.11485412978390948
0.4066506346219614
0.9651435839340697
0.1345657852998761
0.46583133890601497
0.9953300103961776
0.01859272320369023
0.07298813539024476
0.27064346993000027
0.7895823284569973
0.664568300181695
0.8916690983012301
0.3863812697436054
0.9483631365396986
0.1958819911691343
0.6300489468189979
0.9323490857250778
0.2522970722907573
0.7545730384170787
0.7407702724443863
0.768118703628224
0.7124494430588824
0.8194609365758828
0.5917788400082391
0.9663065781069682
0.13023270085667993
0.4530885779370178
0.991197273920115
0.034900952373789935
0.13473150358876954
0.4663157021179157
0.9954614723047641
0.01807171784638184
0.07098052344185042
0.26376915493508535
0.7767799513596652
0.6935714341013656
0.8501203995997627
0.5096628231364099
0.9996265193961379
0.0014933644644025896
0.005964537307916197
0.023715846410474688
0.09261362015803785
0.33614535007704216
0.8926066147944998
0.3834401840784131
0.945655237249303
0.2055656380490698
0.6532336260101945
0.9060778234390714
0.34040320524394546
0.8981154524143753
0.36601634619558915
0.9281935220528791
0.2666012306878022
0.7821000579342059
0.6816782292540707
0.8679720840604213
0.45838618140892107
0.9930731604090751
0.027515433936825914
0.10703333932837633
0.3823088144023719
0.9445951393304988
0.20934064833477756
0.6620685651582102
0.8949351207502358
0.3761050015919865
0.9386001174779134
0.2305197477934423
0.7095215746827602
0.8244028389698261
0.5790511922732682
0.9750036360006992
0.09748618314446116
0.35193050896154293
0.912301703294449
0.32002922184198446
0.8704420760367935
0.4510906732062021
0.9904315110103099
0.03790773203257709
0.1458829435388937
0.49840444129328654
0.9999898167696537
4.0732506592457005e-05
0.0001629233898214548
0.0006515873831620156
0.0026046512681764783
0.01039146823979066
0.04113394251044833
0.15776776513598184
0.531508389679918
0.9960288855191137
0.015821378922663873
0.06228425156659744
0.23361969429354498
0.7161661309269423
0.8130888153603042
0.6079015747851254
0.9534290006355599
0.17760856553054966
0.5842550519229204
0.971604344901864
0.11035736747873488
0.3927144756875934
0.9539592650920481
0.17568394254835043
0.5792763795160734
0.974861022603294
0.09802803684861565
0.3536741633608884
0.9143549981274561
0.3132397421071833
0.8604824242872344
0.4802096871199932
0.9984333740644457
0.006256686474929571
0.024870161397136017
0.09700654587686569
0.350385103735621
0.9104615312631965
0.3260853254122878
0.8790147438522008
0.4253912957706025
0.977734165012841
0.08708027031793424
0.317989187357159
0.8674882563243704
0.45980952585469526
0.9935389031519024
0.02567740430246838
0.10007230084302385
0.3602313417880287
0.9218588887265005
0.2881403120097684
0.8204618904187269
0.5892167071570236
0.9681615166562316
0.12329917728854783
0.4323859606740603
0.9817133667441211
0.07180892920017543
0.2666096275491985
0.7821157361891046
0.6816428455779182
0.8680235066014262
0.4582347943551599
0.9930226703897769
0.02771458592693372
0.1077859506153293
0.38467255786111637
0.9467983243588098
0.201485029400639
0.6435552493122506
0.9175675615795903
0.30254932606590024
0.8440529254518793
0.5265103379520144
0.99718880792668
0.011213157089787748
0.044349688791469964
0.16953117558227893
0.5631614243518778
0.9840425378953681
0.06281128603124451
0.2354641135133828
0.7200830590429583
0.8062537884891748
0.624834468144111
0.9376654222527077
0.23379591265743643
0.7165415355284511
0.8124390535639222
0.6095273512323222
0.9520150373281262
0.1827296241170107
0.5973580343482668
0.9620856525913668
0.14590739867684266
0.4984737187527982
0.9999906818622177
3.7272203818296996e-05
0.0001490832584044781
0.0005962441303461664
0.0023835544931327763
0.009511492644444172
0.03768409660847542
0.14505602188511407
0.49605908959991757
0.9999378769008742
0.0002484769593853727
0.0009936608743441092
0.003970694049643627
0.015819710553631006
0.06227778924652137
0.23359706485234896
0.7161179045788657
0.8131722052817612
0.6076926793558338
0.9536091472526462
0.17695496611490844
0.5825676243287201
0.9727303496508454
0.10610406607595792
0.3793839729524267
0.9418070960770364
0.21922595942390535
0.6846637525542942
0.8635971939702656
0.47118832214779627
0.9966795488773633
0.013237702907915446
0.05224986451854885
0.19807926470536855
0.6353754783965964
0.9266939193955707
0.27172919660338496
0.7915697612666557
0.6599482972596217
0.8976661688149908
0.36744647272002884
0.9297182496225518
0.26136890376532107
0.7722207996393416
0.7035833449748696
0.8342152865953729
0.553200568823891
0.9886787979072578
0.04477212990367009
0.17107034515023592
0.5672211286416603
0.9819252794565654
0.07099210008284544
0.2638088872346908
0.77685503300274
0.693405162804207
0.8503777720027127
0.5089416675456603
0.9996801863260115
0.001278845572809633
0.005108840507242153
0.020330961023654857
0.07967045219003793
0.29329228495149123
0.8290876821576981
0.5668051898082954
0.9821482664587105
0.07013219660344139
0.26085468641207055
0.7712380759557236
0.7057196246073485
0.8307177442056465
0.5625030946701144
0.9843734526266349
0.061529433562212334
0.23097424947090253
0.7105005822090232
0.822758019558649
0.5833090432423149
0.9722384132562004
0.1079635241810643
0.3852296065098762
0.9473110271124887
0.19965138009428154
0.6391628260829211
0.9225348313464586
0.285857265196079
0.8165715565227902
0.5991297984029513
0.9606931322743609
0.15104735150095275
0.5129281964220015
0.9993314469490966
0.002672424350886146
0.010661129995899748
0.0421898812124411
0.16163958054288483
0.5420489061792203
0.9929275579565245
0.028089690428068553
0.10920263887889531
0.3891096901631235
0.9508133567371262
0.1870692695496184
0.6082974317591625
0.9530866650974782
0.17884989564338255
0.5874504418869348
0.9694096808551194
0.11861820607797996
0.4181917090592874
0.9732296141334389
0.10421492922846613
0.37341671101748775
0.9359066838014791
0.2399414520687892
0.7294782065916405
0.7893590107979374
0.6650854514801567
0.8909871748383713
0.38851611644763545
0.9502853748323313
0.1889723248484275
0.6130471411592315
0.9488813755028991
0.19402204290650124
0.6255099590915562
0.9369890006753436
0.2361624531550581
0.7215589954993723
0.8036464460532365
0.6311953431969557
0.9311511276937321
0.25643482035369247
0.7627040130554478
0.7239464060982526
0.7993920287827062
0.6414576524055009
0.9199589303036979
0.2945379874326952
0.8311414455671707
0.561381372110738
0.9849293086312124
0.05937426252181733
0.22339583788723058
0.6939605500075711
0.8495172201630421
0.5113508512379983
0.9994846327046913
0.002060406767438326
0.008224645965564081
0.03262800465722085
0.1262536718772369
0.44125472885900763
0.9861959724742851
0.05445390539913665
0.2059547103436741
0.6541494705237096
0.9049517629490399
0.3440562787378584
0.9027262231956619
0.35124635660223175
0.9114894143035585
0.3227058476644577
0.874267134190486
0.4396964490593631
0.9854539269758
0.05733793913509844
0.21620119948335273
0.677832963301249
0.8735017486539866
0.441985775009657
0.9865373987950795
0.05312543829487105
0.20121250440339558
0.6429041299004364
0.9183136386295968
0.3000547989458684
0.8400876663016915
0.5373615169178773
0.9944164682143807
0.022209423833673202
0.08686466130659788
0.3172767676907517
0.8664488814978418
0.4628608689959227
0.9944827397930479
0.021947280187043495
0.08586238831773961
0.3139601543604532
0.8615567033376544
0.47710700108642934
0.997903642402973
0.008367851527409455
0.03319132235289875
0.12835863389345883
0.4475307799938554
0.9889879238077872
0.04356324148059874
0.1666619418892071
0.5555429560597026
0.9876599201285998
0.04875120920067057
0.1854981152085721
0.6043542578505576
0.9564407554738373
0.16664734696989053
0.5555040348711497
0.9876772084520887
0.04868376142551199
0.18525461119590328
0.603741360906232
0.9569509201492917
0.16478342629886245
0.5505193948642793
0.9897911629701881
0.04041846670524257
0.1551392570177591
0.5242842717989471
0.9976410965727794
0.009413356007366428
0.03729897894418002
0.14363106045560656
0.4920047157120178
0.9997443017166175
0.0010225316070813211
0.004085944144775363
0.016276996820884557
0.06404822478150989
0.23978419873538828
0.7291509470888644
0.7899593737931059
0.6636942461980396
0.8928167750466224
0.3827799249678851
0.9450378160378613
0.20776536918500288
0.6583956822096894
0.8996432314293084
0.3611411502909611
0.9228728794299301
0.28471411137055913
0.8146079446281279
0.6040873647074592
0.9566632820330255
0.16583458737130152
0.5533339080107668
0.9886219770251963
0.044994254271954255
0.17187908541785993
0.5693466616551198
0.9807641620691613
0.07546328187974889
0.2790742998707458
0.8047673400895953
0.6284674736588519
0.9339844328468487
0.24663004818639617
0.7432146700718884
0.76338649704729
0.7225102126926316
0.8019568209899194
0.6352883130306471
0.9267882894292865
0.2714070240240944
0.7909810053379162
0.6613202181301424
0.8959031488897731
0.3730427867966487
0.9355274640625553
0.24126331218895852
0.7322213055222867
0.7842930610460991
0.676709821764156
0.8750945555683209
0.4372162975320152
0.9842328268176462
0.062074277728765725
0.23288424709287114
0.7145966981954307
0.8157930284944769
0.601099052617146
0.9591159262396621
0.15685026509238847
0.5289930377313438
0.9966376150524355
0.013404317260115437
0.05289856615562243
0.2004012314172067
0.6409623114546955
0.9205185069973977
0.2926567410907184
0.8280350919395144
0.5695719138249373
0.980638995226942
0.07594462506894259
0.28070815596832127
0.8076443485647435
0.6214198191846984
0.9410289100366206
0.22197400204764167
0.6908061778503809
0.8543720099765153
0.49768191418081814
0.9999785059125396
8.597450185857126e-05
0.00034386844097440575
0.0013750007818788303
0.005492440618914652
0.021849094859849393
0.08548684765461878
0.3127153861307791
0.8596978936314273
0.4824697012684575
0.9987707545055314
0.004910937799931583
0.019547281959427145
0.07666074290970319
0.28313549362494234
0.8118791434988102
0.6109255994017943
0.9507820455894107
0.1871821894969058
0.608580069728201
0.952841473831276
0.17973839831327093
0.5897300259402035
0.9677940897790817
0.12467475827104196
0.4365238516843969
0.9838831143800623
0.06342852647140633
0.23762139400428975
0.7246298684629914
0.7981656887771967
0.6443888881440795
0.9166073959220661
0.3057531106521395
0.8490725839147202
0.5125933246364025
0.9993656326984087
0.0025358595188717933
0.010117715741489362
0.04006139027865512
0.1538259011503856
0.5206539731426296
0.9982936535736942
0.0068137392327171295
0.027069248761542646
0.10534601813211347
0.37699293838328757
0.9394770511696894
0.22743968598077688
0.7028435008869699
0.8354180565916713
0.5499789092490655
0.9900084345210948
0.03956693639274391
0.15200557574894588
0.5155995227607094
0.9990266195585524
0.003889731887855105
0.015498407494782832
0.061032827439633966
0.2292312856574313
0.7067372133330897
0.8290388984930742
0.5669336131138576
0.9820795657420978
0.07039716917564177
0.26176563099079136
0.7729775416911367
0.7019330469290548
0.8368921782317926
0.5460146409849522
0.9915306112601038
0.03359063277707496
0.12984920866684263
0.4519535667017496
0.9907661609892671
0.03659430091142721
0.1410206322089245
0.484535254001279
0.9990433665247801
0.0038228733104559687
0.01523303580043269
0.060003961682941705
0.22561394506117508
0.6988491714204327
0.8418360281016295
0.5325925195668079
0.995750910673149
0.016924138266973664
0.06655084724357609
0.24848732789895314
0.7469655030903651
0.7560321611332914
0.7377901298616653
0.7738234165614895
0.7000829461703721
0.8398672586071358
0.537960986107481
0.9942358541349905
0.0229236819498256
0.08959274702275537
0.3262635468146877
0.8792625793383512
0.42463958365448357
0.9772832305929215
0.08880287117913631
0.3236676849979121
0.8756276587440178
0.43561544794595075
0.9834185178271977
0.0652261464870214
0.24388678520590007
0.7376240848313249
0.7741391772323012
0.6993908460255879
0.8409731620848012
0.5349492109515676
0.9951142106154514
0.019447673786553904
0.07627784708338275
0.28183814851082734
0.8096216262192647
0.6165377943093517
0.9456757699900449
0.20549243217512245
0.6530611699755006
0.9062891129829237
0.33971662668619623
0.8972369609565913
0.3688111873998861
0.9311579817942889
0.25641117894030263
0.762657945018987
0.7240432156736113
0.7992185500425107
0.64187303724183
0.9194881652151133
0.2961187169778311
0.833729689732937
0.5544979767630304
0.9881198821149448
0.04695592273636942
0.1790042562253821
0.5878469299143194
0.9691316676185147
0.11966191374988594
0.42137176059040315
0.9752703998693885
0.09647218803196639
0.3486612198731653
0.9083862945188862
0.33288253779653415
0.8882870153066927
0.3969327749768806
0.9575085885041347
0.1627435657798175
0.5450323903083508
0.9918883352924655
0.03218346241282835
0.12459074863980167
0.4362715759727017
0.9837547518839875
0.06392536011864665
0.23935563380939195
0.7282580574923849
0.7915930367592124
0.6598940036541623
0.897735630381771
0.3672254732992611
0.9294837002375792
0.26217500492094886
0.7737570868625973
0.7002282295700175
0.8396346243330255
0.5385932878166586
0.9940422325420022
0.023689089859656925
0.0925116675251121
0.3358130355873409
0.8921705628678248
0.3848089984797339
0.9469241326750323
0.20103527853068057
0.642480381267089
0.9187973638159399
0.2984350722432771
0.8374863195937082
0.5444119363483737
0.992110319639152
0.03130973321860671
0.12131773529754553
0.4263989695992808
0.9783315532958097
0.08479570048647195
0.31042155866192195
0.8562400583192996
0.49237208339464805
0.9997672595530471
0.0009307451153488993
0.003719515315516614
0.014822722085337007
0.05841203598127148
0.22000028013517653
0.6864006275024814
0.8610192242667246
0.4786604788394096
0.998178499346547
0.007272731155289841
0.028879354147330873
0.11218134820545567
0.3983867732810479
0.9586990086230514
0.15838087795291944
0.5331855018071275
0.9955948898792365
0.017542820502349787
0.06894027980468849
0.256750070500559
0.7633178871940679
0.7226547611346086
0.8016994293763616
0.6359098172559111
0.9261140862938594
0.27370714184779743
0.7951661693972285
0.6515077297734664
0.9081816312755612
0.33355102355688726
0.8891789529641604
0.39415897027887936
0.9551907057102914
0.17120568573986752
0.567577195640837
0.9817332905172802
0.07173214722957486
0.2663465851336378
0.7816243268851506
0.6827509540259433
0.8664083552104302
0.4629796689279487
0.994517980349263
0.02180786844514383
0.08532914127609252
0.31219231570070866
0.8589130948725507
0.48472556131602956
0.9990667660915586
0.0037294519316539627
0.014862172479773781
0.05856515323582095
0.22054110424914306
0.6876109023428466
0.8592085972884115
0.4838767345363673
0.998960161243157
0.0041550299688110385
0.016551062779077284
0.06510850039984131
0.2434775343021007
0.7367848983690802
0.7757316476173773
0.6958882340088258
0.846511199107614
0.519719955572014
0.9984444934089511
0.0062123479611762575
0.024695018775942105
0.09634069929439189
0.34823667581543777
0.9078715737298058
0.3345631173726865
0.890522551466226
0.38996854718523527
0.9515723175658889
0.18432976803268797
0.6014092185988137
0.9588646815327121
0.15777281616753083
0.5315222185843894
0.9960253989420719
0.015835214417433782
0.062337841607150724
0.23380734044365004
0.7165658719932687
0.8123968923511806
0.6096327265972995
0.9519226610353672
0.18306363377085055
0.5982053590458498
0.9614228298187029
0.1483558884884015
0.505385675356874
0.9998839780038015
0.0004640341403797295
0.001855275250785166
0.00740733281811596
0.02940985695455049
0.11417966907385348
0.40457068897615517
0.9635729863900573
0.14040034515761504
0.4827523529489504
0.9988100746848098
0.004754037571738051
0.018925746794018216
0.07427025160922769
0.2750167253405188
0.7975301044939858
0.6459033476791917
0.9148488525440197
0.3116017181716408
0.8580243496164884
0.48727426032676185
0.9993522221990758
0.002589432739379225
0.010330910309869825
0.040896730408157
0.1568967514003181
0.5291206432013795
0.9966079525581518
0.013522165824001718
0.05335726742171967
0.20204107774002708
0.6448819225827016
0.9160369140349602
0.3076531446410684
0.852010748934121
0.504353730539357
0.9999241801215627
0.0003032565191333345
0.0012126582184677505
0.004844750714051733
0.019285116418281713
0.07565280281206013
0.2797178249549587
0.8059030534297031
0.6256932876095367
0.9368047897996251
0.2368063024324213
0.7229163102428237
0.8012332745109008
0.6370340573097613
0.9248866685489002
0.277885275557668
0.8026601967436278
0.6335872212284341
0.9286178172978616
0.2651470667792676
0.7793763990304728
0.6877953106590641
0.8589316851778624
0.48467218150151936
0.9990602319203106
0.003755539662583304
0.014965742337704271
0.058967075575942864
0.22195983829585564
0.6907746739181331
0.8544200951657199
0.4975455845708881
0.9999759033796055
9.63841589894903e-05
0.0003854994763335448
0.0015414034659491653
0.0061561101652173
0.024472849891404032
0.09549571803838734
0.3455051434988807
0.9045253572587941
0.3454369413385799
0.9044410435889056
0.3457097690428677
0.9047780985247792
0.3446187638186566
0.9034266857710302
0.3489876368312097
0.9087810646807095
0.33159216463402236
0.8865552039493831
0.4023002971986032
0.961819072290075
0.14689257787653787
0.5012605937652925
0.9999936436134356
2.5425384643128456e-05
0.00010169895277177683
0.0004067544403791278
0.0016263559648174387
0.006494843724372566
0.025810642917474178
0.10057781451864328
0.36184767098118664
0.9236557359467101
0.2820632695978057
0.8100143261664051
0.6155644702863591
0.9465794128297329
0.20226731214660396
0.645420986334369
0.9154109469341571
0.3097349806690675
0.8551968896759996
0.49534067825798306
0.9999131628836175
0.0003473183027907355
0.0013887906911491282
0.005547447806261222
0.022066694516392118
0.08631902203804939
0.31547219388977654
0.8637979550885911
0.4706041914934377
0.9965435457689821
0.013778028620667212
0.054352778191981144
0.20559421477917778
0.6533009345140444
0.9059952939084828
0.3406712852966588
0.8984574426839252
0.3649266654791457
0.9270207772056697
0.2706130233386633
0.7895264597526855
0.6646977164123062
0.8914986488342862
0.386915231843713
0.9488473408441552
0.19414425846852296
0.6258090614889212
0.9366883201891073
0.2372132440416628
0.7237724835715733
0.7997035023848398
0.6407112426330414
0.9208013847866615
0.29170477824651214
0.8264524023786614
0.5737153159248023
0.9782642087924264
0.08505338635261758
0.3112772312902798
0.8575348662821497
0.48867527757042134
0.9994870026475721
0.0020509367445773487
0.008186921612188364
0.032479583706816986
0.1256986413961954
0.43959397178938436
0.9854044470232731
0.05753009124012175
0.21688151936810005
0.6793757036987379
0.8712974276903304
0.4485528807621756
0.9894127756885163
0.04190053997144825
0.16057953888619725
0.539175002309174
0.9938612767763049
0.024404157203511988
0.09523437725879305
0.34465916258769175
0.9034768969281711
0.3488255745808559
0.9085851723967665
0.33223262759001837
0.8874164350186021
0.39963402350990895
0.959706683052762
0.15467906222650982
0.5230137997409493
0.9978814600859339
0.008456206810794337
0.03353879750866965
0.12965578628136842
0.45138065346051415
0.9905446365682935
0.03746383813632338
0.14424119587367498
0.49374269314642844
0.9998433844437611
0.0006263641112258354
0.002503887116904015
0.009990470664839268
0.03956264464293702
0.15198976716717483
0.5155555113745712
0.9990321042635023
0.0038678356573638487
0.015411502018765894
0.060695950497165876
0.22804780836164584
0.7041680218523836
0.8332616754115385
0.5557466228075774
0.9875692561821988
0.04910488170374952
0.18677436918644114
0.6075588168057925
0.9537244037093519
0.1765366619143724
0.5814858756580119
0.973440208272988
0.1034174767617188
0.3708892090478326
0.9333216146388229
0.24892951314721384
0.7478544425260197
0.7542727012804639
0.7413815735341439
0.7669397438327227
0.7149726926500816
0.8151469656590943
0.6027295601434626
0.9577865498909228
0.1617258989558625
0.5422825302511226
0.9928487505422516
0.028400436355765675
0.1103754062822711
0.3927707038811788
0.9540075122154487
0.17550871540775695
0.5788216248947037
0.9751486057958345
0.09693520964109864
0.3501550990917396
0.9101860226871745
0.326989707168307
0.8802697542971674
0.42157965586708784
0.9754009985043024
0.09597556248444908
0.3470570155609708
0.9064337740435314
0.33924634926692654
0.8966330551039561
0.3707288783956086
0.9331559084765705
0.24950383580734758
0.7490066868990709
0.7519826795181923
0.7460189168913279
0.7578987701264716
0.7339528974690135
0.7810641670634131
0.6840117359717993
0.8645587240985793
0.4683877467344639
0.9960026617739023
0.015925438052815565
0.062687273902566
0.23503031837292265
0.7191642712737811
0.8078680887881299
0.6208689596237768
0.9415627783978633
0.22008925093423792
0.6865998902297759
0.8607219238649424
0.4795187745726988
0.9983220776199844
0.006700427826009084
0.02662212837183011
0.10365356261113563
0.3716380062766201
0.934092794269436
0.24625378385341234
0.7424514311651569
0.7648692141038688
0.7193771976799958
0.8074945805522883
0.6217883317238891
0.9406704090236477
0.22323836244372403
0.6936119839086742
0.8500575987477892
0.5098387102357272
0.9996127991235896
0.0015482038075669106
0.0061832274901485835
0.02457998075181462
0.09590322119222017
0.34682317342870506
0.9061474392061897
0.34017703050501785
0.8978264736872241
0.36693638733435346
0.9291762999374672
0.26323081428794076
0.7757614107889936
0.6958225772786556
0.8466140729117798
0.5194347378380295
0.9984891638606682
0.0060342140539674915
0.02399120925887357
0.09366252454868204
0.3395594241753983
0.897035286516281
0.3694519250437388
0.9318288005008576
0.2540955482319621
0.7581240024026429
0.7334879975345616
0.7819334200292022
0.6820541866825498
0.8674250924454212
0.4599952057658947
0.9935984657531476
0.025442218424555157
0.09917964778476954
0.3573721810002344
0.9186292209894804
0.2989983013349631
0.8383932685350788
0.5419599832405843
0.9929574392257996
0.02797185244776838
0.10875771167363461
0.3877178873005967
0.9495709086710341
0.19154399230680283
0.6194195652718971
0.9429558697210844
0.21516038991855096
0.6754655861145923
0.8768473123578504
0.43194441267465894
0.9814737481352114
0.07273211942652416
0.26976863292099995
0.787974070451739
0.6682837389898275
0.8867223327664144
0.4017833493588105
0.961413958147306
0.14838863690734455
0.5054777973764992
0.999879974943608
0.0004800426015112334
0.001919248642447871
0.007662260508385333
0.030414201089147885
0.11795670984502704
0.4161716977902526
0.9718912629945251
0.10927454363772776
0.3893344710019763
0.9510125627663503
0.18635067290771584
0.6064963984582294
0.9546340684617041
0.17323145517583433
0.5728892724539889
0.9787486158445127
0.08319905130785292
0.3051078766773047
0.8480682410670852
0.5153939982418618
0.9990520992725183
0.0037880088467703303
0.01509463934298848
0.059467164824374336
0.22372328452850013
0.6946847059531196
0.8483914610717894
0.5144935594090554
0.9991597469426248
0.0033581881286992013
0.013387642804765862
0.05283365529959145
0.2001690406691016
0.6404055833068526
0.9211450887050499
0.2905472570384628
0.8245181938635529
0.5787517674061501
0.9751926365216306
0.09676783278248596
0.3496152772842672
0.9095377406948487
0.3291153557862354
0.8831937534877403
0.4126501891519076
0.9694800421792098
0.11835395998162955
0.4173852005531855
0.9726991796494505
0.10622194223494602
0.37975536489112727
0.9421649109101362
0.21796076623932523
0.6818154824787658
0.8677725213240545
0.4589734902357916
0.9932673019862692
0.026749475164746725
0.1041357629726293
0.3731660233709507
0.9356525694898472
0.2408273547875754
0.7313181598943786
0.7859676356123146
0.6728900455292097
0.8804361286276312
0.4210734081392818
0.9750823723890065
0.09718695778093332
0.3509666120728816
0.9111561971318601
0.3238023262402679
0.8758175190466361
0.43504476951052534
0.983123272128237
0.06636761571242174
0.0
