-0.3819711183772606
-0.6408266941320914
-0.8668969435735119
-0.48836788114743507
-0.08444111564492837
-0.008776460922687718
0.28475571711006026
0.5610715870433248
0.3485002761024585
-0.3276326511620712
0.27354120264135684
0.4770108790476931
-0.1332086328436698
0.4216077920441258
-0.5864543654695955
-0.4456953924941385
0.05215589619151319
0.6432065513005807
-0.3496565709114108
0.14544752820948528
0.5948190238646403
-0.5461299099204944
-0.007239226866724478
0.36703736510418966
-0.7770011641703947
-0.6221807100333446
-0.6075309818549236
-0.10601151701816769
0.6836498306924389
-0.3088417428645743
-0.45296836781189487
0.20473176238583163
0.2966224774420611
-0.03288358639652081
0.45736446641750744
0.4009193962831398
0.2912603716078944
-0.3978091105457423
-0.3007108307453895
0.5372460362886551
-0.1966273892663272
0.2600895310991869
0.06353220138851676
0.31828704627987175
-0.021937413304830858
0.15648671318141344
-0.21117814463738413
0.022853997204752716
0.48019384557337447
-0.5997625243971497
-0.4161736292734894
-0.54871123012857
-0.15269512306470653
0.17600789778287285
0.3771012577710767
-0.18589379960725932
0.5947416266183603
-0.17831344626719733
0.41353887241943194
-0.6858124272973596
-0.1794341274152901
0.29977965881466295
0.22962922138451383
-0.04903468740801731
0.4119114439054896
-0.19520573195003227
0.6116303371167071
-0.4115941938566724
0.22682084166984887
0.30085113861485835
-0.3208510466216218
0.35401299254279006
0.05042082501726282
0.7165560517063072
-0.5291626779481907
-0.16915712345737177
0.4031757500578269
0.32068419538750587
0.0798362967569454
0.5269873480482242
-0.5291070828730416
-0.3410273855938838
0.48472298135187547
0.20400651208771714
0.44076627033731836
-0.4521577839767612
-0.4536808843007064
-0.4966318947962049
0.14914649904472382
0.4528188992799651
0.14231050177604365
0.1797607142355029
0.10064519172438363
-0.34223316658453096
0.8509440284275251
-0.7393057201088447
-0.3719299170534953
-0.3147832564189774
0.5684760233985415
-0.3514468337685075
-0.03523423525321088
0.49714636456094174
-0.38700249268440295
-0.32079556197575276
0.16820986649790726
0.19295120299167912
0.2851050512467992
0.20132456115440073
-0.08016463956442155
0.42429317562712293
0.06881631039207149
0.40454529636444414
-0.34863990537751893
-0.34511134803691557
-0.4554681236136493
-0.629114225549106
-0.46820424846846315
-0.2937735152683599
-0.29304479505447223
0.025940873894162386
0.4225316018708088
-0.055412429345273295
0.28568802411559224
-0.47958342270833115
-0.07954536962830358
0.29106244760817007
-0.6153828247994677
0.05170997088885054
0.6508263078434073
-0.47127467633134806
-0.49298700245237564
-0.23880606891395112
-0.1438115428456369
0.4512284164219631
-0.34443398175432255
-0.11333164055323813
0.3273206928659564
-0.5432885190824867
-0.38755765263036906
-0.28532528411949
-0.6830807812038721
-0.5426140919136547
-0.4352229938302937
0.6274374848650703
-0.013765841061099793
0.2791696235056695
0.3126650593730187
0.16226557579796286
0.5186527757527832
0.08438067076929788
0.4352214919365462
-0.5657029311439137
-0.7449884270834407
-0.03724566862779127
0.3647855376901939
0.06930113102357509
0.6841208196145347
-0.616715965264325
-0.3259745338494581
0.13445544261301498
0.3653906436503364
-0.1854585795803628
-0.2137853269771483
0.7525431482777687
-0.34665295251249306
-0.673013820923389
-0.39730870880399394
-0.7175896454448587
-0.4035131612579003
-0.3099693573177449
0.08241679188176625
0.21446046821873713
-0.0700663069927248
0.4595159852920683
-0.3627192894272534
-0.40424539979933316
-0.47027827587693405
0.15908853937984263
-0.046930219147686913
0.13239738118035566
0.3226693426073425
0.3278593067146238
0.3905328090746363
0.11597416539829225
0.7201957587567802
-0.5468472468138676
-0.3141871664529493
-0.24349242677412555
0.490139771502674
-0.41580982579948655
0.29584158405452465
0.35297001928478355
-0.019685373604185763
0.73686601617436
-0.017415548292193883
0.17213971973437814
0.09759722430635831
0.3394804230187357
-0.12055411903488233
-0.13142036953333808
0.2598431637275911
0.032885236879650434
0.44452684704105966
-0.045294301066468756
0.338622837788566
-0.39681922584079277
0.26723139505751486
-0.2580917555282423
0.5999223929627022
-0.3595402253425869
0.5144569012767544
0.32410764770272626
-0.20560409964976223
0.7458917619433311
-0.45047838489112857
-0.2897435245348109
0.44248251532616356
0.3191389128072271
0.4838771043611275
0.20745209019800953
-0.14638297589488564
0.3340035859882199
0.4139565216377661
0.19786378485224765
0.504272747317569
0.020850742020283253
0.49893698881006987
0.11137965124225645
0.5083647880742773
-0.538635904635173
-0.34717428771899483
-0.3287283623783563
-0.07285019542931576
0.04952796725850157
0.5641378069702394
-0.06211791073133016
-0.09574855333690199
0.49912363652105857
-0.276666534398628
-0.23819935878775972
-0.0445932222141326
0.47309344983936413
-0.23443913493738266
-0.22494775536472705
0.3306689897679913
-0.4966344535690931
-0.05624721484035633
0.0808397020785482
0.28170609160258325
0.03867758321898355
0.47076936126511204
-0.3824085568576841
-0.5165088967337148
-0.05889478952906063
0.3717110237923528
-0.6184281772947975
-0.5633474063668762
0.07791726353743489
0.41931950422671604
-0.6205290978810096
-0.18821894924870883
0.45548950306494557
-0.08248012511872835
0.15515838591778044
-0.3031974851174748
0.571848298245254
-0.04935828447227346
0.3247634141203801
-0.5178910924815774
-0.2874296951901061
0.11169131071251703
0.25793385968982513
0.3772828844785809
0.11916601775059202
0.36629551232574137
-0.2742813831561184
-0.30955753172388
-0.14336582295557793
0.2873084622845745
-0.21938087609561405
0.007115169657898594
0.7992209059274831
-0.6543844337792584
-0.36507423123093413
-0.36854606359803693
-0.007908496873018242
0.6375672387457105
-0.19191468688429525
-0.18768158370777302
0.47940685880690065
-0.3736427842036262
-0.5032969880511666
-0.07064261735533768
0.5092902513079103
-0.18326056695075324
0.2620721037887221
0.43096344321808244
0.18437511485124605
-0.07908329597039035
0.49547069129383503
-0.6640780047886814
-0.6451143951953107
-0.10732006483520957
0.4999760231925192
-0.30648228700034325
0.013497587121279464
0.32123078937075755
-0.289936037921056
-0.1559046401020986
0.8360395980842208
-0.23729415104809054
0.2739001138824562
0.6271041902561334
-0.12342431399068216
0.14938791980852847
0.3086895221585895
0.08212045775969964
0.6362615932638168
-0.537156753025071
-0.34093897256824585
0.42527282618610723
0.07974356616127823
0.24774196538994164
0.21316496889187897
0.18336751206428992
0.4236151426948248
0.011966705301341252
0.1713296495628081
0.41451051658269356
-0.24221572497572486
0.6459572620015365
-0.3144057169660293
-0.08449027276585151
0.28727596649468745
-0.3067822320943625
-0.22037574736203128
0.4356361892853646
0.3152096330941456
-0.3579432360413748
0.220299686484213
0.022725842395163204
0.3867633404916475
0.11336987191194
0.21493899710323253
-0.13144805022438297
0.4447649743891679
-0.5468231759342604
0.06600754779136646
0.7722629896007078
-0.30429119474645405
-0.23247000326113712
0.029401565896857933
0.3326399426476759
-0.2870828057400816
0.03633525302510662
0.18887882201287756
-0.18516489756436577
0.18786095025194874
0.13125874773305388
0.3514151282558316
0.5074362742730985
0.2640645395856606
0.18530931105202297
-0.5697064939697158
-0.19935848591742944
0.6344944643785638
-0.25434085614625757
-0.0629258301407523
0.3357167235033861
-0.27139454775891236
-0.06058639860449205
0.25192803985735385
-0.28527393793914
0.5610605161232493
-0.6633188331925407
-0.2737160382249656
-0.3423756457050035
0.12732973953493332
0.8713551771018959
-0.6210256110389122
0.23445553586710932
0.5146088089942042
-0.5737882097499295
-0.501456100808312
-0.5980867082849086
-0.19068934887422356
-0.3629345367755622
0.6400220910787535
0.2318789290488234
0.5140495271839438
0.03864298994435028
0.4437022969628042
-0.3424124022245985
0.18821496404877766
0.3781870599927788
-0.6866366144638805
-0.3070677328521888
-0.5075018439175832
0.12206641003118068
0.4582105554559616
-0.46970280271901493
-0.440761792074303
-0.40019766058813067
-0.17345379662255217
0.39343838099955064
0.22431988290514274
0.24003949369482835
-0.053131190677560836
0.23148106093270954
-0.35851867900169987
0.17002155651154974
0.18806561366688815
-0.2153278705206078
0.6105699805347996
-0.4509244524789955
-0.35139573648043465
-0.6024195520531821
-0.3335776769032223
-0.12025656416323079
0.4160583429195901
-0.6331005035758626
0.00826702878149213
0.5017538530903464
-0.45685679170768334
0.16802869027171685
0.5386175008796277
-0.7483726908809389
-0.2183085357531638
0.4613496300750587
0.07625056762005647
0.8018802505317435
-0.5356076350895264
-0.37143859721297356
-0.1364517980645746
0.04284223092388967
0.25494141396717146
-0.24103911262707212
0.05772975823099742
0.10982944314231707
0.02890140575156544
0.23281610478720094
-0.3221473049484197
0.11311530128615865
0.4763524091398036
-0.03727180753288799
0.18103088799496458
-0.5983350434538264
-0.24844982682098404
-0.13197978676847166
0.21218650612563317
0.14830779950429956
0.4921801036458725
-0.47368425068145953
-0.5510080431601682
-0.26563967380836695
0.19418950008629177
0.7168947593378812
-0.3456466895251381
-0.3723923857472186
-0.4383019435027527
-0.4735447838688925
0.45671517745062074
0.08182023858905138
-0.0004480777084543003
0.6472503860149423
-0.4205616976652563
-0.5374206399877618
0.24027904583452428
0.53941976288166
-0.38573924225228423
-0.20320118949387944
0.20474426031988383
0.6496844039645073
-0.2556420030601766
0.05133040537865601
0.5120236173014845
-0.3353726064592385
-0.38659995491265364
-0.2806884923050229
-0.026574961720068457
0.45137318277652877
-0.24594312569386179
-0.11809191687421829
0.42417788283826646
0.24152899043196852
0.6130552802515641
-0.4562776874799087
-0.5421474572994589
-0.1847311974940359
0.45594727502245697
-0.39787659516817975
-0.3809207553911685
-0.6901105419048121
-0.5904688782334065
0.39316141322317355
0.6463342145360185
-0.5622421713782535
-0.5285625426613686
-0.1397760364376205
0.20889196110935934
0.1319955964668511
0.3893345259253192
-0.27640384231032894
-0.07470181894120591
0.641336260279672
-0.397278980897397
-0.3825292735624077
0.5361581847283046
0.16821770862251118
0.3217102098282632
-0.6381116145438679
-0.2332202172339621
0.40550266941294777
0.21330429168204354
0.0872343958312847
-0.013321720344231541
0.19928913414877736
-0.25282686173932645
0.2110372944802269
-0.3182377751996802
0.32023255750916435
-0.5343280959177761
-0.6463687214944034
-0.5681628172561566
-0.23686812911069732
-0.381148050042113
-0.25181499373137883
0.4672021899592511
-0.6275208425557511
-0.5637843320077909
-0.6681953199619839
-0.35865495415983084
-0.11604322545141837
0.349707613732722
-0.5424475785902495
-0.3793742848478071
-0.13361257620580105
0.2964226369853497
-0.06777828968661166
0.30787035936734464
-0.22366478725458916
0.42690795285421157
-0.27951108495901794
-0.09934420902913188
0.30826388652841435
-0.21689452318197816
-0.22080705580913546
-0.05277932824568879
0.11761315768971782
0.21581637068642626
-0.0032232498215824523
0.2736899324201968
0.2701628504634816
0.5823584494678828
0.007735764587098376
0.3067465963200669
-0.17468687178826814
0.43174936393857843
-0.24957275388191963
0.004720000368004622
0.4915244793472951
-0.26982930571546726
-0.5604632642817149
0.2174803037769203
0.45766835901804465
-0.4161169566518326
-0.3993569347559205
-0.15627714453099817
0.33760060473283937
0.3568010233522856
-0.22476703260290287
0.3889127417556229
-0.5349813711591345
-0.250162412463391
0.4537524421598702
-0.5489811429043397
-0.5959060417640173
-0.02325379729793727
0.35486715914284483
-0.525006522435655
-0.48312545352988046
-0.47336435079006
-0.1388201784838561
0.3683399795020847
-0.15612810166009447
-0.12087405483671387
-0.027393456287352264
0.5724355509132478
-0.08625090634089408
0.28825946627368154
0.1426005844178502
0.6956138919711977
-0.10677421296295353
0.286954322161668
0.1885652055052663
0.17925190610876562
0.5143995927337845
0.007508462287110929
0.37266722632360977
-0.5946791280524022
-0.45019625527355334
-0.10949639812432482
0.23210709816571595
-0.6874313406569841
-0.10719830710054325
0.20321407814277048
-0.0813517077477978
0.5355373355361589
-0.2092501097967478
0.016603510797807322
0.8735201874952108
-0.61547731857638
-0.7160120869952947
-0.4250498279317007
-0.27158517884951716
0.2310679076948124
0.653478598628678
-0.02009410377502678
0.39259881683611764
-0.29626442187005086
0.04116031919519781
0.27171345142568804
-0.6928085779397974
-0.2754074589152189
-0.3648174652653346
-0.013026119971781047
0.33283410327234586
-0.10016311032264598
0.3757560896856036
0.2737405833040036
0.3183085228813869
-0.35851028999885576
-0.09549637540314529
0.46261778817034666
-0.455580331747681
-0.7340250318865902
-0.6255046048881957
-0.44771465648059633
-0.014998980179145499
0.3557289935672722
-0.791688922866538
0.19474796621157814
0.5685976926254441
-0.6867314912371811
-0.43214394787735894
-0.49576491375912124
-0.2574739723526752
0.05247931626879826
0.1410575997664948
0.047916805060492625
0.4199631110258451
-0.7309122064909848
-0.22945007689106237
0.10325565127012173
0.2368826390118178
0.28219609869552764
-0.10801537616354155
0.38193036737097785
-0.1380290880544745
0.41081269604224374
-0.5676694621939098
-0.2025646687511829
-0.40121614048420245
0.008082136867995082
0.6098202037954704
-0.7288030564948764
-0.3069313114525476
0.041593317065919476
0.3248646764877634
-0.5219576671157611
-0.554843262766096
-0.22389822810096607
0.18571612826526127
0.224666761238405
0.5046255114652348
0.1134344236032864
0.17919539822238909
-0.15111768999582226
0.1545890099545818
-0.40095058259212035
0.46231995903017425
0.31806021934885137
-0.012431954031764676
0.4726370551227615
-0.604611435897441
-0.35180244680978506
0.02643186796815626
0.4989929003435674
-0.38996173139912127
-0.12219162477303518
0.27533415857999016
-0.2603102615303331
-0.09473006424190035
0.8745256369084127
-0.5985983624486476
0.07124534151951023
0.4529283600074157
-0.1924242580418531
-0.2581626559914341
0.5266071525701774
0.05466091246842687
0.3853932245275372
-0.3680920092121287
-0.028173854365344753
0.39341431382432746
0.7492859575210579
-0.13972584558647005
0.27411100492250356
-0.07935826595375492
0.45493369725152855
-0.41397478489393885
-0.0039731870059701024
0.27603302628774107
-0.03665234689697827
0.42166271556337137
-0.005302383769116459
0.17640582651145542
0.4904134274425654
-0.3623902076023116
-0.07733039267648845
0.4892766831485949
0.05137550658440976
0.07163282777086644
0.3255404377589573
-0.012080496158018539
0.31971096972694646
-0.4808670800549897
-0.5075897606681514
0.2580321059030813
0.2463980269000032
0.04482775676468334
0.36028536351089346
-0.3936310277079018
0.40793374461681187
0.3398768722267988
0.07793951014650466
0.15726828450319907
-0.010269816057212361
0.8683893407608925
0.044904712126271173
0.6277143437144161
-0.02312530973790164
0.4113995192988635
-0.2513394823046364
0.45934863107307317
-0.09511430609028557
0.2945200396368658
-0.3276870601929006
-0.14081140301077433
0.43374091775214785
-0.23062278539774334
0.7232767780498814
-0.4770760389609868
-0.24999041839186179
0.03578485689845211
0.48119454924125277
-0.4954832401164168
-0.19808488799871835
0.16923057237869787
-0.04389857449087776
0.5321154487019601
-0.21439827778948328
-0.15039740871077328
0.251691748827738
-0.6573128599170863
-0.604130169036293
-0.30643411463478465
-0.6735481239771153
-0.17355796634116044
0.4819267299586556
-0.6179175156018565
-0.26265257768003086
0.38266750237394015
-0.06684618282792289
0.21510352982715242
-0.5233897940144352
-0.4073296572534879
0.040856657883109763
0.2931816883687779
-0.3685693472715723
-0.7399200457412416
-0.5323925560073153
-0.39719602267094045
-0.48997210755732207
-0.19027961343397118
0.23505386073508744
0.5387140117356934
-0.2757039537793864
-0.12619054932449703
0.7502130913125563
-0.5547849770843294
-0.27147683646732385
0.24034565934407517
0.1866031002267711
-0.309825073791411
0.37521431893317203
-0.5885298197126989
-0.6414827214941028
-0.6990635610426117
-0.5420960554329913
-0.3748265394916055
-0.24789174655395307
-0.050412624907970466
0.2728727325055568
-0.06374281730514667
0.5094750355461045
-0.3025175998863476
-0.3299128241084126
-0.05564483528801298
0.15677404913447834
-0.1486156882073685
0.45805951291787783
0.06962734820948802
0.09569403790666839
0.40076224829002727
-0.19987344096460669
0.3761848412972909
-0.47130087130424525
-0.24033401399307006
-0.291890151718099
0.18755104698353903
0.2419727005868342
0.4141473079655804
0.051802321172674276
0.16822957088222817
-0.12047674077601715
0.29130440486582315
-0.8360789364385719
-0.5495819982209836
-0.6034295610150837
-0.39609401559041224
-0.5084122948933443
0.030966075019745826
0.36793795081512437
-0.1538433939490062
0.7397879328270609
-0.3259609374876106
0.17445208749391644
0.38709263579579395
-0.510517414385519
-0.04470532028214318
0.39522158431490956
-0.6288465885335193
-0.22650182982661435
-0.08680489569768812
0.33404792083286317
-0.71941977548432
-0.800561092589993
-0.2329145276716405
-0.055868122179456525
0.35370033541428736
-0.1532508611699369
0.535908305674719
-0.4469505516432588
-0.03996304888514626
0.42621570628532357
-0.5070321421469355
0.222129213686826
0.6426758877880965
-0.7728085514927779
-0.2894858578648551
-0.029463482929572897
0.2497424314758459
-0.4408430560464584
-0.5374264462201179
-0.326148789470643
0.5527092378286954
-0.4542276237226288
-0.37376101110435656
0.5638689018270748
-0.13629494917460672
0.36119006255527975
-0.19169957192413395
-0.4509134116980438
0.2639394816332732
0.3440619230052222
0.1717261662120729
0.5257406928129399
-0.0996604263253588
0.42668518837866715
-0.32897654943259036
0.2047358141163797
0.5181809123225518
0.12524404300818953
0.29593313412130273
0.1666584157398659
0.19387530667584676
-0.2897914297216022
0.37047839680313993
-0.5208034149274804
-0.42043592669998464
-0.28714970788476735
0.6491451410251068
-0.7034663979018417
0.07571619859867602
0.5304853959651828
-0.4946795203060636
-0.008803375907053351
0.26497665438166207
-0.24889229394556037
0.336185134108554
0.5506363815119729
-0.36431197690346656
-0.22568929895308654
0.59447162368712
-0.34468160955311844
0.13626693791350858
0.5070450822777413
-0.44331769900179563
-0.42193988780479624
-0.567175636041724
0.07405729633501085
0.32733531212334255
0.671888008892456
-0.033811043320718215
0.5002499742495492
-0.4335027611693298
0.40401157482068706
0.27881702273864284
0.0812971483813884
0.3065337685348277
-0.45878121677208933
0.7017936371143979
-0.2655350156438824
-0.1840128957722435
0.2274286677297887
-0.1044180796411412
0.5033453465999267
-0.1028632843552463
0.2358481864008223
0.045889776027948415
-0.1859713744471291
0.3635952985570179
-0.6647797046652797
-0.5809006473868494
0.020559675047066288
0.4864516702306922
-0.22291628822427256
-0.5764958839808204
-0.5771159517911617
0.15890574503923435
0.40222739680191877
-0.05054425522306322
-0.015226298851718958
0.46787796453512265
-0.18476889310585604
-0.5651734327151697
0.06611892368978262
0.5453573279569417
-0.02435530637685826
0.3933292472390405
-0.4498584958056024
-0.326232701253683
0.008819792413801819
0.7259741232164207
-0.19036320662836811
-0.09129543605937876
0.514834501037957
-0.4609302373723205
-0.828048380600267
-0.2626174953413704
0.1894411106239713
0.6643207607208929
-0.8016516911618353
-0.070544936499572
-0.650575293770707
-0.3455041148978774
0.0555397223515869
0.49025917121750434
0.032083072421286996
0.27233691184973324
-0.23731244209803304
0.47062760033139567
-0.0454562014055825
0.5255276731848656
-0.5370672464900644
-0.39930700456112217
-0.01709587822308603
0.3817724650579023
-0.5545144599172678
-0.09126742357826959
0.3171566960813733
-0.3076674992350636
-0.07069912909541921
0.24076896485172067
-0.615449594935785
-0.08641902647060569
0.6297126840400424
-0.7204576509144249
-0.36201311900479577
-0.23969222526244882
0.38974701434869446
-0.572878647420888
-0.003563213280595329
0.5825306738687375
-0.40125133115083556
-0.2546802085734115
-0.4103253879548761
-0.47085539657442105
-0.32507685598382774
0.15763108663710712
0.282522335040413
0.04110059935322663
0.5008533364878452
-0.4610027799675119
-0.5066364221110607
0.30614293847981133
-0.037394819695560716
0.3054373431678823
-0.18294574596087432
0.6200866264448628
-0.027869297612439524
0.5293711057079883
-0.36816745375067805
-0.4813307175571293
-0.563238284445746
-0.4725154045923335
0.23722240289558022
0.03945500039940275
-0.1863455458924665
0.5544167284590054
-0.10639182648455138
0.6716449641923203
-0.5094994765469434
-0.14559414867233006
0.3316691706478509
0.026253916634216
0.02779723980015658
0.5054868315011445
-0.4197574136309356
-0.09339050913898145
0.4845629595544401
-0.5823513858602514
-0.38203774849145056
-0.09494252864430736
0.4379225246036808
-0.07598650023439946
0.28764462840265326
0.47041909780027674
-0.37675454856331103
-0.32897824490807326
0.17852864451942455
0.3937572775181876
0.43142542890599556
0.27130434886531407
-0.3232792185634175
0.7695612068038595
-0.48866605858648526
-0.4991382156462571
-0.4807147541531681
-0.11483967298431183
0.5346766855519076
-0.07565305205460454
0.461812100465988
0.21636530162427753
0.14321490667695816
0.4278160978065645
-0.36421320713026156
0.39391807752410773
0.5633022551793462
0.5727799851796695
-0.15142176812980024
0.2877166142017179
-0.3275294023853477
0.04595157790422937
0.3779810044950262
-0.6572487367425743
-0.30791289039759673
0.33624863661980126
0.3664297168554725
0.3054883113380194
-0.5093145362438746
-0.4251321591440749
0.2400194890742831
0.1037703195559207
-0.031062620946100947
0.30841645064409184
-0.5609300425004842
0.13192914922007298
0.240154049419026
-0.6269276816443036
-0.6412583313575029
0.10548713152593123
-0.09963704008301599
0.32527506954236424
0.4049981724401288
0.11502604274854505
0.1916492289525273
0.42681140793535205
0.22142972506015185
0.3604066270797842
-0.47610473867089803
-0.23766106438259788
-0.033560738681676194
0.3043312035782371
0.005164701734582784
0.3720959183899246
-0.4308043384940824
-0.4722012836644241
-0.15876813732669687
0.44098921514736233
0.11454920677293215
0.6888759519642654
-0.7178769138058863
-0.35685788354129433
0.09575533080555698
0.23757294376023153
0.44883232964176795
-0.3194169390014815
0.03729454608768942
0.3204901004268837
-0.4681631858520126
-0.01724666368406952
0.32610671141433223
-0.7077411443747477
-0.6456001461559555
-0.10418205522448945
0.1426512679177013
0.06131626213190913
0.42578318874053467
-0.5526716274992982
-0.3027816047573203
-0.5422451231932758
0.37755819083768166
0.11036991664711424
0.5356193937099392
-0.41320882546509197
0.639092273386099
0.2302527989406379
0.363742712882139
-0.3572774642289682
-0.39918337544629834
-0.2524278207459917
-0.24999059660233028
-0.2034280197719733
0.5034645407336502
0.030210620593883394
0.4987015389882908
-0.680215375346913
-0.5264446332248697
-0.8646358658778801
-0.5861099866460404
-0.1713323711094342
-6.716582986753677e-05
0.23670626982945486
-0.643642336650286
-0.4144801931587268
-0.39596943550678976
0.35097604678210675
0.27027183145402295
0.395724049053481
0.06289848983904252
0.4116917989078542
-0.4784486399122712
-0.3790674259648848
-0.1613389962958962
0.5762295569280278
-0.5551878681258927
0.12538418684950922
0.3449743266353825
0.1999165896869748
0.079170758627853
0.5045182294127457
-0.25688566296989596
0.11696347749465352
0.3828698887527924
0.06695591212440068
0.5822367630841258
-0.1063654793632387
0.11046616152475777
0.48332081388403564
0.33343725095989424
-0.5111144072930175
-0.41083579144830024
-0.6584197478339278
-0.5904871002816453
-0.538738676217825
-0.32614699303676375
-0.32336992712991075
0.1485810528868242
0.392910696501206
0.6395931459850945
0.006114468654140864
0.4375453934313906
-0.6741254367380527
0.10064259258347277
0.34898441493732024
-0.4880068785562233
-0.3732108484016049
-0.489218263877168
0.004729426266765313
-0.23802285642462445
0.27126125232825626
-0.9010584144831463
-0.40461758729922015
0.13278833658433833
0.040572067481596336
0.05705114116399644
0.4876302270316751
-0.10090266521277166
0.540846405392907
-0.06347883389255017
0.2719797942744404
-0.4275999410470114
0.13814936706280442
-0.09414320263802012
0.0653361171887915
0.4365896652546191
0.012027091850526417
-0.041284447533527224
0.40968033641986845
-0.0992343513658929
0.21091298035591416
-0.1044375266532317
0.7853725815218353
-0.7063577832446614
-0.43088444266884945
-0.47323761045679585
0.15478811724141764
0.060758653215269715
0.4661902804511822
0.12890699614725498
0.296270446151195
0.3650616200757518
0.34511636503260795
-0.15114122966058083
0.3896529373122769
-0.5475916899275696
-0.3800826543075846
-0.43788578977360115
-0.29436386825074395
0.5885089756560191
0.16200382912636274
0.7538797898352448
-0.634535451723172
-0.02915090932021422
0.35800643584273584
-0.06807879942296492
0.38768227855269294
-0.4755741987644936
-0.0969732867991618
0.26347957290488233
-0.21105235191690647
0.3826167131512436
-0.36928184110397366
-0.2537158896300333
0.18282717456983166
0.5885386270475068
-0.13849477805536745
0.5741018137125831
-0.395604461836633
0.29765745473404404
-0.36471202629820754
0.6646691179233155
-0.25653954349667707
-0.18833873075198015
0.1828583568302068
0.08203565817456138
0.23511292704801842
0.09301133749212123
0.6202585345784728
-0.3603270491080725
0.17056992864365533
-0.22898861492073622
0.3025600122951097
-0.5030005157196249
-0.4908620589024024
-0.4488482335419086
-0.37970341465768437
-0.16438533527650484
0.23200539591448643
0.17097988249306467
-0.029872919250398977
0.07184192999325019
0.37993899246193524
-0.0711180620969137
0.4480293569028202
0.15155798715548913
0.4727370075157357
-0.6229343223836712
-0.23621440288510395
0.43536444251672596
0.01732160668753957
0.36064034082365953
-0.21724976528021958
0.0694775365657519
-0.034638053870296115
0.22002475643061908
-0.22490475035851168
0.2508570095688716
0.3949671787789766
0.26455644279091733
0.45581950207037536
-0.18546291261287257
-0.041062177477108774
0.2987978673182775
-0.2797444065813266
-0.043537442878909205
0.0632794585800657
0.24975611400615744
-0.575033395883577
0.07289850826701633
0.46330572959633165
-0.4154644059435844
0.2907146320396508
0.06614832797330528
0.6518434676891348
-0.5938859793351049
-0.40971140385418575
0.41944003786399925
0.42946833929640016
0.22700867843922595
0.39967767626872763
-0.36133514324880334
0.01955423142337054
0.21745401460834934
0.6414084729477689
0.16840181691286152
0.4466054113508016
-0.44372211549317575
-0.23514720627496333
-0.19707923501043653
-0.06869803998409288
0.40945170993000174
-0.196941084007842
0.14090331564092556
0.42750979157343455
0.35670197433570666
0.31368695593108425
-0.10116953771385465
0.6811128533810296
-0.19131269284355062
0.6487219655034422
-0.268994760892432
0.402199794483522
-0.08836422621838505
0.30344616194476887
0.3084148618210586
0.3525531393311452
-0.047637009011176436
0.3534992167943931
-0.5674340719370415
-0.5807486662363345
-0.4324062661887933
-0.23327208025311164
-0.18307120110929453
0.5734322537113218
-0.49087896007489873
0.2569219009196454
0.8404300903214872
-0.4771231367733224
0.23065243946842662
0.6132269283190512
-0.4546643378677162
-0.4986675767719248
-0.3790387316230789
-0.6107523119078382
-0.18266298299429937
0.32644197134995945
0.25104606187499096
0.436818549777249
-0.2456673477469064
-0.5359663365142957
0.1090990617496663
0.37917594743696803
-0.1543712383156211
0.4002630070650801
-0.5430495146307788
-0.060501766191335134
0.4984693372513125
-0.5261556144857349
-0.07868206706022494
0.4974954703381076
-0.6485056938296818
-0.1645516741363713
0.2637523466470728
0.03481818506227741
0.7472509053532046
-0.09850732444913696
0.4808577215235746
-0.7402905450506391
-0.2495656686775953
-0.10366138636152092
0.42420301540230587
-0.14798973872750348
0.4225354256557644
-0.1879640042218459
0.2856246764022548
0.0053521818577743074
0.01864820490721633
0.4797806550508764
-0.17023613597887832
0.07615412309063684
0.3184665280299829
-0.6378612450896126
-0.1986515875173488
-0.40021320848315556
0.16981069045177524
0.3187664088484043
-0.1451512116104758
0.34114122864757623
-0.09248381907827358
0.04571561463298844
0.6722528578645214
-0.3757105598598365
-0.17670074091726495
0.36415378922724617
-0.3217612488024952
-0.20379754376475573
-0.5856009504854965
-0.10143881361889226
0.3213664543111525
0.6579634368162655
-0.11997448745986945
0.6036297827671531
-0.06601602610331452
0.36115960351827014
-0.31287107571840245
-0.29131100523457176
-0.448947759112795
-0.11089502704626522
0.49874308100598214
-0.31320649662827565
0.19042918398909442
0.39674740311483775
-0.1991496754119279
0.37105173008287096
-0.18946249490886558
-0.04537305289373311
0.565477210821745
-0.6196224020997254
0.14554826788478975
0.028142658470863266
0.3840782438530636
-0.37274476473026263
0.42485051770333615
-0.08675510770591441
0.3338009076966082
0.10967736050966789
0.30556729642534447
-0.25970404761861005
0.35014732365738793
-0.4356796210964039
-0.24572139825950767
0.7101128180458686
-0.26853042563072443
-0.05164845974484259
0.5481224375958994
-0.5514015282868636
0.05384406037408612
0.3407137532527496
-0.3701577485589793
-0.09114727381221607
0.7551505963424561
-0.3690846779721008
-0.17311063311759287
0.278463453140484
0.346052610971194
0.4290195172818053
0.23995512988512158
0.4162062169810524
0.26546406065769557
0.15363275100726004
0.5708033011659339
-0.633698267386785
-0.349979608869332
0.09563324815274224
0.0020379369035685713
0.47793435271074924
-0.0716208078675726
0.5803146882037569
-0.8437917289260564
-0.6472627652556826
-0.42605813667455483
0.09026946391296498
0.19345639141941545
0.3828880279250364
-0.20826526534438505
0.3789586219321588
0.6198314939159386
0.0010058359674478545
0.13990147563159772
0.22214714604005492
-0.40227122407828303
0.18211630581298066
0.26583288508132313
-0.20603869803958047
-0.08274637246377886
0.0024604352323961964
-0.17602881675035703
0.24049711943204827
-0.42280306079401175
-0.26282526298044023
0.18713260626577227
0.07104351446558338
0.2397311871764911
0.04502188753535845
0.6475007047041688
-0.14143413973775812
0.08914452157327943
0.5086253221628286
-0.7190902990618764
-0.5798289891287073
-0.28633595242623044
0.3900003541596038
0.1885208052369799
0.5721117398102543
-0.29548880823927753
0.02718229627126976
0.6508040271803696
-0.4498059186300611
0.07175144321857305
0.37978448531019504
-0.195495883241972
0.3124286795151188
0.17654548787270513
0.558426438785838
-0.4167040697946095
0.33777727742526054
0.44604544915926436
-0.05169941038202493
0.6938040604358581
-0.603984022438836
-0.28082669251604003
0.00682500076061978
0.5322247190550247
-0.5173825683920575
-0.24771708989340696
-0.37892643895448164
0.24876390779931423
0.4155705231845241
-0.13505976301833622
0.44431054362943095
-0.3886272403457962
-0.550092967953342
-0.43244285430340906
-0.5731520560192209
-0.0754140611441395
0.35247015068571813
-0.3438571058762165
-0.21857083181303202
0.23116995390266665
0.09974594423973893
0.44114628494913677
-0.5025247198911182
0.12585131275645697
0.5487756078958334
-0.3782161590556555
-0.012673320732296572
0.27415396025817407
0.0471774993489192
0.21330518663494497
-0.19335415845046808
-0.13904306505791675
0.43194628295004356
0.13455945691644955
0.4900373139501383
0.020983484420982468
0.5169359561094371
-0.5727573872329872
-0.3466117060005416
0.27254939565749237
-0.02855301023760451
0.07289193926005583
0.14468798455930879
0.5842327039299992
-0.482146448152778
-0.3032385606877686
0.20489039803399414
0.3561900687168369
-0.1870704832196145
0.6633462441491389
-0.44917187112813606
0.2041248997055577
0.5389049111219635
-0.5463610798466986
-0.6557946099227427
-0.09827089677409698
0.3987475788970863
-0.31422560593076077
-0.24224642230202054
0.57427645321575
-0.02649084938562174
0.15981380088672456
0.5467568077913145
-0.21739475041063694
0.38166919935158516
-0.1592503351735835
0.16467335793368298
0.17116784948664404
0.5437758727939084
0.5997581752955522
0.7383037991713332
-0.11033699992491006
0.23630939720051206
-0.2799057773907708
0.3018881700994916
-0.27417752389533256
0.2932287318343166
-0.07345279694628642
0.6026106427787818
-0.39853815863735376
-0.41121815383758625
-0.3125611135204097
0.16774348681817097
-0.055078848193745006
0.3286298847587521
0.12989554233972614
0.26355194591840114
-0.5812384575158452
-0.32816111617694566
-0.5291293204563251
-0.42998686731906927
-0.20617837247937945
0.39546013636013533
-0.2540389686659883
0.3102899739795865
-0.4769959502674872
0.08562227445815881
0.2740698224116389
0.40746865194703746
-0.07795679159621108
0.4589460883170437
-0.7182708155320183
-0.293842864747363
-0.36476475444976986
0.16910942390854716
-0.45815145812461394
0.2185284923031212
0.5319189254242623
-0.39922694969792377
-0.27704051313822253
0.2070388230431339
-0.3771871227375223
0.5917311048450665
-0.2918396740361974
0.2897320509241819
0.14100072766982896
0.4760141341589733
0.26775995772740585
0.31279200751698955
-0.7628975327513032
-0.2409745718238744
-0.5774585953581254
-0.0103951239932711
0.5397146170254753
-0.21038897773578868
-0.515778809962854
-0.6091174265773334
-0.46386201709279823
-0.5188910892933768
-0.3556317631935332
-0.3379219816941055
0.01528405925117754
0.4501913770211233
-0.3366953066335491
-0.2720921085303467
0.40461798516085146
0.47830418896130833
-0.2102039152682572
0.3086015851609716
-0.39491991331579823
0.2923508976131527
0.28735841432345566
0.20086106252466632
0.05404470208488542
0.5539459574300214
-0.5440492082297399
0.20302991526151637
0.6757042617476456
-0.5122528910035902
-0.6059012900514349
0.06989436397839316
0.48066556606645
-0.8310390590397879
-0.5249561898687163
-0.2581223023830883
-0.301422115960895
0.4023294038435496
-0.27403539416455347
0.2332141301196156
-0.4474465479416042
0.19733650010415824
0.487092594919614
-0.3827714782815706
0.19999682947064495
-0.0374208776206502
0.4856242957148542
-0.4399856636080335
-0.5088215975705553
-0.3789872815809742
0.004689589388258905
0.378243020766998
-0.5008871975733297
-0.42207794667129034
-0.18135886586734296
0.6988592030753189
-0.2889865853526844
0.24714377411103317
0.34907878762059974
-0.34857248390672746
-0.3298487869462602
0.2566085944542797
-0.0400020800719364
0.37856413544126843
-0.39826525707423077
-0.3821510395144573
-0.009038336390165935
0.30874259484724403
0.40394277295251224
-0.2502362969184766
-0.3664762678540498
-0.35193227080263534
0.23235133771862843
0.21311280580467726
0.5616952358636937
-0.6153150504194638
-0.37767565751370796
-0.08116689000870497
0.28507281152196273
0.028017773596508116
0.39960483806491254
-0.5105577303503889
0.10891583577398953
0.5099551644091972
-0.7282616674352058
-0.2582777731860545
0.1558751017702819
0.308644481578424
-0.4802331209215211
-0.21805437074386605
0.45400770425585363
0.22245744740440557
0.26326314760635017
-0.21348523219083465
0.0422228394326358
0.37392383208452157
-0.11216665988324087
0.5858105083017602
0.059471438106638436
0.4999065388189169
-0.4447877401049663
-0.17256865327082446
0.16723338233970353
0.37616585955051307
0.027448082761118486
0.25791684586550534
-0.415653636694221
0.01761083127980778
0.28407079456078865
-0.29609807200124394
-0.014203997584554942
0.5648165096183546
-0.42674939775412757
-0.04684443089625526
0.5847837019519008
-0.3451765715936229
-0.16048669432741366
0.20121435900676424
0.19959671451802097
0.36491759592676065
0.29743099546297225
0.1318670465551717
0.03317358394606486
0.6965112209302211
-0.3603993662435857
0.1941600300831196
0.426689505340286
-0.6329757733651479
-0.4261675736072103
0.002270729775236152
0.4784156910004269
0.029700044862881456
0.45011943617131844
-0.24134916328699357
0.35189409352099343
-0.0345885533924406
0.5200757137499274
-0.2338117578610125
0.15965096375577517
0.49985636323621124
-0.34153739307406605
-0.2068587511079989
-0.13789182242566875
0.2205719456932126
0.008112528161161918
0.5825909982681806
-0.6281764351234211
-0.6705311390288771
-0.6775677769602216
-0.30125469835799595
-0.6150907348755388
-0.5304985435500296
-0.4477171431140496
-0.3722644318096472
-0.0849245736955371
0.5700368910186167
-0.42174976433451083
-0.5931106647314182
-0.6314957606223176
-0.32655118374399283
0.14233353435729243
0.683778579634823
-0.17540933904876357
0.31524930132996576
0.16409864381474779
0.6195778018781833
-0.30321109795917534
0.4218504245322926
-0.013417327911242838
0.3031056996600576
-0.6802675922315098
-0.4367564583395171
0.32827471682548426
0.5167367906880415
-0.3289883386779882
0.28795593005186015
0.35609192587488686
0.05826526214238364
0.33441829509846127
-0.36176222377232803
0.23950604465541755
0.1618602643943922
0.36336337804800856
0.061488016308677895
0.41290307918504143
0.27352866057712377
-0.08078491305256362
0.5167791395450299
-0.24863401274508218
0.64578206353993
-0.2806000960307429
0.56058427305375
-0.7049619576963863
-0.28320821550366615
-0.7970433869304853
-0.3890908909619013
-0.5524162687831193
-0.6435581440259446
-0.49014535883194477
-0.416354647891019
-0.31543154315924277
0.3950440950177159
0.2181028955755604
0.27164831579392523
0.35447845698721203
0.32081127087435857
0.5112420838148067
0.041904883445060326
0.3431060523092788
0.18255595319248963
-0.32478551984065657
-0.441453932606103
0.4693545125965977
-0.7592194290362828
-0.040420991761986186
0.21621919574410886
0.28481156287186277
0.046328173843561
0.4348421672858666
-0.3647233609521593
0.5108866659176059
-0.05014926299490633
0.6853654523006937
-0.45909180231462676
-0.3329111505386368
0.08910516305175176
-0.14239316389744103
0.5618691370966786
-0.3551401795162417
-0.515790299411277
-0.12108926200502104
0.5723120797368386
-0.3074322049297744
0.8741204985136846
-0.1224405401860857
0.13791285184882632
-0.08782950323703434
0.4671304964036377
-0.45068311647840487
0.40221968482725956
0.5521258925417367
0.06546759575219993
0.7254431181895172
-0.48255753817428787
-0.7077169953463884
-0.030376795007763857
0.24641251842870038
0.10689284340287526
0.5365521302993349
-0.3185722632111184
0.607402036647646
-0.42695244913340274
-0.36713292807413744
0.40588634787622124
0.3647706880149235
0.41136603308007436
-0.0043308233584734845
0.1349327098583142
-0.3242339274885915
0.2832693238898214
-0.1243238092330807
0.19823802269456636
0.37552924796289877
-0.10855096201235498
0.1663577661299989
0.6371176538055895
-0.09043219386058146
-0.12922361245754793
0.2564160505454212
-0.2799945776824438
-0.13457677690747835
0.6845854650522736
-0.7092938579691164
-0.5876288826138838
-0.6933325540424973
-0.45952155275116274
-0.3009094951529668
0.13662795806980932
0.10485408588209699
0.43760196947334484
-0.1817690019059421
0.4101705193874504
-0.3839264891026379
-0.176590179349769
-0.5190492094520206
-0.36844472026388464
0.5159736642847816
0.46487020654916233
0.11634748475532646
0.2579497466727317
0.24905486504791757
0.6630605320464038
-0.5999360486920947
-0.1475110302647349
0.4302204389794601
0.4242460226055899
-0.2750364953954085
0.41941531999094184
0.06325898770535787
0.375579596161767
-0.4127143193753047
-0.34969582496867746
0.3082958447967097
0.35807916264670026
-0.4654997638952086
-0.5693072076940822
-0.7315418141793577
-0.3547849921125008
-0.3566720402686183
0.3820913745709189
0.07361458862137057
0.1042300072940408
-0.34569967287497205
-0.2694307484677243
0.5493642975995955
-0.3316257717163012
0.65337981954006
-0.37169077318660154
0.22030864832884883
0.6388767755895742
-0.4925987691475156
-0.12870535016447043
0.2368377932784248
0.7025848858603355
-0.467470473250162
-0.6183803422358889
-0.16235068590088425
0.23942325765739772
0.2223164370707384
0.16377013206673213
0.6185686545997262
-0.33538820963655075
-0.4446338243963261
0.20545890120309085
0.42900526326934874
-0.019270041407873258
0.5584151707928289
-0.6747541152717966
-0.4836859599337383
0.051547117141145724
0.24325333999566448
-0.01364225093957927
0.31962445817129603
-0.3202486177736884
0.6103180603184084
-0.012852038596845916
0.5319692635818415
0.018598557854313247
0.5087202385747492
-0.2862028631969022
0.4012582088633577
-0.12006876938077092
0.34615721118581766
-0.3069120394497342
0.08437841594399646
0.43440549814849866
-0.28455829502032887
-0.12414774490727473
0.4709740594671929
-0.4039005123647732
0.41184684965311313
0.2811021532917984
0.3495225003457773
0.23932806868708945
-0.22659695195717316
0.33785049292194946
-0.5103705431591179
-0.2562312243885906
-0.2594567319096464
0.61206080475736
-0.1931127093943124
-0.04479027446583788
0.6548276962063775
-0.6277737824180533
-0.15759992088711375
0.28145916648299796
0.3364528178953343
0.30659830523240506
0.180426183268562
-0.35065282035391265
0.6044610905092663
-0.11095273878086005
0.3164817638815067
0.046547620319086415
0.40561293422029665
-0.1920694222462481
-0.00381169616517525
0.49186575985584313
-0.3879425255347282
-0.45781266177377666
-0.37819008177181085
-0.050931706645584704
0.3833611205722277
-0.2298875645535871
0.5253719419726836
0.13985624905782598
0.3279638708602353
-0.05661741039236133
0.4359846406049131
-0.461215635017233
0.14003899868002326
0.4901782374748769
-0.5350895666170599
-0.1869319961130616
-0.07300114194081485
0.22954078437343062
-0.3368521699166281
-0.09880461995086716
0.2610620595193059
-0.04867263338117893
0.3468099839660209
-0.18147001637288787
-0.08671717245715563
0.448987911860178
-0.43575179659614366
-0.28369232173742065
0.6364587471579493
-0.030465791435004417
0.4749069523116479
-0.6513808765231018
-0.6902298804149691
-0.49921020579231173
-0.43985491655065145
0.16936772414571868
0.6158792536978454
-0.5345844316360254
-0.36016369243332996
0.18723049926707613
0.2126428742882282
-0.6383493741769288
-0.4966966893050636
-0.06858451963533568
0.637713656502231
-0.4357355636945964
-0.5523692864418491
0.3695969552636666
0.31943285228311613
0.3513574881123557
-0.11999812657008843
0.1293719608454303
0.1834813190409562
0.39027508835337643
-0.1602631631383493
0.6647177122023836
-0.2965538301407514
0.1506866699628932
0.41267612199401404
0.09471147778645195
0.32339009179252576
0.20574612845447193
0.4523277915819433
0.22003140553187026
0.24808702418364026
-0.32460964340814646
-0.29556882088343617
0.34210158522627143
0.5113123624884582
-0.2795559871826981
-0.1994239418610076
0.3828401891424037
-0.04486504477841541
0.5637045023782642
-0.5980833385805409
-0.3581828518495014
-0.061471019557406595
0.5060948727123963
-0.27250245557113817
-0.1705964528953316
-0.42016267437351534
-0.18878515356590925
0.6393421828232472
-0.6828890191824837
-0.4129238655199142
-0.5892630553534272
-0.505209808529938
-0.4333918558328502
-0.15686150566789014
-0.0866703877008052
0.3213728068635364
-0.41334971855368724
-0.48846431953494157
-0.2918426097020722
0.007535658482126589
0.23835359990356822
0.21354128978525705
0.475218117243883
-0.3069330024558954
0.14822429877168447
-0.02861870592382529
0.34683130982066335
-0.11504056395971782
0.22551750767121811
0.3508874479079032
-0.07070064437679872
0.39404461101787497
-0.10714769745988484
0.327209665449241
-0.28703093906943966
0.49009442294083877
0.4943770347100872
0.0759984215953604
0.37626113099664593
-0.03403912276378869
0.3176186542332293
-0.32634408043643864
0.24954222046170704
0.44435052064753994
-0.22190473715363512
0.40205413676327795
-0.4899025717007021
-0.2847800457513263
0.23873092506029123
-0.5538116391931489
0.21096282741077155
0.529134494263269
-0.4193663236696703
-0.1354885452980059
-0.022113427428893995
0.4960669931070584
0.18756363156816097
0.32507979811826143
-0.45276799563964876
0.12908905691135578
0.33095020196467595
-0.4754419142341832
0.3268725108695144
-0.11928598237299788
0.5401246240074369
-0.13581718676307603
-0.20283329854753798
-0.0261316600992908
0.4984832688791252
-0.31536030500213774
-0.06853403895399598
0.34666223777992256
-0.3312995248821928
0.20886321544991593
0.241511811961348
-0.3639348788402055
0.4216885395928348
-0.00572768447651803
0.4658069665971547
-0.29343244606790253
0.5471916127548023
-0.2665132966308174
0.63460045587404
-0.5208088256307263
0.04005431764925707
0.4720694747569668
-0.06366962274130862
0.19976040913353277
-0.38906791470630164
0.028350290242860537
0.6769901724760551
-0.08455833496552831
0.38793091215761
-0.2240128845272735
0.20190605799047714
0.46488706376528427
-0.4249245087920619
0.28615922753704337
0.4381495868928744
-0.5288622694461376
-0.18141428472928167
0.6936383987668046
-0.23341669017402317
-0.730758234822923
0.027101235593685102
0.45635353455927136
-0.27171278359758766
-0.7431571454651527
-0.6262091593395752
-0.4682859263461271
0.02646832412190034
0.2893694344359429
-0.10029670638065727
0.3210624867819286
0.23452528231159303
-0.03879900037825263
0.43561332789416324
-0.13106931451021803
-0.17624397537061687
0.28144833010676906
-0.2550739726143341
0.30028514469276185
-0.0056501610264827196
0.03788021212622844
0.012026891249516267
0.5346650704606187
-0.3883748907261038
-0.19164832322433162
0.043764620728960035
0.5215367095379413
0.1156252086315723
0.04383685919093731
0.4396586036691891
-0.14015622873515993
0.3734418778398999
-0.08406678038963723
0.46106998498512886
-0.2506725184697822
-0.6702570955619574
-0.5542274902352079
-0.022648037649684323
0.6908942634090826
-0.48574922586120334
-0.1568765861604867
-0.20684699794116268
0.40010945800013453
-0.41564833609234497
-0.3955975389751769
0.024646720453538606
0.3992618319471068
-0.45822135028607147
0.3847615093540255
-0.34288355433322215
0.3625003681217285
0.21384289743690846
0.30845221228405373
0.14471791250940189
0.11755858794887311
0.4696793136162338
-0.6192900093940258
-0.085303695768149
0.15189752445978058
0.42945639637731314
0.15092071858622538
-0.06547433985571016
0.1525583506786502
0.3286896499634184
0.03797266433768772
0.655179556800526
-0.5166820697174269
-0.40989141048397915
-0.41815402127914125
-0.41711282109603415
-0.5851557703059821
-0.5449247311714148
-0.5651910985076911
-0.6086184221046211
-0.4706742006098062
-0.03031813751327732
0.287628150774447
-0.5483995824472205
0.17759540880217287
0.44120740795661617
-0.3091631160681032
-0.584776635485614
-0.11587827104043014
0.055585274839421245
0.27166722586200703
-0.5650806819839493
0.123386066793638
0.40249229913438855
-0.4193047013173966
0.08057848790530903
0.4677327423951703
-0.27170210323568567
-0.4602240459057795
-0.5094172806285402
-0.3079548045841529
-0.0642255575926321
-0.16484461305444376
0.7741429994839587
-0.24874974253701895
-0.052473664877579984
0.3001886373131157
0.31987069262289014
-0.15538799931666075
0.18869244637471344
0.24881450411096204
-0.14506847159181502
0.20239875975433588
-0.07024997181669013
-0.00772702345482304
0.43629368506392985
-0.4800201135563718
-0.5397483739224068
-0.44005561529462095
0.30052112292849414
0.38154103880191076
0.3842427013183466
0.25178598950922215
0.37657667747726825
0.04058099690759279
0.1969526513678873
0.3709061328164954
0.4185781233015948
-0.538551682988935
-0.10666246690826492
0.18897937725857958
0.625889763261302
-0.33596576644325793
0.3698913532693679
0.11488036041293084
0.8861423669321207
0.19510942278688168
0.573433369073
-0.3072915122347107
0.002540420004019217
0.514995408956292
-0.250997517935786
0.13719355834449232
0.27872823720652296
-0.38304265483796673
0.4870073032419073
-0.1272203914038266
0.665157403621399
-0.12119400674363565
0.179215369647712
0.37565428526433564
0.33991679903886524
-0.14772401680731334
0.20481336415558582
0.11305293568922992
0.44586397977316083
-0.3415674467771329
-0.1911723077236457
0.3066842044635017
0.29954303727921044
0.29768273971242487
-0.2766178200782712
-0.5044334439297727
0.19511444541648487
0.17118288389310535
0.20741907053590858
-0.15746937413926482
0.26280565472118794
-0.3557699804820299
0.08803218090834664
-0.06340821503811778
0.4199997757068852
-0.0007452752906696863
0.44111582847210723
-0.17130570205585857
-0.005793081446338444
0.5579128148817982
-0.05458011641782659
0.2384414172448454
0.2003780078968145
0.04948597287646786
0.4196233760585307
-0.1650924216946259
0.19504351545795487
0.35804167197983977
0.26096745506410834
0.6001248650245055
-0.20062180831997733
0.14135471225515706
0.28439473327591847
0.24911665890153123
0.5822034212644887
-0.4100406212177016
-0.09873150258150781
0.4127131208502043
0.29196071583302596
0.13475282645357517
0.07105956309128066
0.5470605940470278
-0.2971560041788669
-0.33979251540720445
0.17138799984626457
0.030545163037284703
0.501253496545735
-0.48481455402690965
-0.021362672562774146
0.4600597922124243
-0.14474476098628097
0.15073294344197266
0.4840798624505832
-0.04387344283877742
0.3247797701584616
-0.0803243098063557
0.4335711592361816
-0.4123292230026169
0.09294612547801483
0.4300883734945403
-0.5105575900367316
-0.8559129251616953
-0.20408624930342856
0.4510292893930046
-0.4668347655555888
-0.1812259354481367
0.055867118419981376
0.3577305727266241
0.09006836316797256
0.6981276184593876
-0.2236738232194283
0.3161332205813865
0.157149756009654
0.4617064739827553
-0.5817635018891604
0.1168568760502096
0.3832374685101997
-0.31684245046291887
-0.20421990916320173
0.3300127195025224
0.1167518090606601
0.30354189931195674
-0.014032228100535282
0.3264620276275215
-0.03849014897049178
0.3808137060396658
-0.6103219528933708
-0.4152029613223196
-0.6318889021550617
-0.4820497529936256
-0.39229352532664524
-0.23377412725759986
0.35047181491252866
0.2340497970138934
0.32577109107663993
0.24896735130828446
0.2532466354319126
0.41934399227878016
0.01815753579225718
0.6282241131049291
-0.36456440833723214
-0.08103606778666875
0.4922139730731921
-0.5977001015804809
-0.6140631058416991
-0.26827115510618177
-0.16955984502325402
0.42226138985954687
0.24589338139545858
0.5576150448178152
-0.3692365902703212
0.45648759706517644
-0.24027488456755483
0.19720278200671965
0.2721987863280524
-0.060282027997147686
0.4232861272417722
-0.4489091731856175
-0.0980756478131504
0.6339415804531812
-0.7244823966371572
-0.5678361317500538
-0.38112587477124155
0.29514255192077776
0.4609241834149069
-0.05477218581664553
0.4307390271289387
-0.6141819741345598
-0.32292428127956485
-0.44077438097999594
-0.2522881661769631
0.010562600612912615
0.20397342684907727
-0.1229751694676983
0.3520310379240643
-0.3508751574991418
-0.48347928907686677
-0.6465846574310036
-0.4438501928400464
0.0530430650990965
0.43998414507476985
-0.6111294219524572
-0.4328407572770289
-0.3742504384023828
0.31759202676889287
-0.2576485621132133
0.37583075457990456
-0.34866069631886243
-0.6400490188147951
-0.4308587241957537
-0.24636761277977365
-0.14586116071281455
0.6184280678964393
-0.6314234851134255
-0.5050089457917507
-0.8949779586474761
-0.3912229934895753
-0.1668824814572589
0.15058250648332983
-0.3827076638798161
0.44043136055129933
0.2990818731583749
0.3241026089818939
-0.06438778324340266
0.35758488270233285
-0.2064377632573596
0.4475456132479219
-0.14119271706164738
0.25897878271576147
0.25514308751551573
-0.16160839781950695
0.22043869272950345
0.20956172505011295
0.27537137895969976
-0.03963620015002124
0.6498982224717889
-0.490609468026048
-0.26605663385577955
0.015272445205589097
0.04888031306112367
0.1763383898205081
0.7546152995121879
-0.3948803421966982
-0.20051069423180373
0.3478764171633674
-0.016087401368452554
0.5561952826160137
-0.33968736691520196
-0.6290627333789316
-0.49351887632492397
-0.36377342957449055
0.12731155168937092
0.507933072489231
-0.43411450384227757
-0.49525059416002165
-0.3544075247292083
-0.11812706764247043
0.46634707967215755
0.2087495191633016
0.3856611550276919
-0.3614297486881005
-0.6872362888915378
-0.15155210954177165
0.29222164057985667
-0.04727324955989238
0.37191801100954697
-0.5016295190067422
0.040683313074763666
0.625151423424013
-0.5712577885266072
-0.07235222665968818
0.20526762882672095
-0.228031393351223
0.5216930354806383
-0.22184037426192335
0.01813734526037247
0.5153441528061842
-0.3997343860068259
-0.33737496351421586
-0.2532076686296725
-0.1502171519810543
-0.2700957755159485
0.5394307561587327
-0.43450419932577933
-0.18192678203896123
0.5193476978692511
-0.4602142424326778
-0.26029715168590706
0.5378228090979433
-0.675787490445426
-0.6544463975439665
-0.8343163389769916
-0.47205704766225715
-0.1297843735709339
0.22194752836952344
0.24060844670676831
-0.45632253468334877
-0.12536054933604565
0.056814894348599224
0.3445852997749852
-0.45997823943048355
-0.3043885185916835
-0.22068098362592858
-0.46967974758576975
-0.7717023473082969
-0.6883447536395991
0.21525134848001135
0.47250230250920333
-0.7858386858087629
-0.5959073915674665
-0.2564679899194984
0.008085072593516845
0.5611526740404431
-0.37852668196348027
-0.38363140295879883
0.14906052777655404
0.19887250391846187
-0.03614696843824988
0.3822629223671371
-0.7039009964032317
-0.3670824639767003
-0.4655248966320918
-0.39057970447412194
-0.5454059041261559
0.38168191815118313
0.2804722763901921
-0.03053936225207593
0.5715346450406245
-0.0383179507156457
0.11534941709676824
0.03605522665172178
0.48523920005768306
-0.4685562847949556
-0.8564874317099374
-0.304339837118798
-0.1665182940657285
0.040087806458880465
0.2698029756999838
0.0195949458515648
0.6089662951066476
-0.5546311436657467
-0.2606043053554213
0.29377497029656663
-0.20934541512673224
0.5702249469073624
-0.5288328098645363
-0.577423288872588
-0.5681085365822581
-0.40717186947772643
-0.32584977555813305
-0.047400462480292616
0.5191213646262614
-0.3880178365363565
-0.18255659055321155
0.4448614413575091
-0.28840818004750673
-0.1947102099549354
0.4239896732030183
0.3128286011246195
-0.20767863672713702
0.5521767152733688
-0.1252923839674716
0.3512874553097342
0.0033351262499579926
0.24088038280095114
-0.2892431777722584
0.4308900449754782
-0.376855794915332
0.14314303944879003
0.33052968668852667
-0.428726732877114
-0.2847416075539495
0.45656434297566706
-0.01812943997423778
0.20857485500409645
-0.4785252200725208
-0.38693908979391745
-0.6447068030853131
-0.22747924643239317
0.1808792865030302
0.21442042465590627
0.1536915089445694
0.37251230500319854
-0.6842843385769235
-0.3161939091735845
-0.7930077869969079
-0.5457755394390859
-0.22339240929240384
0.04030132608260034
0.34676921959466356
0.621790999375443
-0.5508117848949476
0.13073388091519947
0.14465781616435255
0.43860963277836695
0.1739755697579781
0.567055716688015
-0.6075112443252098
-0.6576539533746416
-0.3268901843084695
0.09362878480438143
0.157230856561574
-0.04400267282961309
0.46242799836238885
-0.17002580550996552
0.07888932689538315
0.23371115814974375
0.2063258574027645
0.5059723689440089
-0.43222068853785617
-0.46217326337461395
-0.12946257619350604
-0.22837452471191175
0.4897196964887642
0.04529952134596693
0.4095639142656963
-0.2043361919678004
0.4056473904605737
-0.26617385471385224
0.10894950854109935
0.42176985622584434
-0.19637466428802058
-0.04222778410916907
0.5371670014641944
-0.0808116250023847
-0.1530992787396968
0.3244850923772184
-0.2939707742849995
-0.33180737795324333
0.26599087943338984
0.2938054329840525
-0.4645235502953645
0.009366563233640254
0.646268018146224
-0.43109566889483075
-0.2814136235369323
0.3352998010399097
-0.48118468197711395
-0.1185097890629897
0.48235444623332335
0.472465466480861
0.29733982652364194
0.33941224099915873
-0.06574259455664354
0.26050298973338404
-0.31250776460271534
-0.4766248356210302
-0.26031942872856245
0.4854564162588564
-0.2395326717956037
0.45290541079417657
-0.15555122615845837
0.2456358008712164
0.47541008372420684
0.11225025678024891
0.35544888789256873
-0.054042890814481104
0.7151590672924555
-0.14234435240929974
-0.025275926050889012
0.5690754320571689
-0.48366239350478335
-0.4371826752468999
-0.20625625266469733
0.17107743712028853
0.43389029205531704
-0.8046181833321782
-0.3524951601977949
0.3332245253882838
0.10189497310053441
0.36037625420747943
0.42018021660646926
0.12792526133025894
0.36946628408859156
-0.20995082295965636
0.6347110557537118
-0.3944268754353461
-0.3228883838839873
0.10754826262323222
0.29677068977865007
-0.42113421989508387
-0.05842651466616735
0.5535323250409501
-0.48090775153390675
-0.5920908966931624
-0.4073355898330423
0.43524079748388317
-0.2402867230909627
0.4294423295613717
-0.3857937842689408
-0.24400915429317213
-0.039971428374736884
0.12502231112621406
0.3211022426962913
-0.2755524311221957
0.1461690018004023
0.07842048837116408
0.38746609233306667
0.1369865699758389
0.16409998976025375
0.2689369490342781
0.7051559007373358
-0.46188221697124215
-0.5472663741841879
-0.34089144484013617
0.04628373464459748
0.332724414956695
-0.44765846433697454
-0.732909940539704
-0.7211981231313167
-0.5658870510769939
-0.610892162832508
-0.7364441732596644
-0.32050097678853734
-0.23585408683664194
0.5367614257959997
-0.4657593915027754
-0.1690713755824726
0.40177993457858285
0.033945175871138905
0.47382139829518205
-0.5595965617305383
-0.18311653885165596
0.24037604738933582
0.11101252760797921
0.7463478517183728
-0.4362513719652965
0.29919432781537963
0.4095909825835474
-0.30880409917484186
0.35066089560946684
-0.014772365933580833
0.402105747699899
-0.4064070584211994
-0.4183769492805369
0.5202833938593592
-0.3935112285616937
-0.09408508552952896
0.56629036341534
-0.1525869260129687
-0.4156702260813961
-0.43739727152025853
0.06391668213086646
0.6077677955202093
-0.5159118297396266
-0.31827666896128926
0.4449030688653053
-0.007565671984917137
0.427745975920328
-0.5019366829756458
-0.36024019896061665
-0.2581720818081118
0.5526490510122024
-0.1322629762735035
0.7607166007827755
-0.6009031252512287
-0.5362375864882651
-0.3908854694940269
0.28798260132650744
0.07175129290524696
0.6493093078234116
-0.43640735368647454
-0.5058956307612184
-0.07413804839841107
0.5488704902799357
-0.40441162461514146
0.34110829066748904
-0.4671762692800143
0.2898965420751484
0.38919071810641453
-0.06782124894822851
0.3874434079035513
-0.18598332790875388
0.3553164137600575
0.1284993213994461
0.3642396754636845
-0.051750946634607886
0.12823575077937754
0.5249153575339985
-0.44387201748002947
-0.05775105504848327
0.18695712275175558
0.003604687070506485
0.4685621183516804
0.31159235012279296
0.3277942168306256
0.15841693955361819
0.26319478922330897
0.012556787252592183
0.5196331234626727
-0.16212885763918003
-0.1494719143023255
0.4037588661136136
-0.5644642484949874
-0.08329049742116135
0.5112266718923363
-0.6213816638702166
-0.1831832757499871
0.3367359891994436
-0.38752294000017795
-0.38186306085091154
-0.4649665181507875
0.46262702080648965
-0.003749739963491705
0.2616713526638734
-0.12116888749913743
0.47270922614195043
-0.36940863097917664
0.1418122153250978
0.5787026271542263
-0.3167369592771462
0.23482303654590653
0.0169694903575191
0.4049391134328747
0.3275765076955291
0.40149264004416335
0.2092916991340419
0.40418409961896423
-0.4979545839221121
-0.3368791888671188
0.4958593078995362
-0.4108448158278978
0.02164304658080285
-0.0840420124091656
0.5139536028533105
-0.42802644817403757
-0.6473205232718293
-0.00862141983179926
0.3747687358875036
0.11907973676195209
0.631759199830855
-0.016297634410656823
0.29492692866255144
-0.6055398620599068
-0.5408223946970111
-0.4796844378702921
-0.5015567866046493
-0.23855728164774626
0.314203863283098
-0.0722341711804253
0.561976428076417
-0.37422644566858665
0.09014589828847243
0.487135149224216
-0.3802742987088076
0.17628355426732378
-0.1466903828728761
0.35169897350517215
-0.37180772219285413
0.2984767651822955
0.4533053572408839
0.482089023231876
-0.22134497072303333
0.29407239753730774
-0.40799725743053805
-0.5195844099884389
-0.12108215922192803
0.6728834657528739
-0.11953809065692814
0.3632153255071077
0.3848640860985949
-0.15678053838951972
0.40412022941216763
-0.35524728232334385
0.1570515603958424
-0.014022697364776682
-0.1869199415348916
0.3759771982697248
-0.452667811461597
-0.09950639016241754
0.39423892249309467
-0.12539709574136126
0.3062224273975154
0.24695592635930347
0.4994519507991927
-0.47506185203098567
-0.30598474969611666
0.134483228648041
0.5819776737888573
-0.49377372529258545
-0.5810230267478826
-0.5150992949977767
-0.5031003239587057
-0.8368490086713587
-0.539777810156388
-0.6293793382631168
-0.011482632470340447
0.6081811377976236
-0.5244245867566185
-0.6141389665823909
-0.1264486122202846
0.3647374486845724
0.0062947788480129385
0.2024509194098736
0.33516477219191054
-0.474235096658464
0.12132489513958003
0.6023827041198495
-0.25593070120949674
-0.11891830014962883
0.47704092863212505
-0.3429952829310532
0.08688119841231252
0.8046755122375681
-0.47659509551839485
-0.35536637597858844
0.27655046737325617
-0.30527735791625954
0.219097411336182
0.0572709303150737
0.3102823029146069
-0.6926852687359164
-0.344999919569958
-0.428608777143486
-0.0363546887919895
0.3278837740290083
-0.18205976273961344
0.5239565865727476
0.12180231810560993
0.31965019435351477
-0.21824676866436563
-0.10696245713585552
0.07169240499261237
-0.027836916476017562
0.5107677975782836
-0.3337293275081791
-0.5580288947538572
-0.18418194543562208
0.4746787192840516
-0.05296577605382083
0.311851954147384
-0.165379901297032
0.5697562713232016
-0.49978289845657875
0.20896301815388385
0.7909753606352484
-0.6970556183309427
-0.25435217057651677
0.10546024177702248
0.15826375712125018
0.34319707358447593
0.36721818107599663
0.5207241419681087
-0.3596109923289653
-0.22307690347603637
-0.18824108850240012
0.23176510020284127
-0.278173261049535
0.31947226482084057
0.4134534191370979
-0.010099575816022305
0.3877910788678493
-0.10467504815025562
0.5110275842371484
-0.6816825608400274
-0.21253171936615117
-0.4056612179285962
-0.06607956743937263
0.8054488345448696
-0.36298903272673244
-0.07240385192534529
-0.014341551475981568
0.3291406550894893
0.09475511408730834
0.42063661109068357
-0.23944362241175215
0.30445760745641637
0.44674388083267225
-0.2580292966531619
0.280484170186262
-0.047873617505341526
0.11721550317030617
0.32753823708358276
-0.11567394825760216
0.28870876419666996
0.40530197944455026
-0.6600802674633218
-0.41336532794087044
-0.19284990919658307
-0.40066368487302334
-0.44402969935997155
-0.40249933914901986
-0.1849096379814633
0.130009635260388
0.3964417485161032
-0.3878813557016267
-0.6380052027354223
-0.3836511143572481
-0.3853247098709909
-0.48888411398030474
-0.2267687100536253
0.19536391766606878
0.14787673526546513
0.160455489225387
0.46129339296484945
-0.38698961344849264
-0.041723417549990455
0.459328594767715
-0.6303198383428202
0.14402725624748028
0.7340508843901525
-0.5030350731094085
0.19427953614624652
0.3664353577456824
0.14774142223622116
0.5322140016675867
-0.43551847126105825
-0.5482301966727201
-0.40750125541500615
0.031938355224773785
0.2727638593318772
-0.4844746717427225
0.5224486657501417
0.17971367669046928
0.5587982539210391
0.1468809149765812
0.7269306468431085
-0.3094160456815839
0.24937688744842462
0.03412289418098641
0.021805667775650628
0.3133364866907085
0.6488185912119593
-0.36110763763652054
-0.031772080010594395
0.11877122291865799
0.4993986826257312
-0.45288486670816014
-0.2884114143668447
0.2308057299144567
0.4268728760355377
0.2330797706124491
-0.24534979036904536
0.5458311519565748
-0.6636547690962427
-0.3115022938507747
-0.35921381756851045
-0.42349295574941315
-0.241331209959075
0.5198201415549007
0.057256481223411544
0.0748963368133741
-0.37124644332006584
-0.12276462819290179
0.09254513158684047
0.17584993580124658
0.47982490965293545
-0.1451130395123823
0.6914392286156581
-0.8904497148404831
-0.5165484033222127
0.1991617229368342
0.43136608847059416
-0.04960002846639716
0.35656803646031093
-0.6154267188128947
-0.20089475869102752
0.5549329843947691
-0.07004588622672678
0.11156816743863276
0.3278082270924108
-0.4299069639628377
0.24866087563464104
0.01329005109106235
0.3668779833335565
-0.5434192861841034
0.09780314105269845
0.5285516414561997
-0.5661701179554843
-0.7145935758995035
-0.5426936957347266
-0.31513411346944276
-0.024867926251860503
0.4595855203997902
-0.36251070455045104
-0.40336571989043785
-0.3302248286733575
0.48120010629344284
-0.09856255712990153
-0.04242926730498575
0.3841876518940433
-0.6335003005308404
-0.12491202814356989
0.6751332355499002
-0.22293871470525978
0.1528832620919357
0.28089039631772483
-0.4892827957368155
-0.1621993203972867
0.3634580268405247
-0.05979078688595177
0.32825879698756055
0.12315319274567657
0.12842828455817656
0.5756099723430765
-0.2285797641446168
0.1334899046579736
-0.2662507183682269
0.17319489233747176
0.6148512396720106
-0.269900003122554
0.04180108246278491
0.3312298948664917
-0.30180219234274197
-0.17004296745791508
0.3677056528478445
0.16635013175523597
0.4501310923825201
-0.7400561754999186
0.3240168493253078
0.10600068942069779
0.37430089148020995
0.38727065539280225
0.3822374665781956
-0.08137376268504529
0.38069820667309245
0.13040924804279697
0.49508494037653183
-0.5255195642549402
0.02380980108948816
0.20993861527237212
0.27877683940699105
0.14578477278792304
0.38964502818094604
-0.20046820592047399
-0.33994830536377174
-0.48135437125241276
-0.17893373047341118
0.09102442429192623
0.39987959552851926
-0.6110444463992835
-0.4162572181912353
0.12090874773268884
0.15081408782056696
-0.09923830820424011
0.1875600624464066
0.10777888739251973
0.3180385197938523
-0.25397724724292714
0.35214414401994976
0.019082807448223132
0.4876027212938736
-0.4629431451822564
-0.29186191364223396
0.3075748313437971
0.4681369489506345
-0.15024851573990114
0.5242304940998911
-0.6990603371705035
-0.17611835043935176
0.1786398362213908
0.43466328538825977
-0.28548075555883556
0.381960570903088
-0.013881177654934788
0.4488655810757213
-0.4012744418812715
-0.3847683285792635
-0.028973557466931282
0.6819500297585303
0.09723887212025766
0.37116881050377015
-0.6387394559886161
-0.34125970977384845
-0.19001979023885748
0.34451665919170016
0.12256639129753669
0.32306996835014384
-0.5163105689735817
-0.05967522179608248
-0.4111920073109545
-0.14864026120989426
0.5833755935206251
-0.6773152025490139
-0.3678178598748462
0.16047706765751135
0.63808405006183
-0.2591613243611995
-0.4446804649941123
0.08323363158897477
0.13457225933968237
-0.2032415661393008
-0.18916929586860654
0.5147395872613683
-0.7299635528209649
-0.05201046826357497
0.10143470359811901
0.46108154179123145
-0.4958920486654193
0.04100813078659824
0.5281230042171914
-0.6998919320552496
-0.34974588837304155
-0.05406585228700015
0.42655942710136835
-0.4060026310632608
-0.304721054517598
-0.6168101928582623
-0.23896728120953514
0.683145837695321
-0.7256598298449568
-0.5017537745863321
-0.4991153493808184
-0.4525980911521288
-0.47813343511440554
0.05371318337700104
0.05828639984938147
-0.017327656477500175
0.4095447087332021
0.07481217347166885
0.3636866408845611
-0.22021720933927338
0.07031560492064973
0.4284492729567545
-0.2527006443032949
0.5485417671239761
-0.2522947656627802
0.1786285825908901
-0.013207194997268412
0.6827251932818529
-0.4919361765046216
0.030881012363438768
0.3662201965346484
-0.6860568611583759
-0.3521143434374644
0.03346086907181757
0.5563836191234027
-0.15623057561551962
-0.513722415738337
0.42566580126582065
0.21881937947459304
0.30707999104024375
-0.4551372529629153
0.1788630966124323
-0.012040553184606506
0.18018219896074464
0.5585663920374768
-0.01505612584396182
0.8005360791406766
-0.25335670588708104
0.5613089745070059
0.3062599633834082
0.604589126750547
-0.22801698039477925
0.5704951035395458
0.011118681796430774
0.46712048292715136
0.21662303123146975
-0.19404294124693724
0.4306831581767759
-0.027195120790836955
0.42739754620261755
-0.48572347537860355
-0.49427285660456793
0.029305109403982565
0.3066353794408351
-0.052080563587263526
0.5024518561502174
-0.3394386850718366
-0.14699233836981596
0.6008013785768789
-0.6681937938616355
-0.3325918151042237
-0.33109523714044536
0.14539347792557383
0.4446991771339046
-0.1424576412226899
0.23854828157172175
0.04632439812808755
0.553092185051307
-0.19993639121410206
-0.1807541451744956
0.12754980181460412
0.09892989359083533
0.10897559177886945
-0.4114856513645664
0.2028305979031075
0.48040032150342216
-0.20803450716610347
0.35711157899384316
-0.5686086199497431
-0.367543810723458
-0.6586760119156368
-0.4005649888906039
-0.5107030065944621
-0.22044670370290456
-0.29365673978064594
0.26025236097919513
-0.08607720612039964
0.5588655328458156
-0.46453292281290187
-0.48305631580127545
-0.4594621657591628
-0.03038909574467713
0.4214774625337254
0.14933270358079323
0.23616723858817323
-0.7229738621677804
0.06644843940122117
0.44494776834266647
-0.1704448767354019
0.03746703738579157
0.6554882736699655
-0.4254030400394647
0.22473186389656724
0.2667727803793256
-0.5272396770747836
-0.4620413647352253
0.2250139582620544
0.23025221724695752
-0.07739531635258756
0.39628067340159806
-0.18492637174137422
0.44059331454664763
-0.10236562793456028
0.8122415689549467
-0.2545795461139825
-0.35784515110706755
-0.5946480119245338
-0.6977766167297235
-0.15233128208842356
0.30814291026011265
-0.5752187143333137
-0.692743839796486
-0.408488893879789
-0.15112507397781727
0.6855413533059074
-0.1150874859510965
0.024817325173630722
-0.09911491198914013
0.10804621627157587
0.29892457649315274
-0.529361521198414
-0.3174567819664159
-0.10079841785763642
0.5478353034698659
-0.7926995390169749
-0.5268563359898473
-0.5769812144431091
-0.2073320814857489
0.2957218685872353
0.6421084074255848
0.03206600484015066
0.34387182836167224
-0.23227571329970467
-0.18486221412148118
0.5132072804482466
0.28162183628490306
0.2819124656840367
0.02523807127269711
0.5678007935397357
0.008149355260195557
-0.6492713897609523
-0.21789904356669126
0.4883192798548827
-0.33490534116158616
-0.3642142876537146
-0.130393811523213
0.7270719619160996
-0.7388371250768475
-0.44684828865400356
-0.5216919201529444
-0.33826613434620245
0.19393394334728184
0.2957106690552423
0.010254146554313042
0.4203657590799105
-0.6370652606467566
-0.4837036034862713
0.20264845479989801
0.11549094318182251
0.34387564275575855
0.055278538304212504
0.30021522902550896
0.007790301169300934
0.10600444871175
0.09392651892916687
0.3869402772564073
-0.23452443389156835
-0.20337316715340628
-0.13358584825085415
0.2851882290444612
-0.09011294714628765
0.34865980865284263
-0.5072161313431538
-0.17199967240256597
0.4962706242268288
0.04722934226506277
0.4440344339435487
-0.6207501004265535
-0.34825507600031
0.1247948194492461
0.4694612629598856
0.03181181038946784
0.45788787681220644
0.4713274466453406
0.5585297448427456
-0.7103306279515801
-0.06616688964218242
-0.16146000415093115
0.4157428319946221
0.05049421735368513
0.4122060996349047
-0.4347081237551001
0.2264084652142635
0.4472299913421895
-0.45910357425405224
0.29250049374987125
-0.10228136819374314
0.4235416172422219
-0.37732660562961295
0.20149026327031333
0.2649642492996005
0.4357820118685388
-0.0748245744585101
0.5711876956265224
-0.07801888679685293
0.23665485804092112
0.16134467536131764
0.528844847024822
-0.5602471746363659
-0.3029876517337069
0.2803796672490143
0.2823579906907099
-0.22085975406142133
-0.0706970556677549
0.3627698353828125
-0.3703252437325048
-0.19099341950764856
0.4373628144710357
-0.005932348883435967
0.12294346999616146
-0.11908122303448437
0.5806719566434637
-0.5287811877980366
-0.030026341638270775
0.4467095597532119
-0.4617130822165537
-0.5772046278760066
-0.3050135310566032
0.40245072210082644
-0.5933172099193891
-0.2691255132833478
0.30851091560618904
0.3337173416285767
-0.07281579059002069
0.83133553139965
-0.4077466958843322
0.4523610734587973
0.18725864331579847
0.4892380959697613
0.4950582089696398
0.3247483532086624
0.11973100678742826
0.7069305521239345
-0.49137869199340706
-0.13628277084846502
-0.04524682116788756
0.5645985935944361
-0.11040533432167873
0.5214616024284234
-0.48877980842657
0.25757547749836207
0.39511545459478375
-0.16659130312732998
0.5663492541973771
-0.14326314996250006
0.287304002886826
-0.4763942195203707
-0.620218392878913
0.02812912151015319
0.4656350389783211
-0.3788275817526565
-0.28799389680560306
0.4488575980216588
0.0442360460886214
0.4339951983711802
-0.6031746751187159
-0.33850312707940833
-0.5088225366836211
-0.3598757646059929
-0.4778476271477713
0.2479646753023177
0.29758618651228214
0.04825910367643736
0.5468016529474298
-0.6425920261419107
-0.5842158755249459
-0.5467063535812255
-0.01587672221848095
0.9150498952290664
-0.4843333579453819
-0.11309467841950424
0.3660399090841726
-0.6501621279749688
-0.6344877787032239
-0.32685568830607625
-0.047148072574264455
0.30681202788404294
0.209303270593423
0.09695815416179127
0.5397578896813868
-0.03615602721948441
0.39595730062762213
-0.052620049234053085
0.25890244689031516
-0.2653870044231369
0.34173820103134306
0.01402932596577243
0.32889314856113483
-0.2991331268697246
0.3948913252308686
0.7241902332344448
-0.4301472073375627
-0.493690836110666
0.41073352643864014
0.2918290436170643
0.34338511833612
-0.0876367772392288
0.6168405355126803
-0.5606515883813148
-0.2876963666909966
-0.18215145637774896
0.40150697530711377
0.10000206242807319
0.2221148166648752
-0.8153887922610203
-0.43532882942159806
-0.4675995962551915
-0.23719502794992992
0.48748768804907344
0.6266248431525256
0.048286415499685854
0.4346940830537854
-0.4846261357282188
-0.5697006484329442
-0.32586141152476966
-0.14296605434427848
0.3015068563791978
0.2233444288406842
-0.07288280304637651
0.23193888996583012
0.0022672536644467983
0.5993414026972542
-0.563316128581302
-0.39711854584810147
-0.3259759407453424
-0.2774686940871291
0.3150949486729157
0.04645922818660814
0.4952767312530557
-0.24449609295261068
0.6217784980983253
-0.38071366621441816
0.2628890036023932
0.24730858275133163
-0.2881689282705321
0.305101407983351
0.6391146179747947
-0.36136625439672615
-0.4913497205578711
-0.7548355404316262
0.4014456345883286
0.29719487127679206
-0.116327507132946
0.4816297943798175
-0.41742032182891686
0.09466219770545783
0.43875982350547044
-0.4147743697623915
0.18526780080989277
0.4388819816296062
-0.21542535538759822
-0.5496851046971574
-0.38052619365214946
-0.48070033939612217
-0.6554521112493257
-0.38514512595000017
0.527578690918716
-0.21882357664637528
-0.07438988392639306
0.604018754779439
-0.6908621331667756
-0.25350980514559635
-0.6144572943857091
-0.17088878194398785
0.15758299560206493
0.11051819311363273
0.537722490919617
-0.19388120493378228
0.21054432761351055
-0.07952384516798486
0.4322550963101897
-0.6212009681834104
-0.38954467506105217
-0.5012337803792187
-0.33291192624097116
0.00559622013138557
0.4255505502478491
-0.3146411392434422
-0.42068677859092174
-0.39472245334858846
0.3016016526333463
0.24935744843885857
-0.22815427345759456
0.41161192140459835
-0.028085717753898395
0.7550429130930949
-0.6538887242811012
-0.7272921088157841
-0.37472524324311807
-0.7303753404127935
-0.23652355243783021
-0.39062082084637945
0.013158156920419106
-0.05317712202282225
0.028923002614585358
-0.3204055773394009
0.1666746528328235
0.48982220378992414
0.024166628990653513
0.47187835419173096
-0.20789852217292362
0.5426459659008487
0.3516407250449971
0.7618541705410982
-0.37634238694323285
0.513699508729541
0.12711104730670206
0.35765487576777305
-0.17328928442685373
0.5531603177524095
-0.4458415496123104
-0.39065012397839416
-0.27770339526475507
-0.6395130381595393
0.14475770857150086
0.4068027047505144
0.037518128487344156
0.47451614728379227
-0.4930674447867663
-0.5542111824316835
-0.7355210821505258
-0.47015445968160263
-0.3656875776755643
-0.49167875111136905
-0.35754691134273864
0.6303527683227974
0.007159911524333373
0.5453392361210909
0.10911653672136637
0.26635242390752506
-0.25232728117657033
0.22346489439646627
-0.32559384402228253
0.6347324709412815
-0.24269999228231157
0.027338706921127665
0.09479665135232423
0.3472670680380186
-0.47984370913614594
0.014734417284021221
0.7542185415478349
-0.6755463262599539
-0.7074903237656825
-0.6976499978050597
-0.4710382734489884
-0.7368345950103368
-0.5713409483714631
-0.5650055776763674
-0.0437504806747928
0.24051936553980294
-0.25902423280590925
0.14605501978289973
0.02406164686162697
0.35476634361798454
-0.11993994042437722
0.1356276378887847
0.514169150064064
-0.2602647470646404
0.4614124751709506
-0.02555750336579459
0.7291238576071666
-0.3152843739948996
-0.3429164744938552
-0.309361742520471
-0.1862450316982801
-0.4238966664241562
-0.24975668881116694
0.16503346575330466
0.07462457914051468
0.41090037539100466
-0.3292387375346517
-0.43809914789319726
-0.6612408949805537
0.05330318330760314
0.6104433680776983
-0.11373630838277166
0.676241925803639
-0.6322980578140817
0.35730879021020584
0.006798187939194095
0.27684060858905485
0.11590226110553892
0.5029544926057449
-0.2703912119041103
0.28638499950849605
-0.623415403556465
0.03755324385847965
0.2960780882355851
-0.5275284863846232
0.39251434651555916
0.29805281500752395
0.04495069683858348
0.39029098273147383
-0.324651644940797
0.14102346568585136
-0.08534153292506984
0.5179012873855751
-0.3506893419435298
0.07969579582757313
0.23890116513274093
0.19795853294113175
0.5009515976119924
-0.6381025117108653
-0.5090415055968736
-0.5708012029647391
-0.19498547063169155
-0.02561800292358391
0.26705467318275194
-0.5674658657040506
-0.5216350907648342
-0.02677738984509931
0.4163085396170396
-0.11033928025745889
0.7672112677233353
-0.3173399356760521
-0.3321743189845018
-0.010180127853596184
0.4720888723314605
-0.2946423239852144
-0.21116873652629914
-0.22763188393760314
0.5831942644899707
0.03279349204057688
0.45341430463072474
-0.08032941847893747
0.27222684897175675
-0.043596131698608875
0.4805067655169661
-0.4176301794383467
-0.15672806458513963
0.5335556603250755
-0.6335220020341827
-0.31407050281041277
-0.27180043899732553
-0.00217835762482501
0.6427449617790844
-0.5032428048531217
-0.4458878764723126
-0.057989837821025375
0.15135361718831147
-0.5922696207859542
-0.4071599831949192
-0.6286762498784341
-0.5045413313259292
-0.6252791230595263
0.08209959952584688
0.42423457083471033
-0.5554610859338587
-0.3938774708010536
-0.36411616804429103
-0.3513989842018926
0.23824782672419423
0.4075995653555945
0.0019396368882262927
0.3008927916728421
-0.5420138556998615
-0.4704255887570441
0.06956114887682492
0.4497584980073268
-0.25956047789470504
0.118774639311111
0.16637587133029497
-0.4443581723151123
-0.08638650909660876
0.21534807224908314
-0.41772380318775887
0.23493839866421384
0.4206841719574713
0.05462220955962377
0.47240382180238927
0.12608205006947104
0.3395267363075371
0.12535769888686837
0.34314308802995963
-0.5614281592136607
0.03995235711151235
0.31314659155448404
-0.4570103797184354
-0.2866596604123771
-0.13327825625405315
0.47264476543089917
-0.4799315680820455
0.23017424765556221
0.36401492152675946
-0.2514714677679265
-0.2920179945101217
0.20424539091995442
-0.1170721830748893
0.37186082531939063
-0.1378044678424765
0.5619541452754959
-0.30030834435064857
-0.21472481650536407
0.4785925848895704
-0.24097808364453577
0.4280668766439061
-0.19116335734369524
0.48126801784753026
-0.07703449024159478
0.19885938498374564
0.44198286564364603
0.3133756892546169
0.17277766309027986
-0.01386559061072154
0.3673830108834265
0.051557855332426406
0.4141387983995658
-0.07142486215746677
0.6968613723983345
-0.4156744506879898
-0.40810116157465604
-0.4611102626208178
0.4529923473375185
0.6039093598938712
0.016481799681568682
0.3646085823851976
-0.3569238304168748
0.4586956092834844
0.11200551675750184
-0.3008729649890595
0.6541316851637384
-0.6203287436124216
-0.5271426283376981
-0.40061351043185656
-0.12000525860038866
0.5034050569298328
-0.32803307133462856
0.24292708305077004
0.2223230067439953
0.299001147884707
0.06810452024584263
0.0790973177547529
0.4964227836761409
-0.5158635827429935
0.14747789903418604
0.4898945996227302
-0.24357996197065224
0.32948488312109236
-0.4883133924411558
-0.2944870852841848
-0.21961172167098403
-0.39852215825541876
-0.2313688267671597
0.5531057008304542
-0.3740999270514066
0.4425711130104893
-0.17740296760396743
0.10999151079462804
-0.20709526594142216
-0.01510251715747285
0.16447325181463013
0.17856528506335873
0.13500110376361243
0.24819117246890804
-0.1847934459798452
-0.5598550019614528
-0.3679721488022833
-0.18202081904082934
0.49213628220123956
-0.3739506592675199
0.5614262919158928
-0.3145226936452588
0.022697193707745505
0.09491172654400357
0.33621508455011445
0.06392472333775252
0.3069369505995394
-0.033607602802661035
0.4391789744912734
-0.6758447033586141
-0.16783936130913782
-0.12417025394717379
0.5540448119415912
-0.06516130384822824
0.5255694291278896
0.18224865162489207
0.4595147947491296
-0.15438332134864446
-0.32037267882198495
-0.11219632690033732
0.2445143232276563
-0.29001005794413726
-0.06848292811992385
0.3836270873591825
-0.16867594276792378
0.18479650707640755
0.471545769371737
0.08446246257756983
0.6021516663425099
-0.42232340739842217
-0.17153490175439062
0.06919228893359572
-0.11337386854575776
0.5759240990759732
-0.14163065476496312
0.2806564810500449
-0.33530003887511817
-0.1130600091131627
0.3693975119734223
-0.5399016436455188
-0.2727261986302968
-0.855481419287158
-0.7437934700608144
-0.30414522781405656
0.11344990152635108
0.7491950114162356
-0.26421184538057996
0.03069254364439941
0.2627816105329502
-0.45526849915657064
0.07751253993499196
0.5913777416668353
-0.25909777679773643
0.06151986538153985
0.6325718312441558
-0.8805706733157987
-0.19241739943067432
0.1863352733807339
0.12110560523835907
0.329209538179967
-0.3373735610632456
-0.6724657813917755
-0.3603488739017376
-0.33478672753095196
0.3026735473422244
0.1683737653528145
-0.1410808945899047
0.6389531420442588
-0.5634146848817242
-0.5530832764024627
-0.6743275369777701
-0.12704727660411172
-0.02496070152032656
0.36828580268985633
-0.2620457007515381
0.29198668503883024
-0.011883385155880832
0.42864886473500835
-0.5749264572480423
-0.08069663498648921
0.38559155642908566
-0.2657373658701816
0.4656016764117859
-0.32903773527086494
0.5146369901917425
-0.5689092984097639
-0.14120936523658187
0.4237618244736258
-0.34177547948927245
-0.11335333988248375
0.17370369473504743
-0.31479929649198435
0.18887235418129097
0.4002574277815602
-0.2606728993788331
0.5976892272307146
-0.6051179515077392
-0.5135983074499895
-0.11592310482665588
0.33655118041631
-0.19449161542195195
0.4557915877282114
0.4755350606878805
0.35550478496342697
0.27139683628162614
-0.16935939122143964
0.4200738745200513
-0.39786148703138197
-0.06181340893711894
0.2877208365677625
-0.03294527634352579
0.2662404083462672
-0.04806119634353121
0.17821285003950493
-0.38239691639244167
-0.5906408618939534
