0.900250185417888
0.8883917295407309
0.9013162270045199
0.9209221053530576
0.8905831615142819
0.8728725280918554
0.8669061574347303
0.8644417971947007
0.9066972443593779
0.928636924454683
0.9139352238528672
0.9093496859240637
0.8831563835995744
0.9030744261372546
0.9211793583843507
0.9133533646649346
0.901664312334376
0.8845880374304738
0.8755204263573162
0.8488060713408739
0.848822131161926
0.8592998519403588
0.8749559875091986
0.8621910641939631
0.8738897608704843
0.8672847052387629
0.894837230477971
0.8827843256936634
0.8933981110211492
0.8871390471013374
0.8805491366822213
0.8779493153218676
0.8687913947263941
0.8739538495017125
0.8842140554505784
0.9098835381761583
0.9059264797127871
0.9165850004263651
0.9256886627933352
0.911850376566365
0.8741485709400549
0.8946923515779039
0.8898482911595826
0.9065074459229371
0.8986475618469486
0.9017559280141759
0.8868967365312892
0.8882748615190612
0.9138304183274307
0.9158851309993001
0.8970342678001888
0.8741937139725081
0.8765843913150926
0.8861851100368823
0.8579675600296214
0.8747732030971163
0.8767359414133942
0.8951959215598243
0.9094475338676102
0.8909617420048278
0.8860741324969131
0.8935228949528737
0.8893492074216118
0.8806907192426982
0.8622540163432155
0.8664955673206883
0.884966102733867
0.8647429096754345
0.8507638775456816
0.8592126970993181
0.8502782861690035
0.868749995555345
0.8943652472587782
0.9103564095271689
0.8941656567755816
0.8792910284173713
0.8699397618956484
0.8598501761674314
0.845070980145451
0.8384437154353274
0.8527065912333196
0.8450735634287757
0.8375806731408594
0.8232555913532217
0.8147934219714321
0.8167822491158466
0.8447974126481046
0.8510832554400858
0.8488406485341673
0.8698538195921284
0.8949406735404913
0.9082048416025492
0.8893233780745505
0.8983424887846877
0.878871596644281
0.8785105834406725
0.8696027417190814
0.8742453778493228
0.8774793336904764
0.8712665758403929
0.9089057809159675
0.9079365957451013
0.8923293567344958
0.9009568432230528
0.9157353692893226
0.9314450143728186
0.946594686011931
0.9315839094236722
0.9054801966396734
0.8838904426081622
0.9029772753338605
0.8882295288096438
0.8874985810118712
0.8596249562402842
0.8792177232332478
0.862868643681582
0.8644676773964863
0.8499419000966584
0.8295435693751183
0.8093338584550742
0.8304749522935689
0.8223049072519809
0.8322627331756937
0.8382648924020508
0.8269539872169538
0.8073238167175143
0.7835586727309304
0.8004899547328811
0.8188466689974783
0.827880821737121
0.8301017745394697
0.8449721531585558
0.865306617073637
0.8633221225016616
0.8398713309828375
0.8541264217169448
0.8203219775558047
0.816024549073081
0.8209370221796508
0.8300542558227954
0.8277917197870597
0.8448229963217634
0.829124845548743
0.8105231223258158
0.8202947965903482
0.8113026926866196
0.7898143259931022
0.7948359459672896
0.8089382769570561
0.8003527600972198
0.7986652346368637
0.7888824493544507
0.8373581571324293
0.8506347245022498
0.8363393377694612
0.830078327850423
0.8147542076381732
0.8088118597950475
0.8128396167324745
0.8157044107730105
0.8152194289155293
0.8426601734109807
0.8330850316608563
0.8388896928032169
0.8388723335304817
0.8260410708279156
0.8140482228559971
0.8357582094561438
0.8352703852529056
0.8137863972487871
0.8096573361090214
0.8289649497459725
0.844046410097559
0.8328803394339677
0.8335940423944594
0.8459791146672471
0.9001578119287935
0.8862919289960531
0.8673863795230818
0.8882503070705132
0.8869182081147142
0.8769711049190925
0.8486118330350493
0.8393295836901371
0.8537046133423937
0.8764162652534784
0.8561749653972
0.8765898352842825
0.8751920137017496
0.854628294883669
0.8644681263887155
0.8420374044998495
0.8898955989462599
0.9092987529541118
0.9203411894874406
0.9185578088079049
0.8979644800050757
0.9085237381486506
0.896745548992615
0.8748212399639272
0.8837804959856698
0.8820149020775067
0.895067023149986
0.9207991179506032
0.8880311420531538
0.8962146387323238
0.8636047734872881
0.8645571930172372
0.8486669609398159
0.8288451356722224
0.8404095377174874
0.8614105244746576
0.8897851861031798
0.8899140116694587
0.873464513327572
0.858312815324721
0.8799479359889651
0.8557009353100185
0.8508169650417228
0.8770094156668735
0.909300140542942
0.9039528201933231
0.8748187127447531
0.8753036506111632
0.8268275927166475
0.8153866118905473
0.8368899195188724
0.8221419926589631
0.8165051987452941
0.8336616990676858
0.847952251946502
0.8594837704751237
0.8574118033550896
0.873551775138464
0.85413097779134
0.8302700288855633
0.8223376946261823
0.8396480129237837
0.8490364420000627
0.8621216588234131
0.8522318599026538
0.8534977323371556
0.8697580516158591
0.881339175091198
0.8741336413436582
0.887030141767902
0.8917627207219596
0.865236180156275
0.8706243215102614
0.8669745832745727
0.8960844176987153
0.9073323099568269
0.9002253632624059
0.8647170706233636
0.8646852458943075
0.8492310435829241
0.8374755799743754
0.82928440164403
0.8506112824399
0.8287407286480593
0.8276681938806286
0.8427616427525343
0.8283613637845784
0.7966867748850497
0.794853934835792
0.8025274635246356
0.817021105510765
0.804926926543421
0.8199667791551803
0.8480063232328603
0.8351521391080965
0.8149820833976322
0.8134330423757856
0.8091272299301212
0.8196571600137219
0.8186409138032513
0.8320588183137849
0.8338693545513343
0.8253639456744866
0.8221748621377781
0.8157835634541963
0.8227122034044329
0.8324109293522234
0.8232602820669801
0.8316199915578361
0.8524355363752553
0.8494891556439138
0.818066534504906
0.7860310363508647
0.7924267534546842
0.765331424869204
0.7634927915959233
0.7545412756647101
0.7575516192316111
0.7532496380855701
0.7441792433843412
0.7534598014048102
0.7438270650877825
0.7690963955696349
0.7499756406157805
0.7543050935858626
0.7724195822519122
0.7697886818309458
0.7827348502014058
0.7713724270205748
0.7723581714798708
0.7840304171010049
0.7765027210978069
0.7538351718836548
0.7380903144378776
0.7292544430708751
0.7402107211117699
0.757845870040765
0.7625148824717299
0.7727339726436068
0.7840866305410144
0.8051182483032242
0.7906324765370093
0.7733525224373519
0.7754343820005747
0.7742716821994108
0.7943722552419477
0.7809102174084381
0.7651570689099086
0.8132571003673614
0.7942419186098375
0.768304934893997
0.7905352866004597
0.770886473436604
0.767547232756991
0.7631640284146035
0.7860984090749319
0.7864792089070062
0.7936441072899828
0.7949783397022487
0.8063941552808648
0.8016193003299498
0.7889696865003923
0.7871305988837347
0.7990042784831521
0.7985294389938639
0.7857877220550104
0.7895063460666963
0.7930454550364757
0.8411357029782434
0.8342086705872127
0.8225700191777604
0.8283629753969493
0.803046787313072
0.7814530700685123
0.797344723483873
0.8177872061236441
0.823051832423524
0.8199254953595636
0.8407550932255825
0.8291093657743711
0.8162431115989092
0.8148537475416888
0.8061502500737212
0.8022895630835047
0.8344005933159979
0.828222549267861
0.8280363568812286
0.8136791404865843
0.8337007472813698
0.8583725897645836
0.842161843443999
0.8582500959344009
0.8682869696830405
0.8833038138073587
0.8790136853217209
0.8776762763962367
0.8594615943171994
0.8334733402673727
0.8322727333375077
0.8101012313656184
0.808275269301032
0.8182491376287635
0.796525009004002
0.7944642401657123
0.811639424372179
0.7916589499473926
0.8045758160650873
0.8174416839467287
0.7818724660959212
0.7997747017277094
0.795161971797599
0.7919310296161034
0.7800981274446793
0.790696051641824
0.7754773441911462
0.7579311739908482
0.761616331654327
0.7408068805766548
0.7284837655782979
0.7225130569919929
0.742768937719732
0.7492136292449496
0.737641104551678
0.7318829864961711
0.7057087942452811
0.6850234803605169
0.7034898605194433
0.7091032657092946
0.7345907264898804
0.7317354119161288
0.7163331142908356
0.716282318699986
0.7160187876282786
0.7100828892899527
0.7078077113342804
0.7139188247263706
0.699622927924733
0.6960956880451057
0.7097042510493893
0.7166825684056155
0.6614831874316969
0.6649818385795863
0.6500867888811807
0.6600008215086772
0.6471081860282946
0.6454552299314993
0.6400472770026966
0.6510845850216809
0.6475296859814713
0.6375485077272638
0.6518305689570314
0.6351043524069808
0.6438014984641208
0.6402108608013515
0.662740277926535
0.6657067162553907
0.6811595245101676
0.6715365955688035
0.6981353247788679
0.7042636586100396
0.6969866253698498
0.675096196010863
0.673000599865919
0.6759949664130123
0.6505047049846235
0.6646803817414808
0.651134396583801
0.6631166345810688
0.6769350093775801
0.674296174183086
0.664776014764143
0.6760064285345606
0.6814197977194709
0.6699756642945831
0.6922865962102337
0.695144522487313
0.7080890526706377
0.7071099244553178
0.7282557886223465
0.7366753802371769
0.7389079643795324
0.7460693357029016
0.7241220506321715
0.7350406933602494
0.7191319848899603
0.7265128777935608
0.7050372207457334
0.7102147709885352
0.7249780951842976
0.7283014232917342
0.716586887645815
0.7217214178953167
0.7455859330706465
0.7489103721079856
0.7530001783239308
0.7690880364504902
0.7717653894849502
0.7926799970460742
0.8043689904271293
0.7929693719479556
0.7645015108534556
0.7753276010607115
0.7793902204467651
0.7961497883838559
0.7609071705897416
0.769890230388111
0.7741219170337548
0.7511938204629633
0.7266912095705917
0.7354627802307558
0.7450933272157045
0.7489551537585111
0.7385531618870835
0.7445996360561622
0.7321999241332472
0.7110793374223492
0.7416977899855082
0.7276087083455729
0.7059857441379471
0.7033824596912013
0.681095385138637
0.6743364507385279
0.6883124925346067
0.6961994398857216
0.6980835547863395
0.6830772626899059
0.6635056603727914
0.6702696193478603
0.6881931545798383
0.6980240091996881
0.6916377507884152
0.7207869282415644
0.7520735336144331
0.7687045462343284
0.7665912833128277
0.7687561487213965
0.7880394734314264
0.8182131563571065
0.8116407532131866
0.8241993271500565
0.7959335583304528
0.7779726611532028
0.7885093696833706
0.8016911372604061
0.7857974690962205
0.798778089239465
0.788695170853707
0.7775101951139849
0.8069307430569619
0.8153908573618985
0.8188139978480726
0.8075743632901553
0.7967309511825901
0.8032095088988968
0.8046694628985839
0.8122601160453033
0.7765349000676671
0.7753666308702001
0.7859396967732681
0.8011027496036497
0.7801601182960545
0.7770982764913762
0.8028589620581896
0.7919958682751908
0.7744153323053112
0.7837508149645834
0.7832137481634751
0.7819687589879706
0.8015384302412245
0.8146683018305894
0.8229977395930345
0.8315176387385755
0.8391379439596394
0.8248369874642696
0.8316409562175567
0.8395685341213905
0.8557083396309604
0.8736471386688829
0.8551317103642088
0.8366186738141816
0.8207073910503373
0.8367348143151139
0.8607252789470595
0.8602737917003838
0.852506349932355
0.8308147657629177
0.8547535836214692
0.8690909544677219
0.881014556733141
0.8729484390024129
0.8796392639107617
0.8788553966226412
0.8657628902447339
0.8549719117919178
0.8656103879865606
0.8708341976592725
0.8487651535432316
0.8472137015533112
0.848914769914736
0.8440040353059687
0.8681185483192465
0.8844532379012896
0.8856924462660439
0.8743394055842074
0.8534766329028567
0.8488483282282535
0.8538572321221347
0.8316355255644095
0.8501293280850843
0.8500926415617045
0.8262959590728172
0.836098944140747
0.8202023859254799
0.8304571414832056
0.8273364623319495
0.8120939634240297
0.8065882653739931
0.8054804615301663
0.7905700194710861
0.7790458807442394
0.7870143750783024
0.7673974103364376
0.7794479873904692
0.7860382146354755
0.7815512575534918
0.7805293691378344
0.7909203298266083
0.7856534029970647
0.7919822220042539
0.7923187060928859
0.7958783414712036
0.8124441300490672
0.7623266027135545
0.7466779658698804
0.7510926979237023
0.7651046157176832
0.77194253537197
0.7658360325979712
0.7736279204034037
0.7985362787331093
0.803565285638447
0.7998781835551044
0.8097615339563748
0.8205672078784552
0.8411865752758337
0.8337162806801437
0.8448548977080023
0.8423066974550821
0.8404323031715657
0.8529755557648083
0.8593849910028303
0.8661244535055046
0.8713305088396326
0.8516494142525741
0.8571134784072769
0.8607791308117351
0.8331926628036365
0.8299372778605413
0.8451528958012894
0.8527858105597607
0.8677737277567636
0.881723783504819
0.8659853098650789
0.8868128349235016
0.9267904195067187
0.9263579826972695
0.9539619320646067
0.9539320774627777
0.987061459948448
1.0100382918935618
0.9921890945692537
0.9822225512921643
0.9760151912892132
0.9876410468601875
0.993857527003105
0.9714122536285127
0.936456583630115
0.9411550295317711
0.9526952658641442
0.9451626585537524
0.9438457198717942
0.9370974628004418
0.9156985818737169
0.9135722151341403
0.9511884925227926
0.9466917505721371
0.9556069325768198
0.9560593794689018
0.9222124736002563
0.9383528799167375
0.9385490810686632
0.927359364516799
0.9090571773245728
0.9033753049956766
0.9190945530475307
0.896683384764474
0.9057801093517316
0.8898119037853307
0.9017489335174752
0.909162291920613
0.9167153237808626
0.9308419990167892
0.9204730418036321
0.9382629575106924
0.933103257209779
0.9547472070987987
0.969421688737135
0.9634020218067368
0.9782865383662357
0.9991472214071953
0.9891442859668333
0.9848975439954519
1.00510229989669
1.0268288028929107
1.02501013487415
1.0333874992151204
0.9902264912264526
1.0039970581132753
1.0113997009858486
0.9968704690890922
1.0090837587070691
0.991475654674013
0.9762907383709393
0.9842323462785622
0.9720461954859678
0.9715745428322078
0.9483097171999971
0.9571037292498011
0.958866016773751
0.9479115047087321
0.9554715957800666
0.9692817493900565
0.9598686966687021
0.9334949532145191
0.9227836933206234
0.9262460740845233
0.938896680457515
0.9365773661117275
0.9297250403736714
0.9360486899127445
0.9321271349753245
0.9109945424949106
0.9034851365268425
0.8892172900717564
0.9247750847240651
0.9430012660949698
0.9394270675114293
0.9246868709620447
0.8966646323298324
0.9171798291292355
0.9325611640607963
0.9251802685321334
0.9295876382016813
0.9106814210294105
0.9335694693292477
0.9361671982605497
0.948214687075465
0.9316332830742792
0.957547823905319
0.9377535726880517
0.895468672240419
0.8739988510441599
0.8631954488035423
0.8445919988077208
0.8781148594231394
0.8652695361800117
0.849073698837486
0.8615115917437446
0.8362420223692075
0.8275289527453268
0.8271490524527046
0.8371738376455179
0.84010426543439
0.8447459805994304
0.8625695659040367
0.8768927861427352
0.8768868694729519
0.8633067979701344
0.8496528191218161
0.8575252220816788
0.8845950807127884
0.9069803789846184
0.8860009150531113
0.8721633268335696
0.8685765394736245
0.8657729077344276
0.8922226100092863
0.8804676697773355
0.8512591227640041
0.8593735198992953
0.8605241629162281
0.8494314493114831
0.8446773118617111
0.8667756877795207
0.8892871516879544
0.8708140516289931
0.8643215295423998
0.8843406559625153
0.9134360946934003
0.8835204080614951
0.8557080512762641
0.8572281371219765
0.8360199469690393
0.838018352737224
0.8468890594635522
0.8254864746984963
0.8525892980162916
0.8515768016762664
0.845368569939037
0.8420259995824892
0.8667282199920595
0.874968461457098
0.8935554052655754
0.8994230774872869
0.9041471109771605
0.8842805406611979
0.8941065455835445
0.8822423582809709
0.8956310246427738
0.9020312684374902
0.9079199556794049
0.8869657350681452
0.8681216856081969
0.8840566279724795
0.9082047499793207
0.9451979402600095
0.9699362256517646
0.946012464963894
0.9146257575921686
0.9107749798772897
0.9209076894108361
0.9309284711535754
0.9305839821191123
0.9498057464873506
0.9307558216792641
0.9040438791261731
0.8971503556328816
0.9057160601596417
0.9240513690385391
0.8986961406151508
0.895235778618481
0.9034938688086603
0.9189815815344787
0.9538527821804528
0.9710249273243509
0.9502977151047205
0.9412787129166139
0.9217550505385851
0.8980246389505402
0.9118206686292768
0.9223507044366022
0.9288758672450822
0.9197455746035659
0.8893649976413083
0.9252077957044545
0.9131483020275981
0.8880086643678358
0.888502533650295
0.8951061849242116
0.894759125408293
0.9147991541060558
0.933736446624443
0.9102579439523417
0.9035746820522822
0.8859328548775517
0.9058751807464024
0.8937663844693369
0.9134294191478058
0.8839532709796312
0.882398595307855
0.8953041525203248
0.901841230334276
0.8817826310183573
0.8758736829538217
0.9000645525388887
0.9091179379490116
0.8999259190698604
0.9020350949940839
0.8902229086509326
0.8841881101781375
0.8847720666276295
0.8710981384148663
0.8644203782656561
0.8810354873938882
0.9033591318714771
0.9042214800290669
0.9361445066761471
0.9364336005582551
0.9669028176914566
0.9947923284748892
0.986799585334122
0.9741019893066292
0.99118853245361
0.9878542318559913
1.0215500762050984
1.010679854462213
0.9936240721975438
1.0069050003456474
0.9865544347343835
0.9841991610353313
0.9838535529349877
0.969252652000398
0.956834125101852
0.9656746225624698
0.9569760628182364
0.9673433972157712
0.9657166031661154
0.9730213711701283
0.9679951151752887
0.9483045265081966
0.951824626297539
0.9562392881562819
0.9572807377144622
0.9654162887911786
0.9392141188032485
0.9305027203126782
0.9228466107363696
0.9460641239692409
0.930020154924882
0.9381904443315747
0.9806709752575156
0.9986485232028725
0.9878449155676898
0.9729224405157579
0.9926363192356148
0.9835781416069667
0.9923764054025962
1.007832297748907
1.0386180656797008
1.0267706578732139
1.0244402963198944
1.0138888519975133
1.0155859797980096
1.0189631778106656
1.0189108652106922
1.0370871275124909
1.0089989456213548
1.0165699096277736
1.020328964009558
1.0305272745435936
1.0197842049765806
0.9891131996908705
0.9730188960020439
0.961767793229387
0.9648550347978425
0.9503587863521142
0.9473531522077252
0.9742650436425003
0.9677642084139133
0.9878278247293962
1.0055444825416768
0.9896677511055838
0.9975735615232609
0.9738366234579067
0.9570642798638527
0.9614572137811672
0.9483409948495009
0.9505487527631611
0.9229153403181248
0.9342826112218504
0.9144638875956899
0.8920289407990746
0.9081287803287753
0.9056495004856702
0.9003677613164687
0.9177136848629568
0.9033162712030389
0.9032141607436163
0.9071213145005075
0.9311355828534615
0.951345964744929
0.9362773585190459
0.9213976409471648
0.9337619315183382
0.9160700425015916
0.917866789624272
0.9563643363122397
0.9433180667965813
0.9404737647344621
0.9405454833671728
0.9589131158713783
0.9699266538869831
0.9403776870844078
0.9475447005043277
0.9720315296495085
0.967605442912027
0.9662604341952667
0.9609382796700662
0.9833472819200179
0.9848671496105662
0.984256534463343
1.0014810739726838
0.9825551118262703
0.9505234237277638
0.9142156157497537
0.9123175044317811
0.9220169799358907
0.9643007830833665
0.9840443979281254
0.9651680284739238
0.9492450649107529
0.9225437578505913
0.9193768668746184
0.9254628076495317
0.928005107732694
0.9241851390455893
0.9470065970251501
0.9424375040100486
0.9285076828350898
0.9225460908408953
0.957678554287787
0.9469458223646962
0.9481656565207435
0.9645613331965568
0.9465258380001471
0.9631812506756539
0.9760287147392323
0.9803095109274592
1.0109906965039408
0.9981866465686554
0.9856651510162545
0.9868176229812134
0.9715508504405266
0.9458711205806931
0.9412483795869091
0.930219778298034
0.9536168133546651
0.9471254171974623
0.9510933450191331
0.9626066454448919
0.9691898839237967
0.983603393860411
0.9836337518402386
1.0120828275182683
1.0080620148458725
1.0417323806323873
1.011556291724991
1.0277543716677267
1.0146265833537653
0.9928608903775556
1.0183704236204572
1.0381820458671616
1.0116784846548545
1.0174877764048103
1.0273790955502893
1.0489541283276254
1.0270194684620029
1.022877800245906
0.9612003774142338
0.9327598054671058
0.9498088200312327
0.9679311732466285
0.9590298845388908
0.94534160520167
0.9500373488676682
0.9592352907503183
0.9641754451998447
0.9460282167035962
0.936842704990219
0.945676904512191
0.9626906353970945
0.9666390289646845
0.9655338520390477
0.9660141404019964
0.9012530675083512
0.8858323017683534
0.8568870349646756
0.8860176947466467
0.9038144249793951
0.9049036020705435
0.9298432761530904
0.9335967320499353
0.909202636237858
0.9279091053042428
0.9458183874532424
0.9691635287549119
0.9898198390147368
0.9670662332130696
0.9667704152525118
0.9516727888682747
0.9584092706161149
0.9819565972551494
0.9965613672408304
0.9772398418382492
0.9667502303013386
0.9536090151253227
0.9770894089579857
0.9576989104026461
0.9327191946274341
0.902852988853935
0.8905458555922058
0.8910373955449332
0.926158775422628
0.9340922911780777
0.9532956840075193
0.9596908522239392
0.9517415059066666
0.96319879849087
0.9642523920322685
0.9484579799768591
0.9744440464132248
0.9700725661161463
1.0009373989478298
1.0157793688918404
0.9927053276920801
0.9709774527686849
1.0031897449085443
0.9923267761727983
1.0063678386437993
1.0273335499523764
1.0018445966259233
0.9730769534089309
0.9218737918596307
0.9218499656986139
0.9347242443835322
0.9049625959816824
0.8970610898014557
0.900265223557159
0.8799011879017523
0.8887188084098065
0.92145598312052
0.9345291979172938
0.9540464252811401
0.9427936950324108
0.9494417907908669
0.9259329225692903
0.9179567275383973
0.9144709241173217
0.940693356853787
0.9289089789204383
0.9480655788566319
0.9573650783516341
0.9069623288273927
0.9214433867343782
0.9456256138333309
0.9414655627796412
0.9657310879198816
0.9652547408193317
0.9853049671479391
0.9922448645383245
0.9703237493989033
0.9432075441975452
0.9691293508272332
0.9447431633143364
0.9285331746698003
0.9266174276559682
0.9418356937837475
0.9516804107581041
0.9383566759688343
0.9317738009653252
0.9482060117331743
0.9221783792630027
0.9112651698267633
0.9218250832374627
0.9105977435174725
0.916902980619672
0.9138383755479993
0.9013904443543506
0.8871023208865665
0.892617027165513
0.9166084379683348
0.9359506285211823
0.9537648223516262
0.9748797488333687
0.9249442993105136
0.9475139570518176
0.9704505853102944
0.954210660301135
0.9663157515071134
0.9453816802375853
0.9280954378279749
0.9073121226272066
0.8920719676961533
0.9302419159534503
0.9510263263288564
0.9515307914149136
0.9754862315108066
0.9929378070546516
0.9913414206167078
1.0061232078095312
0.9778848012628123
0.9739640942893989
0.9449434449957248
0.9476689668500377
0.9532729657883049
0.9465411334014109
0.943177722315742
0.9150157216898785
0.9144878372735085
0.9169700657831397
0.908397368738509
0.9145259744995857
0.9045608899572176
0.9053611252027952
0.9271377318335873
0.9404022843480941
0.9302493263836802
0.9347560503042514
0.8935016011830428
0.900683595457489
0.9020342325004173
0.8865348183562473
0.8777076094314922
0.8769144809902246
0.8812910927231079
0.9020252549083968
0.9162791037188115
0.9083294673720018
0.9109538996737915
0.9066350954816011
0.926185927106965
0.9117035948207552
0.9331003818392024
0.9260170800117089
0.9371629526121535
0.9288934896676304
0.9234115046526394
0.9331230141996476
0.9364060365522023
0.9258705794474487
0.9314738726035717
0.9524030046826597
0.9681906252736444
0.96611776445486
0.9193085828007499
0.9234824286540292
0.8998336707871833
0.8925532740749765
0.8699284147942319
0.885344717901805
0.8952286500951172
0.8984909360079218
0.9294454365276428
0.9257606177745261
0.9492900753908324
0.9521854064314589
0.9302550810433274
0.9470138601444358
0.9343981660125009
0.9242122099861212
0.9408357443526792
0.9685801485710688
0.9847095681080603
0.9852720359084656
0.9938295630476951
0.994342245945261
0.9644377722095753
0.9765936127811383
0.9404739675949721
0.938395385669827
0.9367648414150256
0.9479152875120203
0.9474745657177822
0.9485534888273994
0.9443713915667107
0.9567503417542982
0.9769879382702151
0.9717775050535664
0.9616434991660036
0.9468321074299514
0.9604005026275387
0.9709951078254182
0.9349358439346533
0.9444600101525522
0.996107352838751
0.9830687940813932
0.9573355836124393
0.9475889671556116
0.9729823093597061
0.9556699429207699
0.9446510289999653
0.960571585215805
0.9221866897414309
0.9235301362154801
0.9218471993372381
0.9240835295694423
0.8845548430679052
0.8908544452349478
0.8987533196370817
0.9123229647300531
0.9508477840722485
0.928697358025839
0.9214936976292313
0.8870331376532625
0.9054091958401779
0.8859212986010903
0.8723132395368339
0.8583095227650492
0.8756272639154291
0.8636766505630934
0.8459656196294182
0.8590372387373908
0.8552486753447486
0.8520872604355343
0.8615342924525273
0.8700797462521925
0.8682198923879774
0.8511349445934894
0.8713202330062898
0.8532844631109633
0.8405110078523468
0.8432923613510679
0.8405046311363191
0.8533732823148428
0.8496033595304231
0.8591487087329504
0.8463762527835932
0.8367264921167938
0.8488410577578334
0.8324635798657328
0.8273486526359033
0.8434862139910133
0.8011548554960912
0.797237323391295
0.7856507135442486
0.7829871721038577
0.7966708441954543
0.8100908783651295
0.8097032673504133
0.8272491722442434
0.8314354640476445
0.8289849441152788
0.8571003155350994
0.8499495002812216
0.8243792485912618
0.8344179271486716
0.80608816808298
0.8394142313886952
0.874186569196418
0.8628847171823948
0.8474679455449272
0.862446494757049
0.8688752169683157
0.8748869065959922
0.8537422112554655
0.8541357309313833
0.8273981344881689
0.8313183063524656
0.8205744653831706
0.81197565303549
0.8272077740462198
0.8371833012406344
0.8398784875782142
0.8266644623104952
0.819054400958074
0.8344703398604283
0.8422744906292123
0.8463399496915369
0.8221054756622407
0.8248237648364763
0.839309905776677
0.8222912010195088
0.8072166316418554
0.7922081416137898
0.7913958223874815
0.7966672166189921
0.7987193329731718
0.78406407273223
0.7732486165047636
0.803204993641564
0.79371106796284
0.803295318806943
0.7816200873513954
0.751344564644663
0.764449253460047
0.7366343086463198
0.7213062902334654
0.7336243503626592
0.7177444867057521
0.7201917284548647
0.7136261720891977
0.7134511249079858
0.7189054202874245
0.7191195442820305
0.7097838789583493
0.7078854030299119
0.6913868435947312
0.7017961436529989
0.7060772376283442
0.7087154351067528
0.7239134412089765
0.7372223499734423
0.7207412956220961
0.7323779962438686
0.7364962472450176
0.7222677065398804
0.72275790818547
0.7410129098400088
0.7709142983478224
0.766115122231043
0.7556760765954038
0.7616361968258948
0.7699635351242217
0.7958028668414471
0.8173620142385178
0.7998435224652244
0.786450062270527
0.7897278613196818
0.810408043492915
0.7841404737600213
0.763758119518998
0.7643076265697337
0.7950053415767884
0.7881141790869095
0.7976314565696089
0.8217894116581579
0.8160547284507832
0.8076953626253667
0.839349643651879
0.8200852352207357
0.8116861662200259
0.8179343653216994
0.8066726942914504
0.821759604975183
0.8077335754529718
0.8163046098059156
0.8087615768384808
0.8288154460949811
0.8318400286580989
0.8377983284813689
0.8468142117017577
0.8585818022110905
0.8425006019832205
0.8387456308633444
0.8319898698980364
0.8164589440201573
0.8129532493381775
0.8153184426967177
0.802335749715178
0.8073729534849144
0.8384445977631805
0.8310625871724158
0.8457653747434886
0.8458865115701885
0.8536255121272388
0.8379320052826282
0.8218003347443529
0.8223555548027224
0.8148559955155869
0.8100483145293365
0.7718308526156916
0.7683220279285776
0.7737088278663088
0.7632998628632017
0.7805329837291374
0.805658874530508
0.7957143040428659
0.8115448571070245
0.8174294896803974
0.8242173623396294
0.8020233378144388
0.8180049165101473
0.8155795168045911
0.8107366794703489
0.8018796036740297
0.8144468660336842
0.8341710421331664
0.8327640511140912
0.8547267796240465
0.8763089356862763
0.8631976250045134
0.8826166060535772
0.9025980756618182
0.8852038247436981
0.8864308709378304
0.8798764485496335
0.9052751841200739
0.8914705639898165
0.9014330095078877
0.9285884198524753
0.9185472414398628
0.8855802786710526
0.870921320533773
0.8901685685286506
0.9040494848644605
0.8830820533325203
0.8668942863189426
0.8749081077196865
0.8650117096360064
0.855021333868919
0.8786574337057532
0.8902249155032813
0.9078099731502599
0.9141746120766294
0.8893882956535406
0.8729988576587397
0.8689278731265435
0.8701472056495166
0.8490426372961634
0.8693517548781223
0.8647868429811459
0.8663305074702965
0.8878124845506605
0.8940420109971255
0.8777332149838859
0.9009419226023573
0.9263976517438505
0.9105136162433274
0.9090365058439348
0.8955251422762683
0.912539142642104
0.8986788205354039
0.8856267814932561
0.8946622200808751
0.8776758397922408
0.8836222204830906
0.9104591064948895
0.9029825843064578
0.9016745252312739
0.9118746553721413
0.9129897335688736
0.9197777387325271
0.9141285832484833
0.9383813685022233
0.920497285986238
0.9300159143990671
0.968391774368823
0.9762180237422495
0.9705122508199725
0.9697706845275209
0.993859278327899
0.9861315896805437
0.9962258127325946
0.9798021747722492
0.9725530881081358
0.9866020865264817
0.9891879832752353
1.00408682675751
0.992267265402058
0.9910896482328518
0.9761424775800837
0.9874995178037362
0.9722269004208267
0.9921710801463745
1.0144649140786846
0.9993068991572805
1.002295213715087
0.9921751228279035
0.9960373038007131
1.0015440749320175
1.0381409389682532
1.0534938386421586
1.0430923801164285
1.0161085354196393
0.9859893147228362
0.9716934224461121
0.9653405883765112
0.9816647236587625
0.9853489326463537
0.9922115334049456
0.9941709814546974
0.9828059924219571
0.9847577978026072
0.9950910067198085
0.9788832283944583
0.9870214478880127
0.9753205904741584
0.9625259692111796
0.9650762974867921
0.9587670389562989
0.9677962711855519
0.9931930379512446
1.0068005377582645
0.9885987739334443
0.9611204669015821
0.9579198273017432
0.9381395884724002
0.9319401355683915
0.9368321228436808
0.9184487505159498
0.9431753821049684
0.9133819681649513
0.9187446203581541
0.9236994494545246
0.9403686968654402
0.9394276396597451
0.9081573588579877
0.9274709750072182
0.9416704561780929
0.9285980783688847
0.9294536325975354
0.9438166618992984
0.9710298926882848
0.9711970670029578
1.0064590860441196
0.9989305146426333
0.9759819768689485
0.9898830453192968
0.9803486371602795
0.9921327576798855
0.9885898838298818
1.0097675177270917
1.006003116275816
0.9960270340219167
0.9756464019632917
0.9981731206269543
1.023409157511127
1.0045247483213988
0.9945294191004592
1.0116806315882931
1.0347743692006837
1.022568372011527
1.0369993775327926
1.0397849937873997
1.0043825616429845
0.9723514741579566
0.9833229851908104
1.0017219311226162
0.9956251225459337
0.9863235827902247
1.0079578659456332
1.0485218651367765
1.0643035268989016
1.0631083739058316
1.0361756892027865
1.0605876964423127
1.0979222080578608
1.0663446965766292
1.0457640930394605
1.0575480593025277
1.044685476060019
1.0548119110735021
1.0310656353382976
1.026514156866267
0.9789882418463964
0.96255498733786
0.9762167718561193
0.9622863134344454
0.9620152780724187
0.9476775408050755
0.9436464826025226
0.917799948561769
0.9506163698669218
0.9840057981109881
0.9924539770868624
0.981871010510919
0.9434187621550009
0.9603385787949429
0.958810570671649
0.9661926432537894
0.9252506569676453
0.9337253769966929
0.9434752101132275
0.9322992709390667
0.9471845250733512
0.9369729790559483
0.921688841402089
0.9251782346734342
0.9226990760279389
0.9397058134368648
0.9463561948420468
0.9388098502654445
0.9625915053092797
0.9526737498532784
0.9664017366831011
0.9948299427476032
1.0176261893216478
1.0329117776215724
1.0486206893098078
1.0419268943060658
1.027468271965481
1.0255005076401558
1.0331507495064773
1.0139159700026514
1.00933707767087
1.0007955062549616
0.9847127321086132
1.0012666878415006
1.0148562029765937
0.99172002400998
1.0198577567248739
1.0082805583756227
0.989400799654598
0.9975276807663858
0.9750951308933329
0.9583343160046246
0.9805793206553123
0.9937741944747561
1.0065585756006135
0.989504870150469
0.9637061992861115
0.952976416980133
0.9618193492961934
0.961030310996732
0.9756878026064167
1.0032568409159859
1.0021119908683125
0.9895194880441451
1.0052448231255569
1.0145426106570459
0.9942033427761542
1.0112310116418726
1.0229910533340472
1.0329062016222839
1.0332087797821918
1.0300002257180334
1.0058298385961983
0.9869936456564744
1.0188121778910824
1.0434585123921754
1.0607584020387173
1.0367660079755785
1.0203898945734584
1.0328675209727132
1.0016067302511045
1.0013074013989554
0.9815858506006011
0.9762966110885751
0.9541551605976835
0.9497064241094824
0.9286058118193679
0.9519430729483657
0.9763926511375108
0.9847938950771535
0.9486865822865105
0.9678330029435844
1.0086305063290308
0.9890163006795027
0.9800451006898618
0.9985796634011724
0.9750831691973706
0.9559166209520978
0.9462969646019103
0.9522341994793313
0.9656275789449674
0.956497988379631
0.9788278408052548
0.9673598846635008
0.9605081091495961
0.9441035093376309
0.9512733632548978
0.961302680372061
0.9465297808518037
0.9202367890784993
0.9164074721283572
0.9167079660286818
0.9473430031863799
0.9312643260839941
0.9252597285361817
0.9160336758041182
0.9367531665222072
0.9473910487281542
0.9552121535183695
0.9700712165302283
0.968725691112584
0.9687713326034811
0.9881591611969429
0.9682975608749113
0.9587897998060124
0.9485074381234114
0.9600019787599785
0.9585284547150369
0.9601330448799855
0.9425916589221188
0.9382381176252208
0.9166058001045344
0.9020920178356008
0.9129495538506691
0.9276047752042134
0.9466940909127367
0.8972409020647539
0.8869548688914862
0.9023054686606594
0.9248882306234311
0.9157751920109489
0.8988352496324744
0.9013843241536155
0.9140763856722455
0.9088817464102109
0.8953329034504971
0.8817704576896962
0.8720660953293904
0.8862733601748422
0.9006350225493375
0.9129103916618593
0.9293250770329822
0.9026732977601474
0.885657809627809
0.8878908170540797
0.8807997611283436
0.894627151391003
0.912099730072972
0.8991900085559095
0.8864929983876606
0.8989047894029134
0.8901838671315325
0.914918638576738
0.9003423100955299
0.9016002726746735
0.8808132705898115
0.8812487294051659
0.8691052145199263
0.8908279896732404
0.9047715082784424
0.9216689993997443
0.9356406853632061
0.9143953055093039
0.9293300348613845
0.9087828498977317
0.9268711875762456
0.9660086910391398
0.9636330207943737
0.9485817192370162
0.9592013322728656
0.9736106811060066
0.9934341340321761
0.9783631209066236
0.9954504588736248
0.9762433329841494
0.9695231206845004
0.9460861439042166
0.9669021217544027
0.9764231902060622
0.9710025593731465
0.9936488665906642
1.0064145577210224
0.9911201375801922
0.9990154890354912
1.0131170295281917
1.0316077314460141
1.000673777233933
1.0142597574975576
1.012334279708653
1.0074987858507745
1.045068546652277
1.0604075130384247
1.0927369818103574
1.0806265030912365
1.0943237646635977
1.076433496293776
1.064768750834034
1.0726915845709968
1.0403678613066307
1.0580645871771854
1.0660465893555948
1.0660173224638847
1.0320199396336172
1.03977189903927
1.048470134870486
1.045077102407599
1.0451435421264927
1.0643572913867243
1.0329055309744632
1.018152030061437
1.0026137253418057
1.0290832258375848
1.001804489358709
1.0216046481883119
1.087701677541661
1.0829351752650294
1.0820875757713764
1.0762555952584667
1.0786848674540481
1.071956105006725
1.0844988382157141
1.0790844876350896
1.1437063588266096
1.1641399319906134
1.141655225085879
1.1277925002889346
1.1287712032482111
1.1381981645406518
1.1080865655443888
1.1025906584738794
1.0880278217290615
1.0998533447123169
1.071417785922988
1.0503996884349873
1.0547550790227513
1.041571128788605
1.0589716478974602
1.0737057521798308
1.0748898966244345
1.0683118163200676
1.0536810306268132
1.0705913553506046
1.0772357869537295
1.0878339331162037
1.1043088470210838
1.131191440284185
1.107898642422768
1.1020427135465516
1.1248602300035466
1.1223975122587242
1.1492786897632792
1.1376164635356774
1.1309909801909734
1.1301132168143928
1.156242196539648
1.1394466886153767
1.1160253430683444
1.1344941081854778
1.1571667505591143
1.1518260251428387
1.1738573603421327
1.152073633452463
1.0924816259095957
1.089411933807646
1.09679239208356
1.1121759355403933
1.120640113229818
1.1288290913367829
1.10203536686483
1.1161658516747321
1.1195751056319796
1.1225170599518075
1.1435165632980575
1.1251720795976718
1.0896024047337007
1.0683968145038205
1.0755407470004044
1.0999326796808584
1.0796340413508723
1.062981503514414
1.041460722932632
1.073654989484432
1.0879987488828093
1.088302234840581
1.1094893373329666
1.1207202183243374
1.108966278492974
1.1250477468521827
1.117225301625257
1.1096501747398453
1.1083067628792573
1.12754501303216
1.1459675057419407
1.1156175205643253
1.0807679800308687
1.0674109632343565
1.0628165017388236
1.069239841834561
1.066001169408207
1.0676716956756207
1.0727556093152897
1.0540252700833268
1.0173738248459516
1.0205046774716624
1.0020441497938632
1.0038345109177522
1.026507096723425
1.0455725601864485
1.010103929350724
1.0187110415001484
1.0080653290224724
1.0178003719972037
0.9749439076234059
0.9795327096059303
0.960026342767862
0.9841755214766315
1.003219580217313
0.9953919125838526
0.9941520614706164
1.0019807190193495
0.9920330909753367
0.9939317748347166
0.9857221149196947
0.9826776714736126
0.9639060666643688
0.9912699857656099
1.0362727225913446
1.0445237944162948
1.018417131567888
1.0271616707641829
1.035228423967689
1.0435355612499955
1.076299099116435
1.0499559227561257
1.0300461475283136
1.0211972666648939
1.0383602997875454
1.0204565337808054
1.0379201434943863
1.0485164197761336
1.0544968304121984
1.0643518353556414
1.0812400363328625
1.0686674267337695
1.0816046055194355
1.0596412999696436
1.0469326270415233
1.062777204481196
1.069830120907779
1.0487385110222818
1.0407701678098478
1.0312877131196463
1.05117770207404
1.0772688805764967
1.0766581966694886
1.0857149082075823
1.111118914060403
1.1113031228488996
1.100693883330976
1.1163335328513855
1.0983800386474243
1.0987051642241183
1.142534940639467
1.1153706724020387
1.1068748598989868
1.1321230328486178
1.1330451020570336
1.1471157976350534
1.1336762755742005
1.1275405795496531
1.1599250363799962
1.160576698026306
1.180561304139276
1.170484926557239
1.1210869025512704
1.120171627161543
1.1029472486493086
1.112214342186691
1.1235263736862724
1.1385159748434575
1.157955399794298
1.1602772476289092
1.1337899347814397
1.1563412286212662
1.1771556050040373
1.1873031161313363
1.2117726874606298
1.2215343607311222
1.1799377510728881
1.1894737081059066
1.1877011782047926
1.2073096392960463
1.1749473023039252
1.1874909152265758
1.1709718603364978
1.1784439483889817
1.2115003359623895
1.1921260149660025
1.222006376519002
1.2147618326105911
1.1986417851796967
1.2050197579741293
1.2088903807798608
1.218479572108658
1.2454898247055186
1.2344723757299285
1.2176188699288781
1.2056424934494532
1.2196315528780006
1.2290952764605327
1.2105290267095261
1.1950887781176438
1.1793125074956126
1.1617549787650823
1.1631120384759475
1.145310724649507
1.1371457308619894
1.118904705217881
1.125927415226614
1.144459256672535
1.1529861595678228
1.172301301333099
1.129706783531839
1.1300889593259489
1.140919933305925
1.1526823790134642
1.149787146087874
1.1643947140688513
1.1720673730179665
1.131555687008733
1.0992843468465108
1.0983490588991236
1.0942224771354019
1.09511467181437
1.0825185535645
1.096657869855214
1.1064670744867757
1.1294916109503927
1.1063735646615072
1.1206504354024132
1.1113540578288155
1.0798164367698075
1.074080331911718
1.051382698713438
1.0606464196904324
1.0460628993048298
1.0580404791948017
1.044595526730707
1.044912954181274
1.0951720815438621
1.1113452348025066
1.1246501158441005
1.1012735592179006
1.1061559105237144
1.0916153389309087
1.0949364148965204
1.0884984849111363
1.0839427032619677
1.1055032702890166
1.0909195035475545
1.112317107204705
1.1252334896451723
1.0670792114732641
1.0734269815074489
1.0774577613069394
1.0694654022173766
1.064665365811437
1.0700458216555029
1.072401518204135
1.064820043898742
1.0464289292556357
1.0384875735047834
1.065246361903935
1.0620948642748347
1.0857453579280374
1.0901824296444205
1.0633198594251403
1.075885135267211
1.059675859380293
1.0647567411481058
1.0860124214048292
1.083178917621428
1.0812298434864334
1.0905714706435825
1.0995693616139461
1.1065510250455286
1.12730276083662
1.1358774162754324
1.1207076099380524
1.0913570136041064
1.069021036289332
1.0947310182456365
1.1068551429174798
1.1228257447591101
1.1136644867548608
1.1113644644306224
1.0874588240476903
1.078108150016822
1.0689485853611107
1.032132934007451
1.0452370361597016
1.058508328993753
1.0557266485845471
1.0496593485514796
1.0682395564560931
1.069799777341701
1.0851296472494687
1.0787768156369884
1.101619783395192
1.119532610416707
1.1138433790819757
1.1369171895245376
1.104454235438997
1.1130691155171522
1.106235059843783
1.108881413344557
1.0980334156316947
1.1161485605198378
1.1546090430749676
1.1551759448760197
1.1532970515917078
1.143635837198447
1.1841859805794694
1.1831156774733125
1.1978243494200873
1.1920329264966936
1.1557689067302117
1.1646624629351436
1.150384079989922
1.117616056022786
1.1227788121092384
1.105411205792739
1.1132613446067707
1.1198382377024463
1.1390127842871633
1.1482324307048353
1.13110287019287
1.1043887614137031
1.0728133323289606
1.066646510799212
1.087779112513522
1.0731600221245525
1.0393815172290681
1.0442501952346357
1.0542844999165695
1.0513032161940223
1.0528501302420252
1.0508236745857664
1.075690863546992
1.0549747878794407
1.032516021080226
1.0526176258561748
1.0537222430005717
1.0490383329758899
1.0775455064466497
1.0918487612722165
1.0736696935321246
1.047822821792022
1.0263212408528901
1.0137292222505032
1.0371513839795337
1.0244743139558325
1.040964640695441
1.0578146336360164
1.0437700583076668
1.0355280951035746
1.0358603724077322
1.0249954697785213
1.031292611638243
1.014547406313526
1.0206694066362791
1.0075857090379345
1.0236575882689338
1.0422463173529755
1.0163661979786485
1.0030001688929795
1.0300684655823238
1.0444311515640716
1.0203595278370763
1.0258191493473399
1.0325256660771158
1.0421234344589339
1.0429403972856257
1.0500206236418275
1.0710429553677911
1.0852135645944436
1.0526961130429338
1.0391368556456586
1.0542350245021936
1.0473375358083572
1.0695392205808898
1.076839557825922
1.0507763288388927
1.0392096168914635
1.034425475347263
1.0458710361099148
1.0415133994822185
1.0574280983036761
1.0393372954895812
1.032473109350405
1.0610099332778211
1.0495989233131489
1.050253747251631
1.081642270925974
1.0879983816027992
1.0893924253250356
1.0771300595614277
1.0651600037524123
1.085108085382394
1.0991896508026933
1.0976539687309717
1.1186835671116242
1.0914168973025322
1.0978700649660582
1.0580952150073815
1.0313290449458967
1.0511617930923365
1.0562883279722
1.0681794216630431
1.0647766706739947
1.0613934651864687
1.0454599755172096
1.0552241190486376
1.069775866399254
1.0824391736231527
1.0766957989603003
1.089294465060004
1.0612406310977307
1.0501571583882154
1.0462410343760766
1.0330218798864006
1.0554304160040147
1.071598843335451
1.0418210971385753
1.0238637758478746
1.0182241908716176
1.0145416610112439
1.0210029107761405
0.987091698718444
0.9835830003293443
0.9834112345785757
0.9716457090765596
1.0012888634811707
0.9837218007976769
0.9879292013078248
0.9706030234632009
0.9651639185756195
0.942678441481486
0.9306225053768232
0.9330038410267752
0.9258176691050944
0.9380298913279583
0.9164022629725651
0.9146245223251563
0.9769772740244599
0.974703173502249
0.9548091156448781
0.9456355470900265
0.9460508841149241
0.95015627930689
0.9583773515040397
0.9548634469844207
0.9707646185445129
0.9513080235797294
0.9442018615333375
0.9623289398325964
0.9462956320694247
0.9258357370631884
0.9174791684806474
0.9261030737194382
0.9202022132677088
0.9350586492754849
0.9272524797396816
0.9442779483686189
0.9051875631149011
0.91559773295678
0.9170873661000988
0.8946101748597497
0.8853286971242748
0.8718782364275988
0.9098283048014368
0.9005237470406199
0.9185784549953782
0.9395029314519993
0.9481400612666908
0.931588464388927
0.9091060778756128
0.9253674105534342
0.9286203997429913
0.9262958723922169
0.9155474524376745
0.9060275964025534
0.9176322941869888
0.9197341764045363
0.9597232025819457
0.9679597422388773
0.9394251098626754
0.9247340710340095
0.9399058337879009
0.9141007365495012
0.9311519018591621
0.9426503903381134
0.9146991288169484
0.8869265316683635
0.9141342396457457
0.9116991836079625
0.9353580446047042
0.9148670158597015
0.940611479174084
0.9420893082718692
0.9553446186587774
0.9765789566400741
1.0006463734243867
0.9890053142999782
0.9490391325119519
0.9373411524089614
0.9524504472569127
0.9602066854325261
0.9377670934004058
0.9514436439214362
0.9610878483424266
0.9444002489152455
0.9178191128162521
0.8939588723816725
0.8984974393683792
0.9117835432147335
0.9425355538242832
0.967875527079155
0.9365421894863029
0.9474447220587164
0.9335599318209764
0.936331528430878
0.9294207326182836
0.9357476977333293
0.901324921019594
0.9155430038012411
0.9121616659973495
0.9077552033607117
0.9263248019198721
0.9462381704593139
0.9324549271719592
0.921512611029207
0.9752894749978075
0.9642585823927452
0.9462544712114719
0.9532545572641951
0.9562953558330077
0.9245206045464016
0.9023593971411618
0.8763317193874782
0.888287532415106
0.9142330532600703
0.9090244527497542
0.9013227894718404
0.9144203717751472
0.8990164953713058
0.8851225990985854
0.8724976606689299
0.865995645292284
0.8573660303579854
0.8495310717751688
0.8517455949072651
0.8702290863774785
0.8851953863491604
0.8649296978053078
0.897916685095022
0.9234207636226712
0.9031776992388886
0.9133521831296872
0.9055985337676233
0.8886772171922768
0.8997614628059668
0.9289602730268134
0.9392365496174238
0.9424034016819277
0.9444054552437836
0.923112606473326
0.923460959633869
0.9143511591106602
0.9272569078806443
0.9044378456869964
0.9011368128161058
0.9232299799201542
0.9479621587569159
0.9662382501531737
0.9545263256719428
0.9666047765259713
0.969671227251863
0.9827556387538404
0.9920398288397689
0.953316916167791
0.9530162835937795
0.9236843727477777
0.9209709374742928
0.890908877427375
0.8866476920212241
0.8776199186333389
0.862567189750181
0.8531213157098836
0.86816580840812
0.8760253927637757
0.8895174814653262
0.848741539492
0.8438803505136147
0.8528322165225346
0.8472707682822274
0.8229585994974149
0.832000944571887
0.844268928433613
0.8691331294798176
0.869429235430799
0.8428547766456203
0.8293335230304318
0.8446120692590924
0.8471081510426928
0.8400819740004717
0.8609648477577977
0.878557097769743
0.8883946754551355
0.9123297616574093
0.8873680465527172
0.8972215544057419
0.887818677565505
0.899511091683425
0.9067675671667517
0.8965861189280228
0.9030967111354284
0.8861115793603621
0.8861972472350096
0.8806325115386566
0.876346084291757
0.8929358504013476
0.8943752923837645
0.8910389236663495
0.8926190946107365
0.8974887954357214
0.9009800376573097
0.9189245320631236
0.9217343945482114
0.9371012357513624
0.93299342375058
0.9194169015343593
0.9456032027427423
0.9744092259422218
0.9881893371138937
0.9972383729698725
0.9630175040326265
0.9589741857843217
0.9656848785314636
0.9424484517326117
0.9186205880223189
0.9258748801460795
0.8990074127524077
0.9091598150935591
0.9183195502856832
0.9297569224602346
0.9446800491347108
0.9360393711562479
0.932796445413727
0.960194767695752
0.9791060133606341
0.9629037445255832
0.9299462530226651
0.9148449377562816
0.928811016235416
0.9250831213347258
0.9488723620965148
0.9730182570506812
0.9521662812390922
0.9648166081860886
1.0020454758013078
1.0247582174698835
1.0045930913793337
1.0261183838744032
1.001708098774879
1.0093832048070424
1.0209534231703756
1.0208394053572751
1.0204139878068899
0.9914879937356945
0.9942607340168692
1.0157945766031993
0.9791938699067945
0.9772702454554925
0.9431474692746071
0.9376691242688712
0.9279671924925781
0.9111840905039124
0.9133951846140106
0.9288876179323798
0.9089922733491297
0.8948028235378639
0.8854248602874923
0.9085826859599682
0.918711851026041
0.941606826005071
0.9137480767546486
0.918989685540691
0.9281379837870659
0.9422728285232306
0.9121536063880273
0.9028534464980769
0.8961236246243945
0.8890342574629038
0.8731386347656769
0.8720523019566757
0.8698923104953594
0.8637705691330251
0.8806191777006609
0.8821233901784385
0.9170607921952038
0.9256617157295988
0.930402595175816
0.9178960634793216
0.9118701871647756
0.9207244798872473
0.931895333237421
0.9257089886722272
0.9341976307601138
0.94181166170592
0.9423270456492985
0.913853099578189
0.9079527460206664
0.9145441408632077
0.9065643511340471
0.914645477439186
0.9505724701450164
0.9538435716446022
0.9374349600509941
0.9348402400820235
0.9171808208985759
0.9320077475759585
0.9210322660678816
0.9454200855006486
0.9587340388069974
0.9807145192914132
0.9856843391818166
0.9708221819631895
0.9499941664046504
0.9524352379869602
0.9694799982391233
0.9825974298728569
0.9600857667084527
0.979199923552334
0.9550118999180198
0.9746925160186266
0.9942883680796113
0.994261821882664
0.9813393196378001
0.995992497554573
1.0087558455169046
1.0160095496026624
1.010617268747093
1.0143065715121375
1.0013053950162576
1.0045039379444378
1.033922211204135
1.0377010202632029
1.0680456632107667
1.0597168435978201
1.0817801751227223
1.096550355291013
1.0708930502165006
1.0625639205141104
1.0623100816759448
1.0827384565987035
1.0652225560647566
1.0657696795506606
1.082601528172004
1.0768676822599423
1.096048802220758
1.1263990324107236
1.1184638948627867
1.1054253507762684
1.1316131395616298
1.1251816436974362
1.1043447152488237
1.0955608683187383
1.1124110427689564
1.118220645946099
1.1351563421609396
1.1544985561730057
1.1647548478008292
1.1760807500344514
1.1629353829648859
1.146009562100227
1.1444445595746937
1.1454329137164736
1.1529644329600213
1.1575624164608138
1.150408659422455
1.1293184961678724
1.138542030962946
1.1096828939636405
1.0803288609407018
1.0977298942428326
1.1161044475070176
1.0984571665304221
1.1118922803950468
1.1181563150510008
1.141718565062078
1.1547125277184935
1.1226190548436439
1.1022314730614897
1.1287734253168318
1.124423281535647
1.1184700067623752
1.1393388163461882
1.1189597992104217
1.123194097027064
1.1149723361464803
1.1000066494682479
1.0808812654713655
1.115300134602683
1.162577922320292
1.161817390428384
1.1784219161749765
1.197916892406483
1.1722961626483044
1.1647693471119733
1.1923314921871215
1.1901683138421542
1.194310344477546
1.2091303213660582
1.2277399143015202
1.2433927695699654
1.2739311405416107
1.2652923709548127
1.249748990839324
1.2534451682489263
1.1951952881261139
1.2026755450145543
1.1858886328809977
1.1849063341556751
1.1971203151577012
1.2043400827836626
1.2246145878338892
1.239664561802475
1.2351123897878908
1.255445473420757
1.2450254959997582
1.2565201386887441
1.2165024556011341
1.195639455443517
1.2189669963203003
1.2134889126922703
1.2092865350898454
1.1798275727356822
1.1491669606660158
1.1508220151678201
1.1384413115824419
1.1608206002973436
1.1729473590730954
1.187901210842845
1.1852204090828418
1.2045935664160297
1.2063292824649254
1.215662871926443
1.1998876462217574
1.187863190194769
1.1986264167370182
1.2140612273440854
1.1787091215398557
1.1815914258076008
1.1898451613720065
1.215632981152225
1.2243185689653802
1.208702003425045
1.2329500349325595
1.2568359443580686
1.256129698243385
1.2476864957660987
1.2833157019222692
1.2745124170029631
1.246370899776767
1.2168062413482765
1.2008330790857367
1.196908260189674
1.1842206634786885
1.1771197442361516
1.1898338987136594
1.1837267121289603
1.1771452168530128
1.1503494164372672
1.1345008400877754
1.1581871108442403
1.1952213184953973
1.1842846227533055
1.190266974455006
1.2050607785809466
1.1809284100822548
1.186718584933429
1.1826130744985048
1.1946822865926208
1.1603062513652138
1.158360773393184
1.1166654638237044
1.0953092974873115
1.1288676289897888
1.142922492622899
1.1168909890214314
1.122944318868038
1.1108724883902477
1.090928800809623
1.0686863646286207
1.0761272209809982
1.0692773486619331
1.0502985982618542
1.062192796792908
1.0795330153754579
1.0894999064521376
1.1046438042849844
1.1171302771583278
1.1307937310221972
1.1329563944186982
1.158323229000349
1.1549928514157748
1.1384517562473437
1.1295165802544849
1.1413053909464903
1.1740537450120923
1.1610987868378406
1.1609171379513825
1.186177610816415
1.208497868739401
1.2031773225757856
1.1346957758963436
1.1362190526731932
1.1303290213255626
1.150278748085323
1.1384390383823266
1.1111529586438986
1.0926840237675666
1.0844282476568252
1.1020964981533876
1.1271199650544617
1.124630757519753
1.119587657002711
1.1363834802375443
1.1295731191158764
1.1405798631787158
1.1375564001429255
1.0883195137572812
1.0856925249139524
1.0924417220354898
1.099741826432072
1.1068919964887523
1.1234309322098945
1.1088095539314973
1.0859593840070287
1.0922390876108967
1.0831648102632216
1.0646420463990158
1.092968831439813
1.064467092267994
1.0775367862982668
1.0863588240262063
1.1089941713101696
1.123700037082965
1.1418763876244804
1.1508885178808301
1.1702417959415379
1.1786756018599747
1.1711734037267547
1.1556636279375918
1.128992812866596
1.130537695811784
1.1255577289970695
1.1083173424002444
1.1042689601446156
1.077465229896368
1.076540086048737
1.0920355971973255
1.0760696286442915
1.069740458557698
1.0788747186501235
1.0446099037883645
1.0527644573943675
1.0576587085756985
1.0778960562605608
1.0987322834913784
1.0649267292587776
1.0268062330640428
1.03029762732157
1.0617273643428278
1.0632570795688467
1.053950675009351
1.073056559927401
1.088578047979093
1.074784357911811
1.0409761752200257
1.0257004151796376
1.0260392184555898
1.0215993620093167
1.0131336969965123
1.0193244646500685
1.038327178375653
1.0277410098758546
1.0306799827020976
1.0474759503247077
1.044496943882769
1.0403373593250813
1.0188166262284215
1.029899977261401
1.015657330681827
1.00123463740423
1.0076881867249328
1.0023666412842824
1.0276371431406408
1.0214742366639322
1.0067148679885352
1.0067803729143414
0.9828935168109689
0.9987170241420116
1.0118679663330463
1.003835450840234
1.022665805007711
1.025400939170187
1.0513432430281449
1.0511036889853704
1.0636364708701742
1.0413440651773362
1.0553468525303464
1.0461884169077098
1.059997125188042
1.0451139189980723
1.035135175408067
1.0097167325425302
1.0192388219961384
1.0335186815381698
1.0318969435253675
1.0450983732116577
1.0629282489480054
1.0850267501161688
1.0439163802975169
1.0393512285912598
1.061110751178932
1.0350938277348376
1.01440073263386
1.0300958087079959
1.0468366531024196
1.0365784779752387
1.0611240514333067
1.0411505780733703
1.051151049422194
1.0620516818137715
1.0709349945604887
1.057418698095898
1.0536018456162908
1.045736420823728
1.086218492545446
1.0902607416125816
1.0786970042442525
1.078015408789714
1.1069927992763526
1.1098485722929368
1.1307544598872004
1.149369192931382
1.1061391582129798
1.081045590049961
1.1083066503483388
1.0884139887633375
1.0738795865568935
1.0846433734550565
1.0700466412722185
1.0566413822970286
1.0552315200594253
1.0736467923850381
1.1002396369105283
1.079219050898685
1.0302736230493252
1.0053444229074207
1.0187027511569284
1.0166915507121594
1.03102795595564
1.0199234303911797
1.0409894223717264
1.0128154284014672
1.0142281413912413
0.9984175515267494
1.0137359988394037
1.0421221714091027
1.0294339978700753
1.037496598850157
1.0397043736401432
1.0567184212517955
1.0336416934402959
1.0215112075374355
0.9970555755518719
0.9953140239361391
0.9839379278029906
1.000898399908649
1.0074840017133164
1.0264162715702252
0.9909883249423675
0.9974875009312072
1.014436849192201
1.0198695610707287
1.0202451679479045
1.0363325581206366
1.0551615356507216
1.0382141061843755
1.0041470640733385
0.9960870024980677
1.0027566219075092
0.9832770871589888
0.9650066160352525
0.9733556106160252
0.9610801841164885
0.955638339689249
0.9671462037628689
0.9524270867231855
0.935422319484983
0.9636434349017043
0.9804531882089822
0.9800612585554603
0.9671162276232752
0.9641672532323134
0.9858065935370587
1.0029107509626258
1.0204848086054348
1.0183006881223802
1.0370404918664184
1.0447740466003237
1.037716005410966
1.0415372598676118
1.0275830043597898
1.0138650158049924
1.0160461005423769
1.0039481136995143
0.9941677168338054
1.0070860677085944
0.993797046735715
0.9802921124119789
0.9762809917378417
0.9955464235739223
1.0074833136312542
1.0023396599403764
1.015363500759742
1.0041253261483047
1.0148489280553608
1.0410212538149626
1.0259036288975292
1.0336431676470965
1.024380412772922
1.0070055801708313
1.0499363804832205
1.047094668333915
1.0531215242834275
1.0484090419918208
1.0684935691082291
1.0907175346597677
1.0680877446270483
1.0532462612790832
1.0302624554604465
1.0352192303639822
1.0578553997198936
1.0558100132230475
1.1017271109450835
1.1050005624972656
1.1142905362909596
1.0960513093424882
1.078283989641099
1.08630337472895
1.1018325944180887
1.0889250295840598
1.1035966991766242
1.1016177348044582
1.1198950950366207
1.1237517105101482
1.1027496002244184
1.1117382160964744
1.0943768921402242
1.104630596434821
1.1578548495878203
1.144414389640867
1.143083458963944
1.1218337852775822
1.1189613289196527
1.1319036309594275
1.1228077128674951
1.1014819075426698
1.1030958757482219
1.1039665918933632
1.0893481154765625
1.0669055621941486
1.0530227283168072
1.0413562573832371
1.0482568516509099
1.0731878630670952
1.0707710172716376
1.0712521586522479
1.068938607749588
1.047098282289762
1.0353615895137336
1.03995700769248
1.0404940352269683
1.0580079394144395
1.0805683643324102
1.0791573017647007
1.0965883018448506
1.1214371630229825
1.1394888229127307
1.1261393128563066
1.1218986623706324
1.1273974328421765
1.088386386040501
1.0793112820268804
1.1071996246498628
1.1267460403210203
1.1452530135696084
1.1211552609076985
1.0827886279560597
1.098058637961028
1.0869691344381118
1.0951772252683263
1.0675396925521345
1.0778008488834079
1.111309073644306
1.1136811268223872
1.1367224710192487
1.1509127428730077
1.1526417602242147
1.1689426928462803
1.1718547139968523
1.1711402926414067
1.1642381904989547
1.152678685190179
1.1356338913849293
1.1570979861400637
1.185260516414666
1.1642907362528474
1.1577453395353268
1.1907256911086028
1.2298142929427032
1.2188807835533864
1.2211469631462908
1.2098374104368514
1.2173508613466337
1.2133997016183609
1.2054254199377255
1.2121571206102804
1.2499499098161544
1.246258652881814
1.2281132810102424
1.239804951964514
1.2147781388202665
1.217222538665208
1.181438439207341
1.1840801701747488
1.1837098532160075
1.1667165467585492
1.1812083649782368
1.2078494089291893
1.1947824727234737
1.170500623727076
1.1566737739609494
1.1313116357977695
1.1267682047064742
1.1320003257866333
1.1080307726108691
1.102966974880348
1.072822051674309
1.0465141829197582
1.059180347242305
1.0604768693441111
1.0672800068748518
1.0533581822507383
1.0843344742321614
1.0858726725205383
1.114166768905629
1.1194576002661543
1.130990517244955
1.123643674125127
1.1263903882714736
1.1214455311871003
1.1158041946110953
1.1125281242359004
1.1272820364058795
1.1022034201618955
1.0765221397651592
1.075124144004517
1.0804798071208261
1.0984057798907116
1.1259054008404317
1.1297934561199188
1.1382399564676646
1.1326234186869717
1.136580579566667
1.1424186402666168
1.1674243506626856
1.1786924526153204
1.163266649982323
1.155911127438546
1.1910605673106178
1.1759649999956014
1.189603879183644
1.2107995421488933
1.1706198536891625
1.1860315540162465
1.1669803941643593
1.1697299711857767
1.1539234065812227
1.155497428450725
1.1329353963531903
1.1108927573139225
1.1506156429702632
1.1420135385444456
1.1134295478245086
1.1157978811089335
1.0962982815858908
1.0699298306549974
1.0786317808111343
1.0913631517645284
1.1022138788611329
1.1166618516904636
1.0882443625316984
1.0979533814187996
1.0925171537827314
1.0860891605245029
1.10382862998873
1.1284543314376911
1.150249768388863
1.1235582182594832
1.1144784516108732
1.105853123658192
1.091648331661446
1.0959966749692018
1.0806551691526267
1.0861663988890136
1.0468543542674362
1.0625968073277352
1.0693441546025686
1.0498375917796052
1.0520314553540724
1.0635787385861153
1.0482066833367047
1.028881787998355
1.0015992838886136
1.0140661439641925
1.0288763339272253
1.0360650760903458
1.0585148264306967
1.060981649607164
1.0796231980316982
1.0691354221013138
1.0777942374968217
1.0886405317318928
1.07745760048098
1.0659607729734661
1.064662868388139
1.0795122697833361
1.048342397380344
1.0589924092008356
1.0865348427077046
1.0932699776317252
1.0870703588381323
1.0945871496697812
1.1152875370719357
1.0965194627348016
1.0757933066738217
1.087138226316164
1.0651988583106768
1.041259249078259
1.0653707500369392
1.0698463128310005
1.0914912018472367
1.1058363666127704
1.0788815865505301
1.1052443473819062
1.1476628884461086
1.136276994424397
1.129665045632136
1.0942054194515287
1.1094754247988394
1.099789074816222
1.0875745334006715
1.0680755250396559
1.0758758560413826
1.0789248322648628
1.0929693672103769
1.07363099644775
1.0685508522728737
1.057001198280771
1.047486465350948
1.0370844710199802
1.059590981755579
1.1070324768207103
1.128672625532553
1.1216814672176572
1.1443849242320154
1.1390479504318245
1.1394640940174559
1.1422663095754992
1.1696323383228326
1.1564630405786516
1.1612654696881888
1.175243536679409
1.1670846289362604
1.1590402320850992
1.1666050956012466
1.1813737236806099
1.1504261040683024
1.1640053693819632
1.175162005278507
1.163532067312758
1.2068021664641173
1.2056992596853602
1.2188967861544606
1.2223299702916952
1.2175816481862072
1.2363513465757545
1.2494909298523755
1.2365836088424045
1.1806701379488542
1.1543521559699799
1.1857979917254349
1.1810446668169137
1.1784498515482098
1.1917529688463473
1.2064787201463556
1.1974580383591122
1.2026137733640674
1.1851051321389658
1.187442018349914
1.1933899921945819
1.2036218784049464
1.2389674565462219
1.223499203739539
1.2071556989235421
1.1746374337656327
1.1909742427677392
1.2078261350099577
1.1952330555999122
1.196631828864423
1.2012771052973565
1.238083433999496
1.2395148178422701
1.2602430557647584
1.2338777332875313
1.2703105733094775
1.2502507466908048
1.212006608513055
1.1939699559493846
1.2223690418211965
1.2144534907133264
1.2453302909086081
1.2310587332125982
1.2391385766287217
1.2433425569607126
1.2830141747198032
1.267451080667393
1.3010149818809105
1.276147811522428
1.2483423863495633
1.2540383799599182
1.220545304317166
1.216441694343036
1.208126263220993
1.1985724554759922
1.2021562811020907
1.1923306631192596
1.2194535909481974
1.2101527507475445
1.2025334383128379
1.2102159457701576
1.2165225149726517
1.206620460716198
1.2058071696859125
1.207896002716775
1.2341542837233546
1.2617700163932253
1.268381876522175
1.2681331476667193
1.2932569089293218
1.2811612982883749
1.2363557466755357
1.255647533882563
1.2277295072007874
1.2233816112312572
1.2288021110289886
1.2484333656899125
1.2519632015354982
1.2338044789856693
1.2033116336591212
1.199643758974713
1.156161259731024
1.1747865911505557
1.1805254044958398
1.175584831706522
1.1654807831062794
1.1825913468549416
1.1910829125035218
1.1769834752368857
1.1713892592181865
1.1492620283375001
1.1367423733397695
1.1246728510275068
1.1289169737203777
1.1177858700573977
1.1230220048869766
1.120896989854114
1.188378518651403
1.198396911940822
1.1885857737638625
1.2090484327150375
1.2080474252923374
1.2059932817914563
1.1826189527743707
1.1801509106984047
1.173627568645609
1.1900748649813218
1.1923281513141555
1.2093744780709885
1.1913521484502754
1.2046495233752244
1.1973196808293283
1.1818759431615298
1.2029205750453154
1.2023710757045358
1.2155605704558399
1.2323361748267083
1.2401367363225968
1.2421858032607684
1.2312484800084205
1.2423927945381281
1.2629147318643386
1.2827377059419622
1.2586059547077495
1.266778232648715
1.254972472469124
1.270731452784725
1.252105957377949
1.2312698190275002
1.2161921782241778
1.2398818989003986
1.2358926222234554
1.24640861489156
1.2115089328703599
1.1865498613310939
1.2090762898434946
1.1918604769202032
1.1904047538612967
1.1982038078607389
1.2065841283218695
1.211716729995649
1.1733661563781548
1.1773949500330354
1.1949242459630631
1.1978224313913064
1.21578067619175
1.2450975060658376
1.2279160923882486
1.2094337086395857
1.2447560468252101
1.2450079368356506
1.2507268857261513
1.2751596138336305
1.269479522186455
1.2640040562358856
1.2610150955614519
1.2675471141454377
1.2934237291182729
1.2883501196371836
1.295438028201099
1.2830373443319143
1.2705016536884806
1.2884284928660767
1.3112767612818095
1.2847232431655518
1.2889549790449055
1.3191191969278662
1.3441324586941854
1.3181081526853524
1.3048979517786676
1.2890327622047044
1.2866065856770847
1.276030472312704
1.3178884474458445
1.3076977884571517
1.2817252884161323
1.2965140931607726
1.2755700730218458
1.2488349040136373
1.2759657896387298
1.2549433313788216
1.221607382998169
1.2308268397982398
1.235262062493905
1.254838620134838
1.2471794958352649
1.219329158798239
1.2007022818647934
1.2029102832072243
1.212009905212919
1.1832358776840208
1.168583814947959
1.1803216940198387
1.1860406823353924
1.1990444845228996
1.1728604546623704
1.1598072028695483
1.1706885856440525
1.1588282948678188
1.1545407834864954
1.1581815363265133
1.1612343943061258
1.175716940397133
1.1582343175033003
1.157364265433617
1.1923755657847457
1.169433963818911
1.1782822188314597
1.18377962165072
1.2532100396819579
1.247457184498118
1.245372684701588
1.2346284152430669
1.2398583038849014
1.2197210229014417
1.2076260839145883
1.188253163242091
1.1946175977456688
1.212968763905459
1.2230921831268131
1.216394838751793
1.2551910147173388
1.2364314352166148
1.2257672625519593
1.2329479751896322
1.2063426832852675
1.2119661588668136
1.190833527751245
1.1872568049503427
1.1835241754504806
1.1999357988398334
1.2175704010759736
1.2083483665890677
1.2132517945572965
1.1999428499130964
1.2239975788770563
1.247833537662128
1.246986032024476
1.2588879246613016
1.269109038653851
1.255109206627466
1.2871813910874597
1.2789780430044217
1.294435922987909
1.30589186284958
1.2790416729972796
1.2980216951073165
1.2592984134268876
1.241736620156691
1.2437362761933435
1.2544909516262437
1.2196749540417682
1.226215363273067
1.2375074742221994
1.2347310974820254
1.246951553875645
1.2618835132300943
1.2340365615549416
1.244062678782193
1.2442558748955612
1.2383518936702569
1.2719660705222409
1.2918159986943154
1.2658352808643984
1.2716321122745569
1.2408045642648828
1.2534278872172246
1.2320357821624173
1.2206663227992152
1.2240589891575353
1.2404870223098639
1.270849284146727
1.2658324629688338
1.3035494762364102
1.2978726141198194
1.2961026520283883
1.2768267821753485
1.2683291632227651
1.249727274114396
1.2951940488026383
1.304240827270201
1.3358911998412388
1.349225937969152
1.323828304216823
1.323646372370839
1.337019477312447
1.3560413646571092
1.3481089900706937
1.31994041604845
1.2936426252797817
1.3202523768749872
1.34109499798863
1.366311015722282
1.3715595209050675
1.4054671628924125
1.400185589684036
1.3837362638603303
1.412644272217297
1.4240616047328019
1.386842343844838
1.3960215765822213
1.38703722113143
1.3641646230496887
1.380644066873072
1.3692601643497457
1.3559340036515586
1.314540730522353
1.3180925814506805
1.3143038607682012
1.366261013974579
1.3499024774021255
1.3407940151954973
1.3220681897771485
1.2809862369920086
1.2806108019083091
1.287576470875575
1.2945437349846585
1.2805071264058583
1.2654221127960021
1.2789934352654617
1.2429997348622754
1.2060040417108486
1.2225994481410916
1.235705386141062
1.2085282095652325
1.1807020144879454
1.1954133154746833
1.2054616986617006
1.1920128545297972
1.2264832394620244
1.2488705629649592
1.218756299280436
1.221284210487897
1.209165103998095
1.1954970632335489
1.2130895428088073
1.2231109430467648
1.1889855241148612
1.191454827298751
1.1710802982150308
1.1830526708916271
1.183678842081056
1.19385456111025
1.1821803226942702
1.187503625728493
1.1464412062328408
1.142919555926741
1.1210501912888307
1.115789476927285
1.1322332545824316
1.1364077331607894
1.1550564220906385
1.1633833263780229
1.1688830961509704
1.1727420025844317
1.1461918439658088
1.1633778808874073
1.1851703657334771
1.1727534329652949
1.166345526709135
1.1655228726551392
1.2156305000961904
1.1997936489639276
1.1947228703240125
1.2053651650202741
1.2359766962833658
1.2077603748389665
1.1936623281159515
1.1692930846848313
1.1401029150174777
1.1399679735226023
1.1133462649313002
1.1202375966768168
1.1514200787007125
1.1341154794854682
1.1161103126114589
1.1160114863357116
1.0657090171507015
1.0843530483524366
1.1141109092227073
1.116229042698025
1.1189490876706614
1.13206375088311
1.1080212319483593
1.0983672533067002
1.1114048724868049
1.1035444948987174
1.0972015767203858
1.1085193783069924
1.1260059911425386
1.1083163601242347
1.103484729883753
1.1237095347612116
1.1215015976746847
1.1475554008754765
1.148525635453646
1.136135530737174
1.1010941490303077
1.10837161666429
1.1197497421397238
1.105240969911944
1.0804632403400167
1.0490097836174432
1.0691461673057903
1.061316618424363
1.0432865233707418
1.0374170958994238
1.061961458093111
1.0542312334277795
1.0873173503547726
1.0747894910398565
1.0753580221473433
1.0743189389689025
1.0869081223720287
1.1018408901368317
1.1040677236553769
1.080502779627212
1.0394534871811096
1.035686520898032
1.0176731407545772
0.9931790866932975
0.9806188857990027
1.002846951087608
1.021474056873756
1.0227753609412467
1.029409163032478
1.0376582470747433
1.0273237524207632
1.02946766482084
1.022185155041895
1.0417658823525902
1.0606011012411034
1.0831176199013954
1.127409972273221
1.1248285629765247
1.1113962192498787
1.101244768515072
1.0940622824757713
1.0957376621954897
1.0738214611788826
1.0875589089376438
1.0709296618665383
1.061356338842479
1.0911558771242824
1.0736870078871594
1.0405951363351964
1.02636536644882
1.053464285227697
1.0411953781605454
1.0281090400354653
1.0351754160676656
1.0556405796919544
1.0449114410934988
1.0443036895536115
1.0521054256171347
1.0242651215923417
1.0361240217089667
1.0654823723637217
1.0624990649547918
1.066677461212256
1.0619636805366086
1.0975224959412455
1.127048122066007
1.1431041536303077
1.1302880041347938
1.1453946669039354
1.1660156897352412
1.1515249496680986
1.134724607062307
1.1285345480927815
1.132866676639568
1.129070957873854
1.123043025769309
1.1074867157763135
1.1079828621795302
1.130294175983293
1.135166015205823
1.1220152898051559
1.1199941602526946
1.1048178302039016
1.0933094620930166
1.1066947789039887
1.1170713291409633
1.1137561289257272
1.1255542249313732
1.125747733645901
1.1521440416752258
1.1710452503491866
1.158352229241183
1.1634663120627184
1.1792676311974273
1.1821244600677288
1.193878438926319
1.1637246709773748
1.1392586152936535
1.1527342558181635
1.1300721242364622
1.0994729908544618
1.0822057407734382
1.1173459763520233
1.0970908943161564
1.0925226001414006
1.109091836049414
1.11426883583967
1.1401772464801256
1.1199199169157694
1.1230422371462847
1.1428357239316471
1.1603350879796752
1.157340569033672
1.171513713406731
1.1713862979076453
1.1843810975972464
1.1566306495970107
1.1306523930990413
1.1166247646342646
1.1349582773706977
1.1608669518395358
1.1871148345365135
1.1729015197665655
1.1512771388836587
1.1606717674303224
1.1797353388325227
1.194999072325185
1.2187394451512383
1.2424381644938638
1.2270599890473477
1.2103057641928492
1.1827050944449768
1.1795082570335267
1.1812349469154817
1.1788886002621295
1.1460800465411467
1.1404847550349995
1.165836545806681
1.1282998151447774
1.134608411453821
1.1374087050813644
1.1535379222372437
1.1593605381667071
1.199290724001878
1.2260588864601785
1.2203816587790728
1.203226282560104
1.191791654892527
1.183408204805656
1.2037496199531446
1.1943981005068824
1.2106316163447277
1.2373192505521071
1.2361930199305688
1.223860361565077
1.2095842837455388
1.2368786705014947
1.2335250504317523
1.265083566390583
1.2890542524034305
1.223295582723964
1.2251952959346706
1.236506883837269
1.251063478422552
1.2115552061809738
1.2000556969242444
1.1928970146619624
1.1768344569563034
1.182570494085622
1.1512858074076036
1.1331068344527107
1.1096356594949914
1.1211432834171091
1.1305252170529132
1.1468577397878164
1.1577175503042203
1.1620808382099523
1.1737863140811176
1.1442373261386554
1.1346750132597045
1.1166365838029455
1.0889249003626227
1.0658200927136892
1.0614300561283239
1.0988733069373675
1.090445357189003
1.0790805902778629
1.0724466706498206
1.1143443387633527
1.1353202211724702
1.1025849616984844
1.0972643644115168
1.0809956779852796
1.0874873909667901
1.0951545236853293
1.0734912583199498
1.0244872557192477
1.0343373834033915
1.0385387486105324
1.0374096919969387
1.0257661547463262
1.0455988323672354
1.0608459773122159
1.053680983098859
1.058853340003691
1.0690014433384882
1.0943249530586594
1.1119473247968565
1.090797670437961
1.10040199461951
1.0719912664907927
1.0923699986181359
1.0902831614358575
1.0821279547663654
1.0917413183773375
1.1051711559174153
1.1293534248319623
1.1171363025950445
1.0983079170459442
1.1005154324494153
1.1115851723072614
1.1253137562357454
1.0996060611342553
1.1038319048918361
1.1426571532935657
1.1120635624000186
1.0844605824480051
1.1029756139811224
1.037544270709594
1.0115117410794512
1.0138952679107158
1.0079798892442755
0.9941360045202008
1.0105869923182313
1.0255038606926645
1.0482674902864182
1.0487079101418106
1.0262405695997292
1.015431595338868
1.0086826333523438
1.0181552278770938
1.0183534411974446
1.043478343920467
1.0331442607812231
0.9703798770383198
0.973571454752321
0.9871788373429461
0.9888634873060473
0.9914314311847413
0.9808194008657067
1.0006348389310158
0.9933773096369777
0.9769119801362788
0.9638849763754849
0.9775259645553714
0.976079048130916
0.999562369205047
1.016176219606603
1.0031196560098945
0.9948808994312898
1.0034985068672573
1.0249399554519956
1.0386900356977036
1.011495387953888
1.0085811751486675
1.0031433108222478
1.0258535068419612
1.0126290883511464
1.0038030105235993
1.0105423255179538
0.9768534026307428
0.9839205591300323
0.9784085237660665
0.9671128215445398
0.9894291729311587
1.002939556342995
1.0307031762471188
1.0357100984809802
1.0380515023543693
1.016325606047183
1.003359237519836
1.010575603743302
1.0360570569013783
1.0236754015447045
1.046715638030705
1.057870095734962
1.037757889230599
1.0288593036531202
1.0525949816372897
1.0348568198799248
1.0546074196705986
1.070491465449889
1.034429077096132
1.039412669183959
1.040276038271205
1.0379691426760997
1.0078256557767715
0.9819702819234579
0.9970611592149577
1.0154918716181478
1.0000643460320882
1.0178929717280845
1.0361889573434946
1.021572952418421
1.0114433255243074
1.0103940746237645
1.0038741437888903
0.9958748082907897
1.0293431477130364
1.0161996853542044
1.0174751830469095
1.0338997963339682
1.0505956338808893
1.0578316284203244
1.0279601742230078
1.0331916267334147
1.0121242922289047
1.0068579448788864
1.0210380752149468
1.032277597747026
1.0090188511660483
0.9830084673335892
1.017018764342934
1.0152848030673132
1.0334201806745305
1.062661420215191
1.044769730041328
1.0389733062343232
1.0683265656551235
1.0460137027506062
1.0300873534921584
1.0581157420991005
1.0805577570516993
1.084027302915967
1.0572246367148048
1.0774660000204084
1.1008763069783847
1.0812886810103821
1.0989168968951613
1.0810320663379764
1.0489003688827114
1.0552827620582614
1.0237847809222467
1.033721004925808
1.063395502111232
1.045729084019105
1.041914402478029
1.0311350128220398
1.034985095458553
1.0181548871558415
1.0071102533978806
0.9985038742777447
1.007800943506119
1.0152134224964096
1.0051601921017879
1.0050067297309873
0.9930346707918232
0.9898800379191636
1.0001783687208008
0.9876822541581629
1.0144220844177092
1.0093616192222028
1.0306099268288431
1.041845838916435
1.0700454068719252
1.0522495493693251
1.0342610032370991
1.045100129444264
1.0414514583118584
1.0575696265726016
1.0499031628363797
1.0442710424646593
1.0604564837631212
1.0526909940111588
1.0882047394372687
1.080480979064082
1.1044886753226155
1.090335947515512
1.077197553076718
1.0594231395251819
1.022267593818367
1.030223263109252
1.0321121622311529
1.044613678090157
1.0437060686961992
1.0491437517404436
1.044714572851723
1.0229636923704517
0.991576165306022
1.0013861563527136
1.0075098256284236
0.9838308040638072
1.0132983712608845
1.0022945516285617
0.9865746247537031
0.9839320222650247
0.979499633088915
0.9537166268784034
0.9397020705113202
0.9188201136182379
0.9425393868625863
0.9217086958853455
0.9239909922184188
0.9149771983360159
0.9559818610590209
0.9619116259315681
0.9780693397094846
0.970696851381915
0.9403753259377425
0.9407961045643457
0.9502354782660755
0.9675233652326761
0.9542121574220069
0.9662563695378956
0.965768991890691
0.9729982411716805
0.9726098878351013
0.9692871001733028
0.9762011096830301
0.9939572646348976
1.044563127999581
1.085787833238459
1.0856647259325787
1.0755108514384142
1.08152315601224
1.0847284165272382
1.0755491045959487
1.0517399549924824
1.090752880844249
1.109973391792191
1.110523784940766
1.0948507956251057
1.0922140668009472
1.096030598261356
1.0697466510124443
1.0821623161169471
1.049750335930415
1.0398619104719873
1.0042290493399129
1.013115133778209
1.0498554101690987
1.0464956053916854
1.037986873398624
1.037744720804031
1.0745345095739507
1.0752260313018096
1.0423364638224466
1.0642680122369357
1.0563088617126364
1.0583329319920871
1.0778613556985908
1.0601933130200918
1.0730320400608822
1.1062511640456867
1.0767554560349346
1.0750852148848256
1.0546164233405433
1.047475079423558
1.0457234253060046
1.0494050182888128
1.0308659890334557
1.0343929652384434
1.004920980271015
0.9978505091200871
1.0218819404884005
1.0123289745489585
1.0151606426737572
1.0327456574239953
1.000593726560639
1.003782178196551
0.9882562535755757
0.974509593470751
0.9639589344256696
0.9721419192482403
0.941482542304088
0.9528413046101355
0.955928239702113
0.9722619025123356
0.9644948187537901
0.9473730206917857
0.9551446081121083
0.9742044857830103
0.9733467574133433
0.9657901200607508
