0.0005644608150502919
0.0005778087195265094
0.0005974370603231672
0.0006294224155099589
0.0006208389179343819
0.0006207192876759459
0.0005978463660329148
0.0006040559797151001
0.0006460113024209101
0.0006883576658870782
0.0006983786975316758
0.000724297481631092
0.0007229027390048982
0.0007170896044511613
0.0007183342817045198
0.0006988122835431506
0.0006977324986651025
0.0006721506386048947
0.000660044688347821
0.0006179997777488741
0.0005969467920462787
0.0005783553579247005
0.0006107251037466848
0.0006430181951067852
0.0006270853350486902
0.0005868613876087418
0.0005681165899553337
0.0005409709561174308
0.0005193618768610504
0.0004791417612759395
0.0004976068909203875
0.0004973061283015842
0.0004951541601617473
0.00046721088766284895
0.00045612783853975436
0.000470875363182125
0.0004780069133972582
0.0004698502072263679
0.0005086240013142137
0.0004933119814793627
0.0004934215311994456
0.0004917502250141607
0.0005083422763820146
0.0004968480605787372
0.0004606193819265511
0.0004192951719647518
0.00037551735972424097
0.00038300500951721043
0.0003748371395171712
0.00040762661879820415
0.0003810384985179901
0.00039765831141040235
0.00038961309039782423
0.0003675463611906157
0.0004126463074472461
0.00041636142913870045
0.0004033943481444675
0.00038907250656653017
0.0004040127401469181
0.0004264517409197448
0.0004344608494548933
0.0004270776894905986
0.0004413353975669071
0.0004279225012082412
0.00042915238696221626
0.00044232794029565054
0.00044971736355239276
0.0004213178427746914
0.00040836554700220183
0.00038482405804987586
0.00035897271781030804
0.000308700372624308
0.0002690982520853714
0.00026636550183298734
0.0002499169749170729
0.00025888302625330824
0.00026363467341826554
0.00022969399529124474
0.00021141564470407255
0.00022049404204893764
0.00023553768088027267
0.00023924671190255707
0.00020620985971415892
0.00019570504553056652
0.0001960303039370766
0.000225486832252587
0.00022536565398488566
0.00021588248494033136
0.00025646492295665335
0.0003072008948293497
0.0003063924936232528
0.00028640340402581765
0.0002536030308509732
0.0002752953377978055
0.00027215627242532016
0.0002603371410493682
0.00027219110689994275
0.00030458144132500947
0.0003468173759634894
0.0003131690687967037
0.00031057680393625493
0.0003407932097931085
0.0003241265040834806
0.00031942886973083387
0.0002958723509602898
0.0002670728795340076
0.0002675178564508464
0.0002600925310634769
0.000258782701253072
0.0002276269566622659
0.0002231604445868419
0.0002453730334735858
0.00025517480880866094
0.0002784809021390909
0.0002798653185936728
0.00031758621140074117
0.00030416071532744223
0.0003126349737913682
0.0003392624938765119
0.000302515921687616
0.00026398040494853627
0.0002801370167639746
0.00025745430551881804
0.00023024695634217364
0.0002255874886369402
0.00022315412230839191
0.00027038091410324955
0.00029127790429013913
0.000309356079384882
0.0003087395750304122
0.0003221141307596896
0.0002900516952275202
0.0002825816853011659
0.00030675363620860744
0.00031866461536835065
0.0003131119385252866
0.00034099744406822425
0.0003988368778083144
0.0004145758325983621
0.0004453972308281058
0.000430425598461889
0.00041661106538859574
0.0003934937893689349
0.0004336780721187763
0.00046956464489486424
0.0004478705294174532
0.00043523390569959956
0.0003769510960405654
0.00036654694844513237
0.00035409630224744157
0.00034524180782544264
0.0003373439123419564
0.00033534407201642625
0.00033547447226633085
0.000328004562128035
0.000312681083621219
0.00030119794268969286
0.0003316410971082081
0.0003408423463344143
0.000338933149087195
0.00037291644967263327
0.00037345099682672
0.00038100697371953526
0.0003998224396862237
0.00044085800857715795
0.0004506227880149947
0.00043278968490057456
0.00043318367826122894
0.00039408247555667924
0.00038368659962064204
0.0003846053571656859
0.00039706743009686353
0.0004257967605275017
0.00042319603384847364
0.0004344948062640811
0.0004437434143912991
0.00044249597705795895
0.0004484505726941052
0.00044929765445582285
0.000443845778412614
0.0004116761915915211
0.0004335461945533921
0.00043371880876918296
0.0004241049376857381
0.0004522946555469217
0.0004793693408042347
0.0004818839985203179
0.00044925037197925436
0.0004455056725972467
0.0004126530696123102
0.0004008979291825912
0.00041065580108352607
0.0003978966279729107
0.00040936569586978787
0.0004020727575195634
0.00036198520056783556
0.0003965513984579238
0.0004026743987480698
0.0004224089859679403
0.0004122749291736801
0.0003943800352101596
0.0004166073950987491
0.00045169556991234453
0.00045945124137748234
0.00043808407042941755
0.00044042492357265273
0.00042604209712749226
0.0004242179597589582
0.00043933663616345516
0.0004370537280178992
0.00047720817428216977
0.00045481869951740023
0.0004306181810706871
0.0004319639456183919
0.0004491504038685092
0.0004458812411972591
0.00044869245807442013
0.0003879090385395733
0.00034836495804391095
0.00035500674687813193
0.00038539317380200213
0.0003680196568359312
0.0003516444050504977
0.0003871108131105239
0.00035463785433306175
0.00035397954706364035
0.00035270752592855115
0.0003121584938654586
0.00035829666277145927
0.0003437432097387641
0.000345396622945404
0.00030416639669165113
0.0003122652574053211
0.0002776374007684565
0.00027122100318022603
0.00028845274160540027
0.00032494196637669853
0.0003235629877390909
0.00026001167879373714
0.00026486343785456625
0.00026570039542704387
0.0002656935541749763
0.00031298049981938524
0.0003368072159978284
0.00031133410589945226
0.00031273764189700267
0.00032903363113282103
0.0003284521732057733
0.00029822501382853505
0.0003138748699263765
0.000325371479948371
0.000313770580119843
0.00031772002688854403
0.00030499267200265927
0.0002862384037598976
0.00026087130379112916
0.00026607401461923837
0.00024961478893057343
0.0002442813469483695
0.00023248717111635234
0.00023000107661163373
0.00019681447068971162
0.0001897404724610883
0.00021082182098670796
0.00021620710721079452
0.0002088339984878669
0.00021139495190934123
0.0002069319593649286
0.0002212611697149867
0.00021090209491081186
0.00018421163119226798
0.00019238915884894835
0.0002070869072074697
0.00018562166921657784
0.0001649886893720194
0.00020540444702605895
0.00022156909375076075
0.00021294064428046118
0.00020640052587322913
0.0001888788736523795
0.00018741012535605203
0.00015576995082771782
0.00013643850249004882
0.0001106390942717467
0.00014548003299683703
0.00015613029995499456
0.00017309512943446844
0.0001792009716325809
0.00019064805911519868
0.00019784671693571186
0.00018813846407067405
0.00018163521810483514
0.0001883728733526832
0.00017434820642397064
0.00018462864527529868
0.00016213390318613207
0.00012591734949224072
0.0001557415820570621
0.00017522605247207503
0.0001659627597430319
0.0001927387389104951
0.00020724064335059895
0.00021020872967206556
0.00020766053193481347
0.00021921083120557782
0.00024227544084938764
0.00027232024320498745
0.0002754201137503317
0.000282261383005076
0.0002874428694471907
0.0002898584067204487
0.0003262906729748756
0.00036017659998043304
0.0003447562588542948
0.00035894267921801566
0.00035417300616409663
0.0003551996628298222
0.00033538355613102044
0.00030065578593890607
0.0003007105683334367
0.00030982057940218957
0.00032244160505229345
0.0002942724629335493
0.0002797596554300357
0.0002464439362721446
0.0002152328705333393
0.00019967432129693768
0.00022736147569638542
0.00023644450421593006
0.0002554178791595407
0.0002547678408726309
0.0002633777176658404
0.00022599847597230312
0.000212609342589542
0.00021289008343044422
0.00017318504946551785
0.0001469868926517766
0.0001395516652639451
0.00014558641209394332
0.0001293674510797773
9.964848603144857e-05
6.125979747909568e-05
3.4708513753799994e-05
1.5304874742884492e-05
2.2936644758965387e-05
-1.1323366488313831e-05
-3.0104639895125855e-05
-1.0728701973444131e-05
-9.97758981314219e-06
-1.8862922541402832e-06
-4.824726286158771e-06
-1.3235686679874425e-06
1.3261721338717796e-05
6.104209519541018e-05
7.455505758472705e-05
1.9297802586678013e-05
5.4501343579437916e-05
5.6998989982782734e-05
5.6896948213546925e-05
7.15008676162368e-05
7.847843810857984e-05
9.348181153719467e-05
0.000126441746815712
0.00012825000646219824
0.00010952954458966267
0.00012539107661125063
0.00013655683073322068
0.00017868229376763022
0.0001781875887389485
0.00017747857523212507
0.00023068404496833802
0.00026175907263036903
0.0002863291722499655
0.0002931799411867849
0.0002834271428102434
0.0002777046347813163
0.00026557269835264
0.0002537408507588707
0.00025534291685601584
0.00028203149022649316
0.00027056655919081114
0.0002591296550653597
0.00022018653422725101
0.0002485902402265014
0.0002873948992649321
0.00028688589170160043
0.00033493737506964526
0.0003364822328862675
0.0003486736270091748
0.0003123945348264144
0.00026029642380866343
0.00025764591557340385
0.0002707513231372916
0.00027826281697681794
0.0003073610158890602
0.0003274927727996829
0.00034839389108718376
0.00032124739639669453
0.00028367312372870157
0.0002645964984254661
0.00026899185610732425
0.00026051638950913255
0.00025305772286630663
0.00023662683012254853
0.0002147968117097993
0.00021384929421273626
0.00019264510632933663
0.00020608503300170397
0.0001837442834677064
0.00013840994668618288
0.00013671321736383505
0.0001501793847275364
0.0001426202146082338
0.00016638954021692905
0.00016387170352613
0.00017700209768677812
0.00016659251317294502
0.00016442177735287114
0.00015235615227846366
0.00011931215821975517
8.218280861059502e-05
3.8729692875925215e-05
4.1771764968153536e-05
6.59718599726115e-05
5.2956825101398825e-05
3.1978458743819324e-05
-5.57967414451351e-07
8.197855560024319e-06
2.6342339407350586e-06
2.7385197374463883e-05
4.693124109196313e-05
3.322196911194206e-05
4.809268149825601e-05
5.482056824653028e-05
5.212944791873974e-05
5.9031291558179697e-05
4.1272367780011e-05
4.7596434249446904e-05
2.13816724262533e-05
2.70015842362754e-05
-1.0039819976183812e-05
-2.671710432426591e-05
-1.4286795963404391e-05
4.187776986535311e-06
7.111006804263174e-07
9.633549750918908e-06
1.2854758971689095e-05
4.1252664917292074e-05
3.579728122991922e-05
1.5056036663055566e-05
3.345321090266983e-05
4.285951961232343e-05
2.706015075884191e-05
-5.733304830484159e-06
-3.544362852022021e-05
-3.3899352551477725e-05
-6.988263622638183e-05
-7.712464428355208e-05
-7.855562174308747e-05
-7.559407952505387e-05
-4.523856299037653e-05
-4.383260231540314e-05
-2.8804755493265093e-05
-3.315619011028283e-05
-1.16491374105374e-05
-7.163764945440594e-06
-6.303021404061368e-06
-4.1566723529302e-06
-2.9394814161554713e-05
-5.231130802119154e-05
-4.825679801826439e-05
-3.2342530247575756e-05
-2.224199265733764e-05
4.8480939044299185e-06
7.560300085389008e-06
-1.3300254492092898e-05
-1.5536906327095454e-05
-2.6992950410697694e-05
-5.2841902804828025e-05
-1.164994367313979e-05
1.9707862852263915e-06
-1.3461214375081528e-05
-2.6691107142181404e-05
-8.526972512329963e-06
2.4626161826420947e-05
2.5689432626311014e-05
2.7646680675125462e-05
5.480424096715675e-05
3.2042755548671834e-05
2.3337687854439135e-05
1.5937855970782637e-05
4.171200308205315e-05
5.854456007406926e-05
4.69246233314901e-05
3.956840909598674e-05
5.714650565599326e-05
7.794497245961347e-05
9.534277282595535e-05
9.250195764795853e-05
8.250237348528264e-05
5.454768579982335e-05
4.293040384767088e-05
3.843548074974358e-05
3.203160567774905e-05
1.6890936987331456e-05
-1.1544577638614427e-05
1.1670921173212472e-05
3.280954400144856e-05
3.7651987086412535e-05
4.1560629067233094e-05
4.1712269020369197e-05
4.975897817028913e-05
6.322714387904335e-05
7.337691503240989e-05
4.757383810197798e-05
7.153421828547557e-05
9.357483762294553e-05
7.076089102741142e-05
5.6593885542544694e-05
5.970345104306505e-05
3.922061030444483e-05
2.5194148900399067e-05
2.752937973655222e-05
3.5394161539182374e-05
5.706114083060502e-05
5.5989290624937075e-05
5.3488657014474916e-05
5.690922885036843e-05
4.2201770624567913e-05
1.3038939605666757e-05
1.7056620194012988e-05
2.513731172180725e-06
3.651149602167446e-05
3.6865351160408146e-05
-1.6053424139451374e-05
-2.67913851950876e-05
-4.348361939774913e-05
-6.986918893729087e-05
-6.18517954462044e-05
-6.341336216817696e-05
-7.202859123789357e-05
-7.906254519643113e-05
-8.03715503889046e-05
-0.00012168482359361877
-0.00014282758812199036
-0.00013227799187730477
-0.00016344275006589082
-0.0001559584200732764
-0.00017478096697525644
-0.0001978465339303692
-0.00023254693603645777
-0.00025553337599703256
-0.0002855349289682049
-0.0002688699723683945
-0.00028239078010114263
-0.00026501068057583515
-0.00026010041492582474
-0.00026003435399747887
-0.0002475831044083143
-0.00024410857940941028
-0.00025905699553888887
-0.0002927344217362546
-0.0003117691419548124
-0.0002776592904131893
-0.0002413252847691289
-0.00023882210246731992
-0.000183577905653296
-0.00014890040601401352
-0.00017427845083397073
-0.0002028762520881992
-0.00017926403787234173
-0.00016187327560583155
-0.00014227899968053182
-7.046841258308664e-05
-3.5273012522729516e-05
-4.1838745123629344e-05
-8.677469869489184e-05
-7.298660423364159e-05
-9.937630695370234e-05
-0.00015922545908674465
-0.00013765360745911665
-9.379123977599162e-05
-6.22559406800531e-05
-3.1522977407208094e-05
-2.7224076927861714e-05
-1.411969318630956e-05
-2.874810187821977e-05
-8.535101293176536e-06
-2.548103801230272e-05
-4.2204865490364494e-05
-5.170663500750179e-05
-4.847512292652058e-05
-8.832922879823275e-06
-2.889515293505427e-05
-2.9527582941639598e-05
-3.105570379561572e-05
-3.500069944625543e-05
-3.842214261195171e-05
-1.8957899545064496e-05
2.527161346389155e-06
5.6015402347144207e-05
7.762814746755889e-05
7.078008284237804e-05
7.573537875760771e-05
7.76484231729448e-05
8.371867952615843e-05
9.246892356062862e-05
0.0001318894014625666
0.00015374496568152515
0.0001500885912804283
0.00015294417514996166
0.00015105809478937587
0.0001512089048055022
0.00014225399169630942
0.00010944936579706485
0.00010399808689191794
0.00010576704501111793
7.27403422578886e-05
9.670470035446319e-05
8.431744447137519e-05
9.344543483668203e-05
0.00010962766007490393
9.375456870892122e-05
9.956024946361269e-05
0.00010621031889773996
0.0001280020707038063
0.00014076010496182705
0.00012976411822645308
0.00013986292122632343
0.00015804850673710463
0.00018405983976527607
0.00019629421154829439
0.000177592383822491
0.0001438794825222709
0.00013344679035346126
0.00013172978969220315
0.00011763822280755851
9.3920359420441e-05
0.0001029479705433716
0.00010407735642966767
0.0001263733076589415
0.00012736784305029275
0.00012744716139533822
0.00010757496736241311
7.61642438975094e-05
0.00010535564926589608
0.0001174437878045892
0.00011279404285002804
9.219204656458612e-05
5.353297632033736e-05
4.7584833000842157e-05
1.3021341710611788e-05
-1.4953331612289817e-05
1.93122856572876e-05
4.2056151850256556e-05
7.5987210299669005e-06
1.9579909839407035e-05
3.4013381597052643e-05
1.6581584046956783e-05
1.406997661415511e-05
-2.4043560306104966e-06
1.3030004721050437e-05
5.608117381901696e-05
6.694384063166002e-05
2.252166867555404e-05
2.9074295903767712e-05
1.0850560405450228e-05
-1.0441222103954915e-05
-1.821404868125066e-05
3.226985377662369e-06
-9.602653513713075e-06
-4.288856656891368e-05
-6.447012980375689e-05
-8.466616654656832e-05
-3.7081217957527135e-05
-3.522468842429014e-05
-2.9716262285662656e-05
2.1642427355386847e-06
4.194489789935018e-05
2.9863609781696357e-05
-2.4074315650931025e-07
-1.010522149942486e-05
-9.117276127456752e-06
-4.5429744891068195e-05
-6.833289238620396e-05
-8.496588562330585e-05
-5.997218347222434e-05
-6.693407178222611e-05
-0.00011201167961733984
-0.0001261481133131479
-0.00012600694176067017
-0.00012382916690346717
-0.00013156985367273263
-0.00014490348780038206
-0.00010504792175558295
-0.00011682917715944563
-0.00011385648663599093
-0.00011653388913544423
-0.00013674050086164333
-0.0001295747551212365
-0.00012742783667175144
-0.00012390961337062318
-0.00010863731908213037
-0.00012848005427836147
-0.00014153626244129113
-0.00017105267612147273
-0.0001679813310079249
-0.00019464461052706055
-0.00019035076325842014
-0.00016952548423237164
-0.00015998567158057752
-0.00014182469135320264
-0.00012962409034172263
-0.0001459525031686001
-0.00016068400227017861
-0.00017556545041365977
-0.00019478733983647063
-0.0001916805097228649
-0.00017941629601027158
-0.0001630773602074931
-0.00018093162470498583
-0.00015049304077587866
-0.00016410191877019251
-0.0001400792467707914
-0.00012919489576699702
-0.00013273991776710376
-0.00011336991969884963
-5.752301150633649e-05
-6.118415628188853e-05
-5.6651627189707244e-05
-6.677268881817773e-05
-8.41811236001267e-05
-6.747957003237785e-05
-6.943477217082979e-05
-5.4824452133509725e-05
-6.632404530364858e-05
-4.6427537211185416e-05
-3.281789391670816e-05
-4.730407219964738e-05
-4.969354443989761e-05
-7.85824197125589e-05
-0.00010329179689481264
-0.00013209626242782676
-0.0001500387446309878
-0.00017168128500581457
-0.0001531349213000203
-0.00013214588177340526
-7.588068044208314e-05
-7.774175522942278e-05
-9.872697928557707e-05
-0.00012760920766468167
-0.00011354656284905511
-0.00012329708473781588
-0.00010599940104137077
-7.057435992189935e-05
-4.1655301565581134e-05
-3.6539290049965854e-05
-1.4644987515235773e-05
-3.270528496725515e-05
-7.832115381431774e-05
-8.729201682777479e-05
-0.00010726179015727377
-0.00012176436546674973
-0.0001014509688832572
-0.0001188442730685506
-0.00012711044095647128
-0.0001347251037708047
-0.00015148845731564268
-0.00015981468052905106
-0.0001388151704702909
-0.00012427000118504192
-0.00010571746195965378
-0.00013690892042845504
-0.00016690725844539382
-0.00018874445644153395
-0.00019387931252953143
-0.0002223012173381856
-0.00022485833580159756
-0.00025505311149789196
-0.00023087349919888498
-0.0002545560376898448
-0.00024844761434831517
-0.0002500707200537692
-0.00022894622921286305
-0.0002652118052050667
-0.0002553357248400608
-0.0002472633338975478
-0.0002520670799472616
-0.00027473477593503725
-0.00028160713382493704
-0.000306964609985823
-0.0003360960925143222
-0.0003070395103852921
-0.00026271769035420917
-0.00023879113931546007
-0.0002047923198315963
-0.0001861901993571605
-0.00016270373728825344
-0.00020026615413432246
-0.00022514290572821986
-0.000230149922143627
-0.00021440717791560324
-0.0002157298432479267
-0.0002296430070410836
-0.00021710563766962654
-0.00018606680782841628
-0.0001774962454490107
-0.00018766750062257319
-0.00015452195193475646
-0.00015444591003405575
-0.00016898558870716404
-0.00015615285769584466
-0.00016535968127430145
-0.00017226118799859428
-0.00015822730561817515
-0.00013531120512877464
-0.0001647131983538255
-0.00015520136332796525
-0.00016945790826563802
-0.00018030061244966763
-0.00016908179136018676
-0.0001517159816354184
-0.00016956129732354305
-0.00018738709745939666
-0.00018718594581524153
-0.00017742303851775524
-0.0001739961571320957
-0.00017769209688278204
-0.00015874007144074258
-0.00013886288314424503
-0.00016112202301368187
-0.0001328207959863928
-0.00012247205250704804
-0.00014294699345874555
-0.0001267469388412025
-0.0001232318812501934
-0.00014991080828218484
-0.0001860753942188706
-0.00015201807694900884
-0.00014276694284887608
-0.00018167091119990062
-0.0002033956165315057
-0.00023129780995489478
-0.00021982805981706014
-0.00017921850245033346
-0.00016721148640609456
-0.00018390732169666778
-0.00017499081014818877
-0.00018912878251165603
-0.00020976368736765782
-0.00017051504809995776
-0.0001786134373346424
-0.0001796153884434333
-0.00018085270839600113
-0.0002028678540231181
-0.00020718757349528312
-0.0002165481048303337
-0.0002442751203730793
-0.00024641028234841144
-0.0002451713488964512
-0.00023316288171218203
-0.0002216389049380293
-0.000231060331782012
-0.00020319069907858784
-0.00021448776941222745
-0.00020227912437686962
-0.00019572377723616984
-0.00019595917448580075
-0.00020563535918350238
-0.00022026394508623066
-0.0002463164042160349
-0.0002715182848527631
-0.00026715152170238147
-0.000275984051358903
-0.00027809242623511965
-0.00025136132541054304
-0.00021542257600012024
-0.0001885532919531818
-0.00022118077828898807
-0.00020000259730761568
-0.00021981249932274586
-0.00021695339243413665
-0.00023560858918491006
-0.00025188939689850423
-0.00018988499281253843
-0.0001943759020883395
-0.0002191911493236632
-0.00023361917524477053
-0.0002642903305722842
-0.00026439577309029085
-0.0002623561279689755
-0.00031086834432132894
-0.0003273376172792979
-0.00030460494408727514
-0.0002882929041385935
-0.00024997926349099703
-0.00024901901360108386
-0.0002876026461396737
-0.0002982012285634716
-0.0002912484736928239
-0.00027142774508304705
-0.00025758208926826874
-0.00021417018076906263
-0.00021526924323824915
-0.00018277469936150121
-0.0001708074018494592
-0.00016072558690683334
-0.0001836878240616932
-0.00018810599452478313
-0.00018872739943894627
-0.00018299345867843822
-0.0002093569485697181
-0.000218397306976337
-0.00023565819860452798
-0.0002334458015238209
-0.00023815674841361415
-0.00024381795954084236
-0.0002604325031889394
-0.00026793898200808163
-0.0002767386094596286
-0.00028893086142127135
-0.0003246494970977816
-0.0003184984562988566
-0.00029704033403265634
-0.0003106418504008512
-0.00031697094790110756
-0.0003302637147882543
-0.0003297064592096641
-0.0003311409092098809
-0.0003450148920905217
-0.0003534404530665186
-0.00036005131415727757
-0.00040692575167880756
-0.0004356312516198024
-0.0004210915232317168
-0.00043456683726736134
-0.0004063300504098921
-0.0003958823082691825
-0.0003832263660058819
-0.0003849691896723614
-0.0003577373171275765
-0.00034279475013727564
-0.00034182715985429967
-0.000300718582174807
-0.0002723355199822343
-0.00029086375555540045
-0.00032027344933245665
-0.00031566147953676865
-0.00033548746079660235
-0.00033689522435499355
-0.00033106075116464025
-0.0003446000730897683
-0.00035080509327393473
-0.0003639100505872927
-0.0003620609516347885
-0.0003481901412121231
-0.0003326816356972011
-0.00032052952099966757
-0.0003355959722230788
-0.000346586417788839
-0.0003606830454500795
-0.0003374080014848885
-0.0003046877908595228
-0.0003059496870006486
-0.0003466733625036965
-0.00035588465911483866
-0.0003506546639455683
-0.0003400821850141812
-0.00034799075517703967
-0.0003499454933978094
-0.00034673116059287393
-0.00033313338238519577
-0.0003392022057877781
-0.00033904808934979145
-0.00032627144430117793
-0.00031183955852008127
-0.0002961196803405704
-0.0002900696864593455
-0.0003130245153901075
-0.00037358413240548484
-0.0003816546373885464
-0.00034374363961330067
-0.0003283324176107051
-0.0003443886957768804
-0.00037861553602744347
-0.00040543027899263
-0.00040430392950412033
-0.0004146772941545868
-0.00039885505975359046
-0.0003642866389140022
-0.0003810464584571535
-0.00038195294931746884
-0.0003642185133631121
-0.00035497770978621307
-0.00036592585108411954
-0.0003649860600698228
-0.00037853214704502384
-0.0003462425648527317
-0.0003222892617263031
-0.0003076383408285679
-0.00032828819505852476
-0.0003530613285569246
-0.0003439842217242632
-0.0003143662263046399
-0.00033064264680329996
-0.0003376412100055757
-0.00033178996013592766
-0.00032025472252879674
-0.0002965186684483991
-0.0003204691707041265
-0.0003076185041635724
-0.00030407893487569915
-0.00029408735576907246
-0.00024421210742483546
-0.0002613693682535148
-0.00027553706544193775
-0.0003019972853844401
-0.0002798891447364756
-0.00029464817135407373
-0.0003040679125174211
-0.0002905890429341889
-0.000252032597892184
-0.00023121772408672762
-0.00021321154588145434
-0.00020999508276231521
-0.00020998360936887989
-0.00022502577028530172
-0.00025493348717235437
-0.0002364269968183112
-0.00024170925719090117
-0.0002517567409213411
-0.0002458598002345715
-0.0002680608781958124
-0.00025633752966446846
-0.00022445162728033908
-0.00021525064934826136
-0.00019769339210190756
-0.00019271149219707789
-0.00018441800743345782
-0.00019060708818136924
-0.00017599516431278769
-0.00016361922118436628
-0.00013567796235120698
-0.00015036318738121372
-0.00014597964819348767
-0.00012278376738720826
-0.00012725101060019156
-0.00014465262959766127
-0.00015189947695563562
-0.0001437705670981288
-0.00011320521717212415
-0.000124029397158215
-0.00010902948720453395
-0.0001240736648661375
-9.457569006493294e-05
-0.00012190265220240727
-0.0001320284410587045
-0.0001912528248290166
-0.00022629204692370348
-0.00017427707770347524
-0.00015026370683546275
-0.00013712078539878313
-0.00013917256843992476
-0.00015090507287168948
-0.00012504185679780685
-0.00012961276365811909
-0.00012005993801576483
-0.00013178586863189692
-0.00012967929140095296
-0.00011462154124271143
-0.00011668843598738264
-0.0001254284152669762
-0.00011430664769758816
-9.453190245849034e-05
-9.873821754630336e-05
-8.100447155826311e-05
-0.00010361457770077722
-8.652986907252153e-05
-8.534227783229707e-05
-6.823894542783707e-05
-5.220410115634375e-05
-9.200620576437283e-05
-0.00011409386424054865
-0.0001369804304590196
-0.00019042356220247078
-0.00015823962601063473
-0.00013316116401759055
-0.000123478893895117
-0.00012035806167194271
-0.00012388875866479
-9.532931031806444e-05
-6.550250980830315e-05
-3.8339619418992796e-05
-6.591362032693816e-05
-8.23964624574792e-05
-8.050149416538962e-05
-9.403482989994954e-05
-9.369206916603763e-05
-0.00012141388234613936
-0.0001641249713371266
-0.00016408166676103964
-0.00016914725292018832
-0.0001776337095406798
-0.00014456293058959571
-0.00013230609602925638
-0.00010710003301972758
-0.00013331951287143772
-0.00014070707617067703
-0.00013253255776799123
-0.0001574260472281982
-0.0001492768055977354
-0.000141779278739914
-0.00014439899101695248
-9.046769068687255e-05
-8.346596112078708e-05
-7.17637754254661e-05
-9.186218552187348e-05
-0.00011818292077556841
-0.00011965934625719668
-0.00013171591018241627
-0.00012164930481804666
-0.00011753017544799426
-8.766551329002112e-05
-4.011304059361933e-05
-3.549142385350201e-05
-5.767831216610853e-05
-6.249251411520975e-05
-8.65806997560676e-05
-4.128162536330232e-05
-1.6118557248291643e-05
-4.195245465356403e-05
-7.796279731993577e-05
-5.467723138232079e-05
-2.8691778994525095e-05
-1.93585064888929e-05
1.0675998215793473e-05
5.2435086617683493e-05
7.761805865928522e-06
-3.708000911513702e-06
5.878443497716809e-06
8.993208671081282e-06
-2.8108254629764697e-05
-3.689919217340047e-05
-2.9417839781202212e-05
-6.759210645564616e-05
-9.09715437475701e-05
-6.480999134221636e-05
-6.202819954781018e-05
-5.4812765326025864e-05
-8.269576221469943e-05
-7.745583924548521e-05
-6.278488372353925e-05
-0.00011307283126369219
-0.00012868243887579549
-0.00011893211197586362
-0.00011743532781247247
-0.00012808995936359178
-9.538809651169438e-05
-5.1646941070007104e-05
-6.003897221695955e-05
-6.0514583005210904e-05
-4.5184404376248015e-05
-2.785028015073296e-05
-5.022393201162278e-05
-4.147275536582357e-05
-4.780873273056371e-05
-6.493601329864948e-05
-8.016618475399607e-05
-8.895295296550279e-05
-0.00010230324912461865
-0.00013337475179934133
-0.00014600009077897892
-0.00014056343011377577
-0.00011263354502141212
-0.00010694183963585395
-9.523876606666977e-05
-8.59426368260584e-05
-6.234618339460963e-05
-1.8932664977677836e-05
-5.93537551311398e-05
-7.827792976506482e-05
-4.339491501130033e-05
3.713747869805279e-06
2.5774704649234417e-05
2.7355267331215282e-05
-1.727541877346179e-05
5.437494769587831e-06
1.5073734691407642e-05
1.7019302042359935e-05
1.773316192375579e-05
1.965273082231195e-05
3.900968062427049e-05
3.540672362012512e-05
6.403641936293604e-05
6.103237763254517e-05
7.799776876644119e-05
6.943412010654087e-05
7.091507390505098e-05
7.982647929353755e-05
6.996599473284228e-05
6.433215286947804e-05
9.498056416641133e-05
9.785965503975508e-05
9.229779116537166e-05
0.00010064276983682424
8.628430265957845e-05
7.962356072182479e-05
8.301719923817404e-05
8.627023708384691e-05
0.00010699784589106819
8.043500235323117e-05
5.784214249071018e-05
4.44751371896892e-05
4.443645238726943e-05
1.2088586747944824e-05
-6.256012128410746e-06
-3.4273633750459475e-05
-7.643974171206143e-05
-0.000101323153073658
-0.00010793216912197108
-9.55419629588447e-05
-8.772791952192568e-05
-0.00010690322399512685
-0.00011339536033051051
-0.00011389081890421395
-0.0001028316772135683
-7.616499349795446e-05
-9.7168429072365e-05
-6.015263125229043e-05
-7.957752948690861e-05
-8.057411198801855e-05
-9.107856508902199e-05
-6.90154265338155e-05
-9.03811430271298e-05
-0.00011769056850111028
-0.0001018187263461333
-9.960748850378553e-05
-9.973395251895609e-05
-0.00014098532893189858
-0.00014514815346564509
-0.000142295692543475
-0.00015555446461712214
-0.0001458262898366548
-0.00017000016613929358
-0.00019200837859405535
-0.00022300463137135224
-0.0002027284776206897
-0.00017386521968912352
-0.00018808007439897627
-0.0002064437437942146
-0.0002101562755106493
-0.00022275760625793128
-0.0002283366585024791
-0.00023795639124294505
-0.00019706831741089835
-0.00022527377468354437
-0.0002666048955223529
-0.00027014853286464813
-0.0002737381777433639
-0.00025870510580671194
-0.00020159014266746115
-0.00017183478462792613
-0.00017548057773529935
-0.00017322098475477975
-0.0001987642161855683
-0.00017544869019270123
-0.00018095479391033888
-0.0001889310199517957
-0.0002046286368140826
-0.00019592356824221752
-0.00018512730749755278
-0.00020274077818912997
-0.0002142091622086591
-0.00020126923677875688
-0.00022184110444411343
-0.00024103887107816696
-0.0002556191963557897
-0.00027674904727369615
-0.00028443266878359257
-0.0002948623560830247
-0.0003323635541078991
-0.00033553929095982377
-0.0003015610535361934
-0.00031461851037535105
-0.00031936340504601444
-0.0003190055439077499
-0.0002739360984293002
-0.0002768728690887947
-0.000265648783687919
-0.00022372364287512528
-0.0002126215232161994
-0.0002200991049689202
-0.00021024253212879247
-0.0001879276854558073
-0.00019306140129622386
-0.00021296843946511722
-0.00021668798026668845
-0.00019042925856676364
-0.00021708206959336924
-0.00023565430268854387
-0.00023320436665119772
-0.0002102325659879288
-0.00021386112881795387
-0.00017553157896941872
-0.0001522944819840031
-0.0001769997804899788
-0.00016815955281424496
-0.0001436981499328863
-0.00015305889591301733
-0.00016660785979745566
-0.00019226799253557156
-0.00020081794593573285
-0.00022654072851306754
-0.00022508819026332956
-0.00018740296025069597
-0.0001540671810398382
-0.00014401324152527753
-0.00013410624946713333
-0.000144907409716528
-0.00014214235915958808
-0.00010750625990038924
-6.414441698324809e-05
-4.984244480297069e-05
-3.0934409522744206e-05
-7.797371833266706e-05
-6.40579993601811e-05
-6.591801983446284e-05
-4.3876942174780724e-05
9.147712040860287e-06
1.2277311133673233e-05
5.1679864332476256e-06
-1.9696373917977455e-05
-4.4151443638839455e-05
-5.297381442228151e-05
-4.569339726676779e-05
-7.283334952901067e-05
-9.861256794914636e-05
-4.881253663704591e-05
-5.115626956869154e-05
-8.325431713377749e-05
-8.965132149883005e-05
-2.8787927114192987e-05
-2.2661463721688373e-05
-5.49224397647789e-05
-3.79392993599257e-05
-1.6095180129280294e-05
-8.460247190678202e-06
9.498514916372164e-07
2.4329690220769608e-05
1.3660326181962653e-05
-2.5945579270777704e-06
8.778821116690676e-07
-3.287302217559339e-05
-2.720658821902817e-05
-3.8791647113733463e-05
-3.142555097165314e-06
1.8452961845830595e-05
6.971561975117088e-06
-1.8395692666730331e-06
2.7424657818341262e-05
5.0171089240078656e-05
7.796481744850673e-05
8.002376507210558e-05
8.824701942982652e-05
0.00014391783308367748
0.00016647456047626962
0.00017954592260761076
0.00019693843504074745
0.0001695116285172324
0.00015832154404008013
0.00014328138931933983
0.00015584920644427737
0.00017321570543484915
0.00017294478534864746
0.0002084931603875037
0.00025157957239016845
0.0002451389437819355
0.00024109721927539755
0.0003020684705743805
0.00030984846625849724
0.0003043853964467265
0.00032153255865678535
0.0002895512622687483
0.0002752619321011706
0.00028777199278505494
0.0003377217862797745
0.0003113177867756965
0.0002998946814921626
0.00029240689157273485
0.00028825831844779884
0.00028801264391156646
0.00026804682850736664
0.00025248590357563634
0.00028789298293577204
0.0002993274975930352
0.00027887239740543554
0.0002801617835618708
0.00026318050742900605
0.00024474667706767445
0.0002593168475276813
0.00030372513757709964
0.0003119645963844921
0.00031579713263755587
0.0002865445333536457
0.00032386777544214597
0.00032606493111401514
0.00033030550556554074
0.0002989547715695116
0.0003095538612675787
0.00027970903943429426
0.00028625308539171734
0.00032362561319182617
0.0003137780872796287
0.00033215885130733993
0.0003457359956205584
0.000323825094989657
0.0003232853867550151
0.0003113685769366468
0.0003079373639242284
0.00028538089109386396
0.0002703913353779997
0.0003315951079134945
0.0003537331001628114
0.00030757896068493
0.00030791262041709327
0.0002884350831024961
0.0002839212104548982
0.00032763341521965773
0.00032368684736182405
0.00035379617226740225
0.00036185830473597403
0.0003408268000817949
0.00032731965782545325
0.0003362310455978614
0.0003501079977006596
0.0003522429835885095
0.00032748715802294716
0.00031004971231396537
0.00030529101132275384
0.0003093058081207513
0.0002827065483382021
0.0002550278642262785
0.0002741534434672838
0.0002844755394083334
0.00028012949006226876
0.0002512026887840681
0.0002295161271599524
0.00022935071803793474
0.00024361059114396045
0.00025166456131408134
0.00025574275612206556
0.0002555886962127184
0.00024449258879402007
0.0002646937185970171
0.00024184944475235347
0.0002378761093786563
0.00023061359381607363
0.00025055538297776876
0.00026198746542254126
0.0003006032483997845
0.00030149619987120314
0.0003405211053290068
0.0003290806161732375
0.0003202130209420574
0.0003372138538147166
0.0003238452473474625
0.0003611368598109319
0.0003366285729841418
0.00031552647154171724
0.00030803143791927566
0.0002846892465832383
0.00026963512270991585
0.0002643291908063587
0.0002586353085906846
0.00025702153205181853
0.00024494961183656844
0.00023322636331487732
0.00023266937121736237
0.00024164008959236334
0.0002621811784076233
0.0002560048215820229
0.00024517669416438076
0.000267871352940303
0.00027865924935596866
0.00027402923640637187
0.00026607387694847144
0.0002605383184025482
0.0002512660296984066
0.0002216900458768728
0.0001854194307278275
0.00018257116061864596
0.00014487408116879512
0.00010652056356258324
0.0001146150832323644
0.00010488710108828191
0.00010475312998135236
0.00010668769041925313
0.00010095792275733418
0.00010039323438466337
0.00011340641579135028
0.00011580494131867422
0.00011570579865021672
9.507552012513217e-05
7.334435372410001e-05
6.956926917403637e-05
7.031585393442056e-05
6.364240376500324e-05
4.9050113907862065e-05
1.721334118643601e-05
4.9187374794931434e-05
4.976799114017659e-05
7.270065327466725e-05
6.155676991214613e-05
3.7682276353371376e-05
3.186979545274319e-05
8.139571056276591e-06
-1.3787834877462108e-05
-2.998104071034655e-05
-1.2594366319317648e-06
2.8150176291974298e-05
2.3375777104018463e-05
1.1894846236863872e-05
1.6219451710387453e-05
3.0168890633163587e-05
3.183059412485679e-05
4.385015264065246e-05
3.852259548040368e-05
1.2345696689348496e-05
4.5701523807379566e-05
6.066153502279413e-05
5.3388903269236884e-05
3.660520209980921e-05
3.4666805465225425e-05
2.4028391166253408e-05
-1.670916683028359e-05
-4.881382154060511e-05
-2.130059499931157e-05
-2.334371934077336e-06
-4.5477209459513575e-06
-1.2337434983629263e-05
-3.639126514462049e-05
-7.467776069987542e-05
-6.810766724922503e-05
-8.85463207739536e-05
-0.00011816026182866272
-0.00014098856348514457
-0.00013277808905540648
-0.00012099958285142706
-9.778093939344761e-05
-7.051322854769327e-05
-7.927331117556344e-05
-6.321107462013627e-05
-4.1988190232343026e-05
-6.68987949559675e-05
-4.8531275195458855e-05
-2.544114082697789e-05
-3.954639186503877e-05
-5.617279815973178e-05
-5.847859342273908e-05
-3.990597064306708e-05
-1.6854419623497176e-05
-2.56284241665235e-05
-1.3880732256529822e-05
-1.6529693107508985e-05
-2.9839138628614213e-05
-2.811623081547295e-05
-4.0443117408611566e-05
3.2613428571735034e-05
2.7811194822562144e-05
1.7142640281372727e-05
-9.2071358643307e-06
-1.7143935576195138e-05
-1.484210346264621e-05
1.2815152718461417e-05
3.496154363253213e-06
4.61716835663549e-06
-2.4024157003055887e-05
-3.229775171684728e-05
-3.5798742103805895e-05
-4.9064159600232474e-05
-6.792236292915536e-05
-6.0042009476702143e-05
-6.937250047948685e-05
-4.915375487136634e-05
-6.425216746563096e-05
-4.4581040251040726e-05
-2.7336513107417974e-05
-2.971178658544386e-05
-1.63971608101085e-05
-2.2914400493775097e-05
-4.517994725761421e-06
1.6765181012925047e-05
-1.635845541030095e-05
-1.5425774613708905e-05
-2.617640975197859e-05
-6.319518512983881e-05
-3.65618703006726e-05
-1.8250576673889125e-05
-4.190236389128881e-05
-3.513599736791663e-05
-3.3373370303569635e-05
-8.302033738169008e-05
-6.280965982721396e-05
-5.363576934117796e-05
-7.774213421250469e-05
-9.170168416151196e-05
-8.690132673573885e-05
-9.82211322698883e-05
-9.74098603086678e-05
-0.0001112611723932087
-0.00010168754118050811
-5.4845278093052934e-05
-7.681049071903834e-05
-9.155699066669357e-05
-7.481268139318832e-05
-5.4528868851025174e-05
-1.2400645476628395e-05
6.779462425808797e-07
2.6079575526614924e-05
7.617105124496237e-05
0.00010534104031120257
0.00014541274353187033
0.00016931403394499064
0.00017367112278725023
0.00020807829160236242
0.00018795460055774833
0.00019643427368015576
0.0002218391723850324
0.00016624675535567573
0.00014334634735986226
0.00014160468816051773
0.00017485751308838406
0.00016437787758790252
0.00017255975667424412
0.00020480389609891096
0.0002166760573218048
0.00022070367598913518
0.00023333637312517453
0.0002722767622122768
0.0003069896674846346
0.0003380439011507589
0.00035055680032005526
0.00040611341292897096
0.00042571801875219343
0.0004306081988646602
0.0004126202709322448
0.0004271820700432359
0.000438416707318726
0.0004228318145114119
0.00040364059272498317
0.0003627993004935492
0.0003490382800809819
0.00033930790837891816
0.0003165931368251944
0.00029200089778087763
0.0002627083897472745
0.0002685438517712321
0.00025170700147564355
0.00025487200218127167
0.00020673774276205683
0.000157001574040219
0.00016650663878983287
0.00017704442856709995
0.00016590008970276965
0.00015008595843929331
0.00017303997437784595
0.00018759152140538835
0.00021051669820002484
0.00023753842712305202
0.0002607100073791752
0.00026679246252453356
0.00027770171104091125
0.0002591431835950115
0.0002638481318773933
0.00026093274794254694
0.00032232719988099453
0.00035814239529715296
0.00039166235299560863
0.0004185757434987683
0.0003997743112309048
0.00040389913783511175
0.00038671982578785145
0.00039814729198851134
0.00039049797249674704
0.00036200778443255517
0.00031125749588283014
0.0003361121157723454
0.00034682092954924494
0.0003177063563893439
0.00034349185657405086
0.00031162786317924464
0.00029587903222298055
0.0002913552628426422
0.0002817883202314512
0.000275538146168693
0.00028997603828101123
0.000293138235684214
0.00026226373647120677
0.0002393013748693927
0.00024181576381762397
0.00025027936497524204
0.0002497895803370345
0.00025658596336928206
0.0002749332861546148
0.0002715078678060495
0.00028639739732136394
0.0002707310163691829
0.00027119001435487583
0.00028056842693335914
0.00026583635173358777
0.00031713558274422415
0.00032792325096135753
0.0003333359566978641
0.0003255619616310346
0.00032702135349705605
0.00033821005229958993
0.000319405455024366
0.0003146437068561336
0.0003266567297695246
0.0003142156864618685
0.00029360856538817063
0.0003355944982989106
0.0003443978142878254
0.0003730924021529728
0.0003782088233036297
0.00040419557651532245
0.00042048792160963224
0.0004440182970491088
0.00042502020333672996
0.00045871251042747417
0.0004383975114641973
0.000438140138988339
0.00046139579793737684
0.0004821659011988717
0.00045829649320397036
0.0004808004337046946
0.0004877539699451358
0.0005132082108733065
0.0004898653293817503
0.0004564591199850273
0.00044553714431961943
0.00043818380244570475
0.00040226873891446564
0.00039533298462672323
0.00041092436720466534
0.0004199597233198733
0.0004280600005715983
0.00037985033093718845
0.00040521489494656763
0.000397693339499682
0.00040329593114627285
0.00039339118765868676
0.00038963125092712574
0.000362431273072939
0.0003603469118756722
0.00036209891779298055
0.00038782896926204454
0.00040717699355437796
0.0004174146988401946
0.00038852279772976287
0.00040246310263693756
0.00040626017486590916
0.000427276956576356
0.00042648914666634417
0.0004337059224112579
0.000433348463977974
0.0004181857184696411
0.00044837828256811765
0.0004757845773491463
0.0004613977683071058
0.0004762554486077992
0.0005005844737338068
0.0005016885727822166
0.00046645254971864106
0.0004530675402583499
0.00046346286953873137
0.00045263517886487414
0.0004325286145259959
0.00042234224883460426
0.00041998791880507947
0.0004421692022408171
0.00041474961101514414
0.00040065480400019
0.00039774747652965953
0.00039551807259379033
0.00037583596036858
0.0004087374553187154
0.0004292447523475071
0.00044844244177825836
0.00047639858396647663
0.0005108446936353802
0.0005236080124596204
0.0005241400375057791
0.0005173388262307491
0.0004886916072735142
0.00047877818016409785
0.0005177190701957374
0.0005446947855583768
0.0005440956721590835
0.0005485413610221796
0.0005591810885445808
0.0005351365398467839
0.0005311792085073556
0.0005514780640094352
0.0005313510660670786
0.0005145874598374942
0.0005175591013528868
0.000507594486611859
0.0005339659463558157
0.0005468514488743958
0.000544095083584736
0.0005691480635222207
0.0005521951644373489
0.0005672414987131292
0.0005291792577565454
0.0005298128703108428
0.000523423145797402
0.0004904520473380543
0.0004633860993738945
0.00047149004550824954
0.0004537238700385363
0.000449416757200323
0.0004489581906759961
0.00046766072774597086
0.0004916009271791716
0.00047650255992780975
0.00047962071664839963
0.000512719096977896
0.0005030354522188511
0.0005083021585741409
0.0004686051707519223
0.0004574649961315956
0.0004756898261277721
0.0005266755213533326
0.0005075131725324422
0.0004753313443120366
0.0004998121445200973
0.0005230478372905801
0.0005325292797172753
0.0005275873325463897
0.0005795249853792364
0.000566183347597882
0.0006097971532885611
0.0006210841583449316
0.0005763554127924894
0.0005366282186856797
0.0005317382385465078
0.0005220685571080177
0.0005220492024925528
0.00049378667094175
0.00046372398506573567
0.00046964545940410545
0.0004937859839078523
0.0004971704059534875
0.0004946961595441341
0.0005318013987138327
0.0005487084015874078
0.000571334822261727
0.0006174720851861788
0.0006103005727185492
0.0006168332535802742
0.0005728484975941835
0.000552745017563538
0.000547790347396587
0.0005423673225881812
0.0005509692667837994
0.0005616866759502674
0.0005631495243596173
0.0005499010478224307
0.00053417580579056
0.0005155987033457261
0.0005082537408353556
0.0005535480216352123
0.0005480694588833042
0.0005674000200651763
0.0005225812829301747
0.00045818704491253277
0.00046167403996847154
0.0004376014296897792
0.00041400331124713015
0.0004615520664658958
0.00043980654592422916
0.000407877683260357
0.00036620288048717247
0.00037824125200044224
0.0003959129691257873
0.0003885986499307118
0.0004192627158349848
0.00041627088025357375
0.0004115489390244748
0.0004208909874729797
0.0004290497851115213
0.0004359742339871219
0.0004283459163240114
0.00043415549090136267
0.00042320512453269607
0.00041700803850451107
0.0004050229001115284
0.00040695740785806915
0.00041349240898658164
0.00042629820053358895
0.00046077703693417625
0.0004551372309202025
0.00046080754463664317
0.00045207561386399986
0.0004381208629147038
0.0004328099146761544
0.0004249272795566214
0.00043192740845177764
0.0004358127479610548
0.00042166648748998464
0.00043670347689704603
0.0004321489325447818
0.00041025460234279726
0.0004270424206822474
0.0004185072099814563
0.00039818190995431215
0.0003919690406213264
0.0003949616075443349
0.0003891990594482562
0.0003924134397221082
0.000396921381785441
0.0004271453257846353
0.00045307300217047026
0.00048721075248715816
0.000500532965476844
0.0004791392026160172
0.00048307455490785226
0.000478745127743313
0.0004637662405913997
0.0004929275020853592
0.000521661972631822
0.0005394820382837723
0.0005318136027401753
0.0005433443805604922
0.0005422813331138473
0.0005419410654373008
0.0005319497133745379
0.000519222716146663
0.0004971682163452866
0.0005079532807424889
0.0004663925915795452
0.0004398177555476699
0.0004378401125202586
0.0003978191120767524
0.0003823016040602112
0.0003884295366131818
0.00042126373739220487
0.0004059896865296823
0.0003972407819583841
0.00040294609193046617
0.0004125195452528701
0.0004214649061855668
0.00043110418606668785
0.0004339539027819195
0.0004583286505130926
0.00043858296949872866
0.00042595351616862994
0.00042758260173021484
0.0004367711892029952
0.0004267929588063558
0.00043363861549149476
0.0004466654108691202
0.0004903352286915803
0.0004893307187587441
0.0004660058766014796
0.0004268652455667774
0.00044402309929468086
0.0004736068836594025
0.0004536012988969893
0.00044775414211656626
0.0004406594166896789
0.0004316224019862114
0.00043064589305416063
0.00041237007698097857
0.00039132541711656317
0.0003499757835797436
0.0003454835793190936
0.0003609426231071223
0.00038177026717866745
0.0003851093297350723
0.00036676351306628486
0.0003572569130659137
0.00037390062303366815
0.0003903938848669734
0.0004150463822661912
0.00039038316512158563
0.00035456294059736627
0.0003620677445954195
0.0003718538776908404
0.00036853962283765854
0.0003964146477498027
0.0004110146368025614
0.00039390157791332537
0.00035916106505528786
0.00038513072772752616
0.0003598319886072935
0.00037690224636647033
0.0003810751917539465
0.0003846669201141854
0.0004114568070317107
0.0004393202518646614
0.00041343708855879095
0.0003950822889052281
0.00039265731447181635
0.00040962541606884734
0.0003951386360080526
0.0003718178364021333
0.0004100783800148254
0.000414538797167182
0.00039755669860879833
0.000381929719478158
0.00036873817528148965
0.0004079047684198802
0.00042727406036926227
0.00044624651050580963
0.00043587209598415624
0.00045276591481481027
0.000433930923321426
0.0004268013076936237
0.00043054709758869525
0.0004289521691773708
0.0004113439565165741
0.000394081655633198
0.0003885632606113661
0.00040085627906693503
0.0004270694499185634
0.00043869506655543007
0.0004507341640597764
0.000472398521818091
0.0004852217622007934
0.00048460444694750735
0.0004672932807022205
0.00047752755356566927
0.0004589113683675446
0.00043481860489958985
0.000439448233838973
0.0004215188449051062
0.0004270583834485697
0.00044505423189277355
0.00046325872688262725
0.00047699578261395283
0.00048796242095958055
0.00047357770891269394
0.00052792383289626
0.000542409317338627
0.0005445066180676774
0.0005674526152099958
0.0005711588805389792
0.0005604464158945984
0.000569632026803665
0.0005531527827680273
0.0005273309195688672
0.00048215921654700685
0.00045101613337784885
0.0004481243520261752
0.0004745408312503529
0.0004624354147702086
0.00046280733508209594
0.00046714814177819955
0.0004483680669768236
0.0004573490137006216
0.00046901872332878313
0.0004874115740151248
0.0005043262226876612
0.0005029972362530419
0.0004906805663007738
0.0005082384894002018
0.0004868205142976477
0.0004765835729861976
0.0005085806530413135
0.0005114927423246451
0.0004942019753124994
0.0005142163216955482
0.0005102276283387795
0.0004893010206778926
0.00047118591677137333
0.0004739293780543282
0.00046445815529155864
0.00047133644771787573
0.00047817864409093093
0.0004905774348924153
0.00047102768373591164
0.00046574493647879835
0.00044554976390971364
0.00040384508485060967
0.00041075221648404457
0.0004080741285076067
0.0004214934392879128
0.0004655684828978514
0.0004822029622032437
0.0004494880803698756
0.0004619621813143915
0.0004519664394158008
0.000426872387319266
0.00043385867829932856
0.00040784509404864907
0.00045679101426988916
0.00044829741987932115
0.0004656896249345198
0.0004905556242263223
0.00048703224388887593
0.00046757301735559867
0.00048574304988287253
0.00048317152952933847
0.00046897428670587257
0.0004738941169800882
0.00044086565734280755
0.0004608950739104902
0.0004401767191847673
0.00040527559440011677
0.0004122388172990827
0.0003962419855693356
0.00040244871667200377
0.00040729890720642945
0.0003955437006597261
0.00036194985404055776
0.00037983450992510703
0.0003761924263859168
0.00039167164774495567
0.00036554717945390587
0.0003430839513023544
0.0003440650847542182
0.0003660048905709016
0.0003562494328307639
0.00035038368889919383
0.0003397502430609455
0.00035286126010145995
0.0003468541825974858
0.00030638113980680377
0.00032053204778712316
0.00035932771251938594
0.0003564321243513999
0.0003651236496976219
0.0003523066647828403
0.00036275717125811463
0.00034980859270303645
0.00031642468589203375
0.00032565299990475476
0.0003416149680686227
0.00035974663119842847
0.00036993136277425215
0.0003555545079351144
0.0003777884260693647
0.00041258656828000264
0.00042701856692518034
0.0004206462874323367
0.00043144325058040543
0.00040239070665199937
0.0004171070952709502
0.0004312190190915697
0.000424918445789266
0.00042079610479567157
0.00042330269704371915
0.00037234458994552286
0.0003442456291680847
0.0003437521460501114
0.00032044404393400186
0.00028831300504472034
0.00031338251505887084
0.00032601294447389165
0.00031281824237882797
0.0003217722314839821
0.0003058729527608849
0.00032905050124189137
0.00032894646042650757
0.00034602115294262125
0.0003190550642833526
0.0002770706526264589
0.00025731348270292907
0.00025696764015759385
0.00025340137852927075
0.00021755656669812936
0.0002130359529920209
0.0001947112773196209
0.00017714539176348108
0.00017674450938672125
0.00019056970604082468
0.0002310276925681651
0.00023352209110597677
0.0002723950419951497
0.00031246215090713277
0.0003383289082361039
0.0003187621861904065
0.00031162093192833135
0.00029062807659623415
0.00030197888849234014
0.00031877360226450645
0.0003361781405228449
0.00032964023762821715
0.000310364638280165
0.00029173089894215013
0.0002813367088719115
0.00027066241197453344
0.0002478864076997995
0.00023235313027303807
0.00024429177984257127
0.0002312963761999909
0.00023210303849217036
0.00026112974907374647
0.00027297180069522
0.00024417572101319306
0.0002277810353700454
0.00022778150331644574
0.00025538181361977333
0.00025431627913294493
0.00026419116524081256
0.00025386107977938706
0.00024947195301445514
0.0002682560184943644
0.00028066171383448607
0.0002807768214709063
0.0002998373294939249
0.0002872026573130778
0.00026377972889629435
0.00023870659651132
0.00019492501196284104
0.00020233050566914062
0.00020956206006497128
0.00021061062141482977
0.00021874095002471556
0.00022428147770973017
0.00025071818717369303
0.0002356465757701325
0.00025916378928793695
0.0002624242738802434
0.00025028964420320033
0.00023612880832763912
0.0002555789325126473
0.0002403422546965951
0.0002538847200939784
0.00026162559979364924
0.0002610789685895941
0.0002618457312686526
0.00028592359779286484
0.0002878826118607608
0.00026450300878382645
0.00026289203481919725
0.00022629481750360156
0.00022725997268728478
0.00022940960712074433
0.00023439925470276335
0.00027541435186442917
0.00032710390099418695
0.0003273809980694142
0.0003262925348319309
0.00030693026960083543
0.00029193573794802
0.0002890137263041996
0.00028696095217664586
0.00031580625334536754
0.0003267756880469703
0.00034667101146100706
0.0003307124823033965
0.0003151668391418851
0.0003474155922152717
0.00033541872265779513
0.00030258690113075235
0.0002704634552247151
0.0002972402122189404
0.00031446655592988655
0.000275971544798546
0.0003030381187852636
0.00035257289171938464
0.0003866495620506514
0.00041130238964399144
0.00042112422161136206
0.0004115302697729125
0.0003925070237125078
0.0003550274968584471
0.00034328223217251644
0.0003303450819182701
0.0003504733120727263
0.0003657395208729398
0.0003583939512231396
0.0003621916383496897
0.00033617113026466236
0.0003577661910517259
0.0003667879516554935
0.0003743089854054476
0.0003831174442243684
0.0003872146596107698
0.000348977317026688
0.00030718129161403545
0.0003068708298954784
0.0002839636925277491
0.0002700138046394955
0.00026562179692609473
0.000257778425413435
0.00029851279406788807
0.00029573226310435747
0.0003112078299916445
0.000341994806729213
0.00033380361531308664
0.0003542681342599046
0.0003319826685094047
0.0003301265786340179
0.0002762511145729781
0.0002416699014575452
0.00022159236290524972
0.00019139342849289214
0.0001855230225273401
0.00016919711833447617
0.00018077883800217051
0.00019712235161741537
0.00017288715876644822
0.0001798306283602907
0.00015384275024685044
0.00014700386287044674
0.00014414041596952712
0.00014072539241698245
0.00013321379515858055
0.00010537777805091645
0.00012011321602069438
0.00011979177526263377
0.00011898360625091394
0.00010807267847991939
8.175939236642412e-05
7.84810205956068e-05
9.118180018780127e-05
7.284069540969726e-05
4.476194069617368e-05
3.2776593358418266e-05
3.894328852526192e-05
3.687873582205289e-05
6.045652072579941e-05
7.332014064838173e-05
0.0001001525425928215
0.0001257496710695635
0.0001471577447749806
0.00016049571225453132
0.00016711045966286576
0.00017777731024592859
0.00013528354250451702
0.00011211917206714245
0.0001132470200006954
9.986209323898615e-05
0.00010172047154873579
0.00010725343633598225
5.642142184239261e-05
5.252437147667787e-05
6.861523026596461e-05
6.574393060403254e-05
6.343710567174408e-05
7.904552404107162e-05
8.367126025782863e-05
9.080047319705238e-05
0.00011223819748164974
0.00017284935594868642
0.0001920939715584014
0.000214287985013283
0.00023546844264136322
0.00024733222085676545
0.00022795303324980092
0.00024428358917923576
0.0002649604108918267
0.0002716376485136458
0.0002705370920691059
0.0002480425716705609
0.00021200897520797478
0.0002607450618390223
0.0002598162138716154
0.0002454866048489565
0.0002116858124270503
0.00023865331318103654
0.00022869877047900078
0.00021509258205899628
0.00024337068314816808
0.0002646028830068593
0.0002582545416803055
0.000273295957250895
0.00027683966612667067
0.0002964100249956865
0.0002644266832120794
0.0002656809656659774
0.0002767578312923277
0.0003120286591770023
0.00030883083592543744
0.0002653458713064436
0.00024372404249788652
0.00028874148266693134
0.00030381120150995854
0.0003129660987096807
0.0003416901236345936
0.0003211329589126818
0.00032205562299823646
0.0003164215590095564
0.0003417635782690304
0.00034436244179577056
0.00034100347477283063
0.00035259733445833436
0.0003390017998706346
0.00036715080265154517
0.0003910884141256764
0.00039135283981951106
0.0003981918397323929
0.00037587257547648674
0.000331669465012375
0.00035485092163379736
0.00033432820016606645
0.00033959242631380294
0.00033917858082941217
0.0003296691416373763
0.00033199189193180436
0.00031942458452374886
0.0003019966989742521
0.0003136130018451949
0.00035151954937292574
0.00039400488499466603
0.00038534986168855336
0.0003916613661980697
0.00040947864498772226
0.0003915406971481129
0.0004003874892557417
0.00043086228447373256
0.00046021470084664344
0.0004721499527100042
0.0004677271248338434
0.0004738356833846787
0.0004740438844956171
0.0004276350523419202
0.00045469091539566644
0.0005088139631787346
0.0005106820744935574
0.000478340342206466
0.0004835309759258467
0.0005252162009064115
0.0005769143492992899
0.0005622838363105481
0.0005274951915653823
0.0005294601953886416
0.0005402913276555415
0.0005611445983041172
0.0005603098266597624
0.0005485773976625613
0.00055934070947047
0.0006006346620332355
0.0005970016145308063
0.0005792977448654637
0.0005782386505019564
0.0005620295019796873
0.0005744269081269505
0.0005488762133060467
0.0005379072590826947
0.0005332213302398643
0.0005174947737693025
0.0005237078961365469
0.000515347766728048
0.0005049902185114727
0.0004815903515568374
0.0004966831984995908
0.00045801985099896085
0.0004519885384322856
0.00045545593242905764
0.00046244772925115783
0.00044611741008866593
0.00045936518995284397
0.0004552601296446286
0.0004638960470378365
0.0004619725815349631
0.0004089004475097309
0.000399369857121667
0.0004002651692065101
0.00039717209176311197
0.00039872028631398986
0.0004272252310474764
0.0004219669761549745
0.000431107160665901
0.0004569077908817443
0.0004346462920747637
0.00042906880988651094
0.000439475516223947
0.00041967339658555115
0.0003974344124069528
0.00040149102873145593
0.0003779097089471813
0.0003869251589621098
0.0003999607563949923
0.00039294219310581445
0.00042127597185723833
0.00044344688694495244
0.0004349688152888216
0.0004487147297210841
0.00042267675611319254
0.00040980974380142786
0.00040167679089657225
0.00039551780012059913
0.00038195439205253724
0.00041418664247590276
0.0004425099736538757
0.00041417732466213523
0.00040555906187144677
0.0004043629907452861
0.00036219912283196965
0.000341164850693064
0.0003291858844338538
0.0003118394736539652
0.0003726078714801021
0.0003915132919881973
0.00039665412485922677
0.000395664197571181
0.0003904061358734097
0.0003581944674049544
0.0003812311821416787
0.0003720522812346099
0.00037129958293499017
0.0003652929990759245
0.00036777176240466156
0.000379900502561095
0.00035205980403622795
0.00037325930668527453
0.0003456067133956417
0.00035528231843400335
0.00038755965982930057
0.000363199159674868
0.0003418868264644492
0.0003066999400975369
0.00032328525592360987
0.0003382027741333614
0.000327669355514126
0.00033599694448236837
0.00030799790096924513
0.00031299413079518884
0.0002944137333593781
0.0003086636144767357
0.0003188428085776799
0.00036194843657582406
0.00035661352316882877
0.0003529144334507902
0.0003514068290553246
0.0003429016169076393
0.00033557753272636404
0.0003231437868560862
0.0003171227773664533
0.00035128389498538965
0.00035250002464753467
0.00037766024876368504
0.0003976644979661587
0.00037072963610941474
0.00038188566984036297
0.00039911715511309917
0.00039119607759013637
0.0004055820319493049
0.00042946370602657205
0.00042774993523738623
0.0004224136315481809
0.00040592937572034245
0.00043439087677011256
0.0004429946054200709
0.0004023948239836369
0.00039406798007467615
0.00042953141513477695
0.000425263993780709
0.0004173901208212672
0.00040961886968434336
0.0003861602389420842
0.00038835192426806784
0.00038035440324507916
0.0003769035131758892
0.00034524883758235106
0.000360504008229775
0.00035485714028615973
0.0003342266968378736
0.0003400320899497141
0.0003560754380640073
0.0003497397043729186
0.000353583974975884
0.00034002818596517244
0.0003159903211062906
0.00030608941348277694
0.0003271281139388025
0.0003032559045410841
0.0002844218801635233
0.0002757308859957662
0.00027709008997804337
0.00026670487622520664
0.00024339887267267862
0.00023905213838638592
0.00021607323037331299
0.0002004811351885276
0.000200313893655518
0.00021531243727333888
0.00019339642568380695
0.00020679590776838104
0.00022533154169486098
0.0002246972487896615
0.00022460661481848984
0.00022585786173173918
0.00021638193990010222
0.0002018506314263604
0.0001999267335041032
0.00021730009889847136
0.00021426428098908644
0.00025367893056844383
0.0002793477014736803
0.0002742616902358659
0.00028032042202682627
0.0003195111798146576
0.0003336056329005354
0.00032614215386969153
0.00034944206163193116
0.0003668019921410238
0.00035902971748143686
0.00036144961580766605
0.0003476788299929382
0.00037760564627410345
0.000372422434017967
0.000382413900824045
0.0004166686692530957
0.0004326485317441598
0.00047493532856945214
0.0004725605307900282
0.0004790265463245636
0.00044156880906405304
0.00046832271582612723
0.0004790102332741748
0.0005010933469000859
0.0004946513136943152
0.0005086597926836126
0.0004982600234277114
0.0004981419950487492
0.0004595324335768839
0.0004409016286844431
0.00042899825961533193
0.00041514650672017984
0.00040982706045429313
0.00039193770280719555
0.0004115801486695175
0.0004102634038220451
0.0004054931911693876
0.00039645750575966935
0.0003806565690295181
0.00036010486398211554
0.0003512882456092134
0.0003261511357478193
0.0003446038473641022
0.00035746711521951886
0.00033387263180474104
0.0002997727824743594
0.00030715455969970685
0.0003011695523140453
0.00028739249790610884
0.0002949566825554288
0.00032502218027869617
0.0003158961687834737
0.0003013148519302591
0.0003128445877018178
0.0003175278367112871
0.00030859512472950596
0.0002985628186207072
0.00028715127734646424
0.0002658437409913223
0.00024053675355836904
0.00023517160844339506
0.00020088782492619548
0.0001738908928411003
0.00019214579883138362
0.0001982226472663499
0.00021876770943656318
0.00022427666245979842
0.00021271845379398043
0.0001848188307138777
0.00018024799173324563
0.00015666590927635926
0.0001705866820737824
0.00016869092214325063
0.00016715789373755198
0.00017379488629958611
0.0001807351856780959
0.00017645583655036555
0.00019266090994231335
0.00016627881006970962
0.00013882676844167657
0.00012715241691687803
0.00014209968483195855
0.00014336399282933288
0.0001443451626305927
0.00013096534031371246
0.00016557042231829733
0.00015755146975242348
0.00016712477183529896
0.00017856115085612475
0.0001623690270565235
0.0001567899255376274
0.00012944138075577993
0.00012864910805425242
0.00013592829149931305
0.0001361086465567229
0.0001069635416908299
5.8553798750377384e-05
5.42688917508472e-05
6.036483107121749e-05
4.109611498168702e-05
6.513420196323482e-05
4.379350399799907e-05
3.922640730970517e-05
5.290958728085361e-05
0.00010071337909550154
0.0001170607113212186
9.304704490728069e-05
7.337633307665393e-05
5.959821075263481e-05
5.710478383461723e-05
5.438883975723022e-05
6.74301791172156e-05
7.010081283561858e-05
7.607265491237997e-05
9.358018448677413e-05
8.134695480902936e-05
8.191178919394457e-05
9.657933856182461e-05
6.77163663098554e-05
3.4679564912063035e-05
2.5992816186915763e-05
3.853688601423042e-05
5.873101441951158e-05
4.9136466833368964e-05
3.5924298279984334e-05
3.5524465697902916e-05
3.73081040496075e-05
2.2550547598320075e-05
3.380030321252025e-05
2.6519079541894814e-05
6.043667322741686e-05
4.356481070516811e-05
1.3486675453245375e-06
-1.0753226539213051e-05
-5.280843444018943e-06
-4.119847946833523e-06
-1.1104342607056021e-05
-1.5081143364523939e-05
7.443333166394853e-07
9.869708241789045e-06
1.391970663316954e-05
5.164515615843289e-05
6.50858158862003e-05
7.471480271670061e-05
8.557590052916341e-05
5.892703760952731e-05
3.297731044389998e-05
6.060186220980339e-05
8.223627462247751e-05
9.728114448321785e-05
0.00012918061166381276
0.00013732911357567363
9.778104034467617e-05
9.729670552440623e-05
9.131092615517766e-05
7.421358512581312e-05
7.566855237730473e-05
7.403953428899274e-05
8.752818632123868e-05
0.00010152890054470877
0.00011277957245308163
0.00011577837819021821
0.00012701190949814683
0.0001285630232435004
9.726792716434506e-05
0.00013160569250356867
0.00014090042541039778
0.00016184233295095897
0.00014930031859104859
0.00014084111291072155
0.00013171178443476355
0.00013653005751645302
0.0001489829657799691
0.0001504975643971714
0.00015414628903125973
0.0001680202512538696
0.0001885315609790276
0.00015396889258604147
0.00015073273692342744
0.00012327878687234655
0.0001420817835983399
0.00012889630112402912
0.00013032979568475598
0.00011994884864566665
0.00012192302426927595
0.00011657873919027111
0.00011926895032919233
0.00016498521903445662
0.0001759020522373803
0.0001807086408141654
0.00018017759845106958
0.0001648865856444304
0.0001484341731554619
0.00012581534813891514
0.0001109343288773526
0.00011231092611573368
0.00010876832552486402
6.424602931915649e-05
7.651967094318403e-05
0.00010601236732690151
9.927245728549936e-05
0.00011356991891571991
0.00012137772417651494
0.00012093667247466205
0.00010075811068306425
9.388678214297562e-05
8.44086588191978e-05
7.668533401124908e-05
6.177525133906527e-05
4.5615014292150826e-05
8.11082418351767e-05
0.00011076266414580886
9.679952208579978e-05
6.570260665953056e-05
2.936759321007496e-05
1.5478188966684223e-06
-2.0797314232405014e-05
-4.349387856594027e-05
-3.756244975827484e-05
-4.284686770657527e-05
-5.470062293561579e-05
-4.485453563620714e-05
-4.911791093580193e-05
-4.331686831279341e-05
-4.930714866662324e-05
-6.868833091091392e-05
-6.712106431375235e-05
-5.3942278054806494e-05
-9.474121548353837e-05
-0.00011188481229344537
-0.00010353096546444509
-9.332984873729835e-05
-0.00013360887550347436
-0.0001392130529559525
-0.00013128501718621242
-0.00013218525998429662
-0.00017281964211316234
-0.00017689841177083698
-0.00017802501947428975
-0.00016967710599932132
-0.00014706884892574929
-0.00013277930357389684
-0.00014406371329577823
-0.00014118938868239774
-0.00013962277920390986
-0.0001256071738177035
-0.00010770173396878982
-0.00011843182446292492
-0.00013312714350684446
-0.00012859889863084747
-0.00012965893656393204
-0.00018719856507823067
-0.00021632577719910066
-0.00021502360348367908
-0.0002111112304543059
-0.00017946712130688283
-0.00018792202112234368
-0.000183192487512449
-0.00020474052530051787
-0.00019366072168873317
-0.00020499989189136803
-0.00023349521071259506
-0.0002333077135831495
-0.00023648437763763223
-0.0002119663315646338
-0.00018982445510555774
-0.00019693717564979454
-0.00018262572331209504
-0.00018298144337911752
-0.00018896751995067034
-0.000219250846858564
-0.0002202971281237786
-0.00022419242411812854
-0.00022700249818284672
-0.0002060798006843926
-0.00018482907874639988
-0.00017997713393974816
-0.000173259578979899
-0.00017070627783457912
-0.00019387308056562357
-0.00019584365712850912
-0.00018982126400176553
-0.00016536599917162266
-0.00011840075849911096
-9.301140339337126e-05
-7.1097237908243e-05
-7.700465529510023e-05
-7.746178625647773e-05
-3.7651017307139624e-05
-4.492288697790387e-05
-4.290608276485039e-05
-3.939353149117734e-05
-7.339577002216181e-06
4.504267785776953e-05
8.8278264767929e-05
0.00014656498283826326
0.00015904200152336867
0.00014260727874392939
0.0001464796632606096
0.00018073807612183093
0.00020139744722513753
0.00018151012112514977
0.00016676101307472386
0.00016506132487263044
0.0001574656648044885
0.00016394556974599174
0.00012277830731911794
0.00012390123651721908
0.00013452133139409944
0.0001277860430963407
0.0001632123722821497
0.00014109690193904548
0.00013761060977841326
0.00016076652902971577
0.00012365475734939962
0.00016858588405127436
0.00018521552602827746
0.00017992604614241805
0.00015812810972864875
0.00016637895901642892
0.00018989947628606402
0.00015994699397475816
0.00017744985827096823
0.00017411216201078955
0.00018540182143520848
0.00019062234988490227
0.00018758704364653316
0.0002133380482967699
0.0002280479758614344
0.0002747508091057836
0.0002744079885368753
0.00024350197507475753
0.0002504578669538537
0.0002539800026092744
0.0002737188053339634
0.0002766044745315859
0.0002649917829156488
0.0003032008550640996
0.0002990520037147908
0.0003184521450768054
0.0003062246146922727
0.00030525525910630785
0.00033242377999300626
0.00036646691720223503
0.00039898001018200114
0.0003921521674895037
0.000351909538701777
0.00035584902293397393
0.0003368777994367663
0.0003086096158192728
0.0003007841329251503
0.0002925157171263092
0.00027893219637806747
0.000301857586691007
0.0003229556373281915
0.00029456239403559593
0.00029097100547112307
0.0002920830221465877
0.0002825289406619843
0.0003105329087510441
0.00033236604475449043
0.00032186489575291384
0.000344472728505259
0.0003624296273188332
0.00036047133829171117
0.0003655016884149384
0.00035837418788246377
0.00040398037042648047
0.00041159226906396226
0.00042998259781295396
0.0004375016691303032
0.0004432162868835391
0.00046212594066934436
0.0004793570069319252
0.0004782526934989527
0.0004733955844465776
0.00044588448924635097
0.0004619822890685728
0.0004888487948480473
0.0005009507766627786
0.0004985760407089353
0.0004791415069425576
0.000486089771653241
0.00046694888976344615
0.00045937957834545887
0.00045181790633992035
0.00045851571612219155
0.0004620794375543417
0.0004306889326779633
0.0004078660418925268
0.0004274168599353616
0.0004248669972778524
0.00039630685431454264
0.00038014829534121705
0.000357723954158352
0.0003266069705416105
0.0003279467462573946
0.00031253846064135417
0.00033371643052921966
0.0003173400801174468
0.0003072450740403807
0.00030161273925464815
0.0003102734241357758
0.00031197487697492163
0.0003318669478428389
0.00037627400768146637
0.00038364034752699555
0.0003681564938118818
0.00038702178930217606
0.0004235387192463533
0.00043701217958803246
0.00043612354943297574
0.0004289429022564716
0.00040039480711082456
0.00040990778702843254
0.00044556095713646607
0.0004603571670373868
0.00045094583583073775
0.0004466661318308771
0.000483573737836175
0.0005274606344260228
0.000562879636890563
0.0005569714175349567
0.0005342631841292196
0.0005289602513023547
0.0005375345538206728
0.0005325865556211698
0.0005483240267688462
0.000530733117174449
0.0005421763791973222
0.0005400715395362343
0.0005226415253343195
0.00048529477488866473
0.00048545310960689523
0.0004735291914747525
0.00048114904769435123
0.00047332751409767074
0.0004621601426401387
0.00043944743549949956
0.00044471083404292464
0.00042829925588329246
0.00041324214879912653
0.0004298681229450132
0.0004355076577547383
0.00040526020029343007
0.0004086392476502459
0.0004259817881425504
0.0003986575781655957
0.0004167217737810444
0.00040409375138135417
0.0004289526161020521
0.00044095112465210794
0.00042637845220814337
0.0004464272924704499
0.000433994343112019
0.0004131015439855034
0.00041556506424233737
0.0003981056427745659
0.00037687373915674754
0.0003791308855000111
0.00042214575768561224
0.00042915780228639736
0.00042226777799098006
0.00042857828627448794
0.0005002710441147451
0.0005040189185128645
0.0005372860566153022
0.0005494904887187159
0.0005838298357916758
0.0005746165656129743
0.0005860491141621583
0.0005785531583452487
0.0005905030806882779
0.0006504485515742847
0.000628517329619974
0.000627941288970496
0.0006822394248377837
0.0007011012680370836
0.0007025576654179554
0.0006950608070555901
0.000643457551729465
0.0006300003987777516
0.0006349354968176299
0.0006396374757714064
0.000600828513939462
0.0006226778197284616
0.0006156637438059014
0.0006030832015100373
0.0006201924648029098
0.0006424825264841737
0.0006665089581195873
0.000681085318080592
0.0007138580504041678
0.0006923999321692176
0.000734949062598231
0.0007454747158742814
0.0007430436463140163
0.0007510478318514429
0.0007165920176696037
0.0007030247330051837
0.0006627878306477604
0.0006348544022873426
0.0006398875548842668
0.0006353784893056759
0.0006457586024805058
0.0006609471095032043
0.000689518806038123
0.0006782251436631679
0.0007058444726043701
0.0007084655219834134
0.000686899914540846
0.0007005807519814696
0.0007258748115939618
0.0007220906099318016
0.0007017277087163253
0.0006909879531215897
0.0006892510243282695
0.0007048414429167672
0.0007214778796012862
0.0007507771775619522
0.0007832452748025313
0.0007711329269457064
0.0007511694198448546
0.0007302682465120342
0.0006874104233589128
0.0007185199880681494
0.0006930717394993873
0.0006788599742905419
0.0006744143109727569
0.0006602957235465103
0.0006722345422483522
0.0006822535689742939
0.0006931276899321236
0.0007080612500041362
0.0007065370930710673
0.0007033778391532681
0.0007278613845534419
0.000723470994840479
0.000717450879437563
0.0007287154039344257
0.0007233460443771826
0.000714924086008383
0.0007278424056453984
0.0007076050898688051
0.0007243043308718335
0.0007472770760280526
0.0007443161011285002
0.000733152594133215
0.0007040756735433818
0.0006964700706134046
0.0006953632081701995
0.000697934247057529
0.000687513304019899
0.0006988238412703295
0.0006557720799973968
0.0006196015797186173
0.0006352421658528799
0.0006380656828678093
0.0006393678360473661
0.0006672744964756879
0.0006619407368240022
0.000665542536635777
0.0006559499125420969
0.000644234426936839
0.0006249347011774724
0.0006180763405885821
0.0006563153241061789
0.0006972986176052645
0.0007016049069867535
0.0006806724562647703
0.0006666569863303511
0.0006843480570604063
0.0006894300043527936
0.0006572757290801463
0.0006532605265201113
0.0006583331056733014
0.0006683068108917841
0.0006699989841303482
0.000693015636759696
0.0007097817311383839
0.0007191280895149341
0.0006932807514042963
0.0007218120826244795
0.0007379151669198688
0.0007300806602284593
0.0007304787609175687
0.0007463374735500049
0.0007348801700778225
0.0007248553929130262
0.0007122542524527751
0.0007167958780451652
0.0006830045999670444
0.0007192138041497848
0.0007224180074924195
0.0007228305119083123
0.0007610644761586022
0.000749461551897842
0.0007590229611044313
0.0007170378471017984
0.0007307179407782718
0.000733963223300632
0.000751409656169516
0.0007625768210344846
0.0007365692756293432
0.0007499829425820798
0.0007657329791685776
0.000771634693350543
0.0008209030551842668
0.0008500931867128395
0.0008560622942499977
0.0008487784683036137
0.0008487995666408885
0.0008307759941207664
0.000843013321861891
0.0008434191237241986
0.0008469325370492849
0.0008440973820945375
0.0008493757529829905
0.0008575765005299142
0.0008486579240396545
0.0008355842293691207
0.0008430437670364803
0.0008942611059245266
0.0009344991999615834
0.000923492309542221
0.0008960369167977166
0.0008661617910111821
0.0008745376696156363
0.000873690877259619
0.000914543764143057
0.0009193758488187857
0.0008920396933312996
0.0008687740466161016
0.000854018286336676
0.0008517664209620817
0.0008337534111404391
0.0008489383151416681
0.0008324166236008773
0.0008002753999635473
0.0007792227371646035
0.0007900887488988468
0.000812150341019799
0.0008086041164014382
0.0007838248533225257
0.0007428117067428151
0.0007241769508049241
0.0007276460005695607
0.0007188251660770924
0.0007100974160315734
0.0006983470860300325
0.0006700701551306954
0.0006281286102743933
0.0006222128692452601
0.0006229763992108975
0.0006294400790458917
0.000598436208491878
0.0005985774149692157
0.0005888163402633384
0.0005788088028649192
0.0006045491229134455
0.0005972314127738934
0.0005881665060254875
0.0005910252906669767
0.0005411718931292067
0.0005268613595958968
0.0005382678728945839
0.000518956813129256
0.000490425634230368
0.0004913325583165177
0.0005064456247117616
0.0005223676584656929
0.0005576758355018193
0.0005935458900826256
0.0005814664299243201
0.0006097125722460928
0.0006032728205087867
0.000568335188382188
0.0005653628898484614
0.0005616477607014872
0.0005670037571471156
0.0005397872545003234
0.0005417516321653068
0.0005602623501347389
0.0005422187734846148
0.0005267039211727533
0.0005125574161697107
0.0005218758689835688
0.0005740316505331654
0.0005960315599395583
0.0005979225269896011
0.0006015055344478803
0.0006136806113176526
0.000604445546052879
0.0006343819985212036
0.0006429831174655325
0.0006566513588004419
0.000643706313577398
0.0006250994970443892
0.0006450412763268948
0.0006714824974485696
0.0006607707757161486
0.0006333420127582732
0.0006258625577501703
0.0006335094009008342
0.0006352591432354125
0.0005989669289289023
0.0005843713809894709
0.0005591965946735264
0.0005245842750055061
0.0005408225480691464
0.0005317265959862414
0.0005482027745269191
0.0005771454412520479
0.0005760872191248457
0.0005908806180859428
0.000561213014765156
0.0005875574006152817
0.0005707256404606848
0.0005656617853986286
0.0005799963786477513
0.0005524477377258898
0.0005530794023604273
0.0005565979142380473
0.0005566722923699947
0.0005841791803652607
0.0006335946022878926
0.0006492769870390221
0.000668209432302067
0.0006951299646285437
0.0007144695365539002
0.0007191015772083258
0.0006907249902514389
0.0006838176656928476
0.0006803383400884018
0.0006811365395003558
0.000691866347455494
0.0006816838391357172
0.0006476578031328294
0.0006016424666235605
0.0005692090126808311
0.0005466103460523513
0.0005706136621967715
0.0006083132217682464
0.0006247249132606982
0.0006481360082120791
0.0006700377551858522
0.0006406569646152805
0.0006445499737207923
0.0006251702241590295
0.0006227976322823734
0.0006118465440653168
0.0005826888823560151
0.0005554834224589158
0.0005494378262651672
0.0005056020709633332
0.0005120367256429524
0.0005473119798465156
0.0005235243622823191
0.0005508415173347229
0.000555508686138484
0.0005592313104565019
0.000579631083009042
0.0005989768038894808
0.0006186481613517067
0.0006157950580164247
0.0006246382877815228
0.0006313545583728234
0.0006293351223151508
0.0006004845341224316
0.0005790291786158211
0.0005587014075796
0.0005836365672458514
0.0006083254444983212
0.0006081781179279905
0.000605719841968253
0.0005998630446551721
0.0005752011275945494
0.0005683384906479574
0.0005923062201823717
0.0005916629449058621
0.000621901181930292
0.0006014952954921828
0.0006035411564148398
0.0006260821835576697
0.0006502243550025608
0.0006674228887860746
0.0006687598038011549
0.0006408747146402023
0.0006138239364250199
0.0005784202329569754
0.0005486063004870191
0.0005135610647628288
0.0005204204977593138
0.0005634193765346493
0.000568929497170827
0.0005753731581928277
0.0005529639897686275
0.0005616717409002356
0.0005661784623914696
0.0005797460315111236
0.0005515312652426372
0.0005347710546852822
0.0005411877258685149
0.000535468613787617
0.0005267006659990475
0.000544649069136918
0.0005910813629212619
0.0006418760786536491
0.0006422875528533697
0.0006133779027453126
0.000564699753912994
0.0005599374489102538
0.0005375698910331472
0.0005593437471545254
0.000559481453718057
0.0005697860584062147
0.0005568002458560141
0.0005740415132271047
0.0005700146192808984
0.000564969931518798
0.0005481750725421554
0.0005632813259415463
0.0005708004251425725
0.0005276366321124863
0.0005348070211008505
0.0005453053132759875
0.0005227029805253302
0.0004960193320411197
0.0005118045516377958
0.00046693853595613344
0.0004511212470489939
0.0004468038168481714
0.0004272535646989529
0.00041759577715896987
0.0004204210512682473
0.0004434325767609568
0.0004965737218869666
0.0005009808261357213
0.00046953879362656814
0.00044539813569853255
0.00044714883224632
0.00045081401171668324
0.0004498187265568515
0.00046197248760822273
0.00042827265673970217
0.0004112204861344205
0.00041823002964672476
0.00044067842104356217
0.0004684385627935269
0.0004908700283278033
0.0005239378473955994
0.0005327165188829951
0.0005460045875463586
0.0005568955382280053
0.0005707463988588718
0.0005731762975695689
0.0005827965532999963
0.0005490435151394026
0.0005745375818313459
0.000583928617647615
0.000596726066071781
0.0006020169199371662
0.0005776053227674407
0.0005735906665561973
0.0005778555635663446
0.0005791319136295677
0.0005827399192455476
0.0006139678671063576
0.0006281063864532743
0.000614807473022041
0.0006207154217249061
0.0006305498904908122
0.0006363721573524231
0.0006443159525209564
0.0006360601305320917
0.0006613031325208742
0.0006902109936700803
0.0006765007167269402
0.0006781714770443782
0.0006543844066565463
0.0006647426580797189
0.000652551608405429
0.0006743519811915282
0.0006363571407837943
0.0006541551211585419
0.0006762903130003746
0.0006436072328487943
0.0006126399614806659
0.0006137018102454101
0.0006091666466815108
0.0006336269221289515
0.0005957778240870754
0.0005848654517743526
0.000585788330794004
0.0005684716591369868
0.0006069030833553671
0.0005982976843937947
0.0006107818299812828
0.0005767486302849774
0.0005668700156358938
0.0005428046522078748
0.0005730994826447003
0.0005826282654187206
0.0005725468137735557
0.0005618360974825262
0.0005600496481744002
0.0005937999759380478
0.0005627611941996147
0.0005587812402306216
0.0005616086897736545
0.0005434368664359707
0.0005361366319335328
0.0005061103584049042
0.0005136059002198348
0.0005168278979375538
0.0005514574796588712
0.0006060415757036606
0.0006301929108130948
0.0006200584971881106
0.0006036102984981349
0.0006211458041743038
0.0006383639055594112
0.0006520704428611592
0.0006271719527558956
0.0006277937627140042
0.0006365144202367819
0.0006550051539000808
0.0006421039108013226
0.0006206394580865162
0.0005992232068210259
0.0005982308101856389
0.0006295476323394882
0.0006197252885299998
0.0005787488531712614
0.0005515127883661713
0.0005499999044890303
0.0005805028890843632
0.000597533608232413
0.0005843011373022971
0.0005768459708616421
0.0005842830354436967
0.0005834242266478552
0.0005991894150844303
0.0005526397373300253
0.0005692806212703198
0.0005840908075187404
0.0005712997935405334
0.0005964222374939827
0.0005964626639526527
0.0006424101223857519
0.0006874767103031771
0.0006840073059533687
0.0006657765847259607
0.0006711864237561203
0.0006660602593593109
0.0007025435425634093
0.0007213397362642357
0.0007227234700166061
0.0007257416504156137
0.0007556419534837245
0.0007605234789575656
0.0007297997221535303
0.0007383789194970222
0.000728586436426095
0.0006836490459218108
0.0006532394624427675
0.0006761563449898427
0.0006592475074839166
0.0006479592949188465
0.0006599111561235352
0.000633923611026598
0.0006412986343399266
0.0006364885730295763
0.0006567908091877417
0.0006382793376162809
0.0005687414190606833
0.0005534539860642077
0.0005700439026151772
0.0005433593089999763
0.0005415038458919282
0.0005535972861432828
0.0005412815135789695
0.0005503681810742828
0.0005571895531164433
0.0005635550151841808
0.0005515266624812993
0.0005690689660284249
0.0005538021528959367
0.0005594587054068654
0.0005474492802594186
0.0005699219295652775
0.0006120149090960645
0.000621032135635589
0.0005589809984931147
0.0005708407916314756
0.000551341610348256
0.0005454225193697053
0.00056196118074641
0.0005620621586188646
0.0005781411510271167
0.0005570440009535181
0.0005427439875346935
0.0005373315136628284
0.0005509093140417178
0.0005194379258266458
0.00047177366353672175
0.0004889025529092384
0.0004875654667447533
0.00044870219076921937
0.00044182221303036085
0.0004383638362649118
0.00040257604564597905
0.00040547083514267914
0.0004063448861362693
0.000395751321635556
0.0004247057995264064
0.0004448496649843381
0.00046343126282311206
0.00045737857701475454
0.00047005649298246735
0.0004820628447185606
0.0005057791123985256
0.0005391124372992216
0.0005566035237279302
0.0005483336183252892
0.0005645412921306259
0.0005826678180602229
0.000619414432306265
0.0006220419874751763
0.0006069830340441032
0.0006089300127307602
0.0005550341838751064
0.0005453864032497161
0.0005429217411897842
0.000501733675954794
0.0004587050901038543
0.0004742053432346702
0.00044482098110764924
0.0004037921277419929
0.00037326605595890453
0.00035652357558541036
0.0003421194596627945
0.0003627705110561311
0.0003698981943541542
0.00036337162521853393
0.0003616625237946897
0.0003762739825065627
0.000369484172887622
0.0003327788699817352
0.00033293590553988935
0.00033293861672345514
0.0003271904327312587
0.0002948257574897754
0.0003102874499921028
0.0002941097860037822
0.00029918559256156274
0.0002921621623583806
0.0002538671758544141
0.00023476218162964016
0.00021922709529033702
0.00019991163434430342
0.00017686333392418114
0.00017413751791076093
0.00014619599914367196
0.00016506700876621456
0.00016830351068551391
0.00018074758581212852
0.00017687036848340105
0.00017709254920303136
0.0001899400280061265
0.00019124986098414818
0.00021478248754091162
0.0002025540951501723
0.0002179740254216241
0.000200921236313465
0.00016726611468749356
0.00014979923252089343
0.00011154376408141179
8.431925099681158e-05
9.281931534164576e-05
8.499961864980939e-05
7.668645919203459e-05
7.768466563934786e-05
6.693707042174453e-05
3.87773871309472e-05
3.1489185711418265e-05
4.0342582149299375e-05
2.962706924535372e-05
5.0173420503196535e-05
5.557021388629581e-05
4.6457638373878396e-05
5.2587695546045256e-05
6.791070773337876e-05
7.927884919460779e-05
0.00010161315979781068
9.270482805887314e-05
5.5128371145511424e-05
5.105921662811849e-05
8.5180262837248e-05
0.00012563423523420252
0.00012636355378265168
0.00012368646629142306
0.00011339472141146906
0.00012786912425972086
0.00011342133679368465
9.622042187556277e-05
9.243331129939934e-05
0.00010015691048408261
0.0001233064229210177
0.00011296010797192356
0.0001032077197470319
0.00010077945882668677
8.207918834793851e-05
9.149793987279097e-05
9.846550732312446e-05
9.558405851650101e-05
0.00013220939320152057
0.00016969384147001167
0.00014595882891720155
0.00015234943718783398
0.00016252539740793526
0.00015265970787375048
0.0001737775611573214
0.0001712849072942745
0.00019667573859423392
0.0002082410812110836
0.00022280113551126636
0.00021632403933522366
0.00017098704476294942
0.00016193097061470102
0.00019306278557785724
0.00020195167552248508
0.00018635068348483663
0.00016378330686476995
0.00013296714294828489
0.0001354678557368509
0.00012586560678790585
0.00011086098114162775
7.690843799679163e-05
9.84180790790848e-05
0.00013332211036247443
0.00014573591112646402
0.00015495829697035463
0.00011787090547341533
7.249803457009965e-05
6.971678039528916e-05
0.00010220983560572833
0.0001422473703346466
0.00013353928076242368
9.430543740612404e-05
9.637492221535255e-05
9.669512665539344e-05
8.049566350320332e-05
6.231292972178659e-05
4.221626654917461e-05
2.9558108150982924e-05
3.304596271484035e-05
4.228895001978563e-06
1.159492657326714e-05
2.010568262976513e-06
1.1617083631685704e-05
1.3974635361948504e-05
1.69795157654482e-05
3.2469925855261846e-06
8.801107094703046e-06
2.2586490816523956e-05
4.0416220184639714e-05
6.444481961825465e-05
7.256914786166519e-05
6.986759746560036e-05
3.989263797129743e-05
6.229968409010936e-05
3.139860247327122e-05
3.687828755238404e-05
8.918291552533076e-05
4.171718782233273e-05
4.0063725841307915e-05
5.2841473770493544e-05
5.429636027717982e-05
1.781443535322892e-05
2.690716414158157e-05
5.760833597744848e-05
2.4817592230234474e-05
2.6756162207033137e-06
9.632855715394545e-06
5.007873193614538e-05
7.407847163323463e-05
3.697567150871459e-05
4.449027497587093e-05
4.205628470146624e-05
6.498348787768656e-05
8.07871975038558e-05
6.131811040549013e-05
4.871212038812272e-05
5.6666394339548675e-05
4.324171604619089e-05
4.8396779434730925e-05
5.081317789457077e-05
5.165102322934984e-05
3.416551266834569e-05
6.983901192460619e-05
0.00010196468899733546
9.908970723817228e-05
9.023665203813398e-05
8.94782841784012e-05
8.493718300511271e-05
4.428043147598041e-05
3.346401366627168e-05
2.250037031526053e-05
5.512658827079044e-06
-2.7950223045765643e-05
-3.622743529313067e-05
-1.809767609299974e-05
-2.4683020357124197e-05
-9.754259168046807e-06
1.7921171221797164e-05
4.110468786648459e-05
5.282500512863479e-05
8.44144762268469e-05
0.000111830613583367
0.00012795539709059767
0.00015328010688248815
0.00016454562723315175
0.00018690872257803216
0.00019561970898066466
0.00017485264547701678
0.00020303778741311322
0.00020992399664511303
0.00021561501703599658
0.00023669177080468159
0.0002523381281346311
0.00025728511052921523
0.0002560723466754237
0.0002905126259294257
0.0002935172931474424
0.00027507621991018763
0.0002463602913643908
0.00020374456943584473
0.00020516534306730408
0.000184087998700455
0.00019039707331680106
0.00021327849278530512
0.00021071096595155406
0.00023863448633999697
0.0002585424338348718
0.00027382604718506707
0.0002352853136991713
0.0002492170894626503
0.0002595744084163482
0.0002450050624709369
0.00026899907524644603
0.00026925680907114347
0.0002751937100185897
0.0002898503028472001
0.0002978549834920779
0.00031354494819704206
0.0003620805780978555
0.00033608450566556015
0.0003410779086138481
0.000350314315758468
0.00036370823819419003
0.0003582569597816946
0.0003477555482122744
0.0003468318324549313
0.0003614124751587178
0.000408572725077209
0.00042318313700420414
0.0004056492559951825
0.0004328452239360008
0.00039252137437834593
0.00040017877116129926
0.00040744266768053374
0.0004099508195364818
0.0003916127389995721
0.0003812488220884842
0.00035986071097782787
0.00035498474159403756
0.0003821743401806435
0.00038859212728107055
0.00036947412971685467
0.00034245868593771295
0.000390488880685229
0.00038757055297728376
0.0003712363120762333
0.0003226332195600867
0.00032540607679831655
0.00031881265356651387
0.0003030076422377397
0.00029653585488120435
0.0002883575956326729
0.0002844135915069547
0.00024130421228758586
0.00024473808472026584
0.0002378900233678699
0.0002276549091671959
0.0002525206067188332
0.00026666387991406993
0.00027223889734492873
0.0002994315258730498
0.0002765009556631266
0.0002597490564974438
0.0002849614840675862
0.00027532945551944177
0.000271761915727296
0.0003019540202648865
0.0003194427021840009
0.00035745990921477006
0.0003608221368617343
0.0003384082612271533
0.0003519025327465364
0.0003221268526065121
0.0003264951953297535
0.0003025000749690429
0.00030833187942952466
0.00030186448147587186
0.00031803115800756876
0.00031771875512037463
0.00031670189452377424
0.00031829373162224937
0.000312260910029013
0.000335365807001895
0.00031194622082627915
0.0003050742684489784
0.0003130518876708537
0.0003243968680796825
0.00031480289036870063
0.0003313433237568823
0.000366554939363487
0.0003738921131083649
0.0004213014869585495
0.00044716522266686744
0.00044450970087097426
0.00042201399472160966
0.00043057529299567735
0.0004302623701828681
0.00044242815293259316
0.00042164366519663223
0.0004150451214966985
0.0004072446049939049
0.00036429067704272074
0.00036241487816056567
0.00035770810944239464
0.00034617190746666284
0.00039197346737498506
0.0003839007558160721
0.00037487733068240526
0.0003797523686698384
0.0003806001422512488
0.0003781761083967889
0.0003976842031130797
0.000408443588399348
0.00042081781131869396
0.00041414369256566547
0.0004068130261655874
0.00039924179617956433
0.0004019288681535258
0.00038659381441579654
0.0004040362646984935
0.0004033752620280553
0.00040000588188044225
0.00040870052626505016
0.00041381725634763965
0.0004111767590242706
0.0003917475784353183
0.0004001488015618061
0.0003917111079176254
0.0003983598981377865
0.0003864923612579668
0.00035216097980349367
0.0003221917103090237
0.00030786825420781126
0.0003318478478976372
0.0003716932589411678
0.00036551566859568084
0.0003447395489047882
0.00037571762022961096
0.0003771366858225997
0.0003814734780092583
0.0003749030426133373
0.00033128770980123373
0.0002879779804728329
0.00029073581467795175
0.00031284424599082743
0.0003505506137551116
0.00038365382265256523
0.0003783940491592456
0.00039686904787287
0.00041260540573133934
0.000435306265542643
0.0004119251580543819
0.0004036283524360428
0.00037333283585631156
0.00038703274197233084
0.000393138508632055
0.0004042094492644826
0.0004236743309755111
0.0004496735886391692
0.0004516613615327095
0.0004644450332473043
0.0005029315789866088
0.0005098799929293172
0.0004937184065963922
0.00047968404438744866
0.00048410862840257164
0.0005127958178775703
0.0005155738210490441
0.0005471726269126144
0.0005396195522090316
0.0005523692498590281
0.000564485374175386
0.0005509425915806109
0.0005534449314872758
0.000570036049957863
0.0005633374655605204
0.0005326129489471748
0.0005175970311205366
0.0005340228172385498
0.0005383216143451746
0.0005231068866165025
0.0005280111484847109
0.0005463475046566253
0.0005246778138478323
0.0005553460260693796
0.0005822186780944435
0.0006010439143037385
0.0005408758682428393
0.0005055444101509672
0.00048136298952572806
0.00048705529825198015
0.0004898024531747074
0.0004884663595634009
0.0004530935273683147
0.00045760610346484113
0.00047939390531340074
0.0004860428935116641
0.0005081133073638902
0.0005094781260739034
0.000515465102390366
0.0004888047200996539
0.0004707685958135782
0.00048295603466335486
0.0005219978235399143
0.0005355164796183491
0.0005346544173833707
0.0005549547619280071
0.0005634940503351032
0.000594205421987991
0.0005984304125980946
0.0005872958829093138
0.0005641277299982588
0.0005483252218715422
0.0005560443572587225
0.0005679873870458689
0.0005537497447421847
0.0005414288560021332
0.0005472677027114815
0.0005642359528300933
0.0005873125862165644
0.0005754834642314704
0.0006025726717073819
0.0005942053568746097
0.0005803023895200434
0.0005966452781098605
0.0006287807323277541
0.0006168980447920096
0.0006232515601542344
0.0006099818359931218
0.0005691978443886402
0.000541388200209157
0.0005467308974408211
0.0005252707085331868
0.000515437466189
0.0005583565778503147
0.0005668280848614537
0.0005701150992399055
0.0005927115994960161
0.0006004467544218033
0.0005824324068395641
0.0005626284244330023
0.0005307856209071084
0.0005458639666505676
0.0005434857277223897
0.0005574812989582986
0.0005443295486021962
0.0005313341288607612
0.0005560896833778612
0.000558035413558928
0.0005461378304637834
0.0005365612878496009
0.0005390709031901407
0.0005305396355875054
0.0005062761925383589
0.0004889524563889456
0.0005136633786433926
0.0004934104876496607
0.0004950956534968493
0.0004840838882717287
0.000500113714499357
0.0005279588925952677
0.0005106856974192459
0.000502229659047048
0.000529292384749091
0.0005571713223895536
