-0.2739144587873958
-0.26117638824305345
-0.23492635953939245
-0.16483499132974155
0.0011920694703813073
0.48515848584714094
0.5575882568108155
0.37419507185537654
0.7268044623412905
0.033356503277407246
0.5043784296854351
0.7099005129432928
0.2985695492984226
0.8293749093936315
-0.1343763275793281
-0.06711560177574699
0.21314790781528886
0.7559795682808153
-0.023435134625879206
0.35894445960713434
0.712861373981054
-0.12619856438405805
0.2363394047548525
0.7803946632469851
-0.22111467868358886
-0.22645598875602047
-0.14793329744501987
0.14337835014854
0.6754968099646957
-0.27160256872234856
-0.07858204578522804
0.416229856927797
0.4438003559314494
0.3640213321366248
0.46976320564677077
0.2375394229390032
0.6359001382254843
-0.2423404182576502
0.04952624632217015
0.6004663884021522
-0.057133619993161494
0.4597349217330206
0.3530028224499434
0.5616630194875849
0.05354551109241583
0.582463095493156
-0.27150407552038835
0.0780209194088051
0.5858320912565805
-0.38596030346278964
-0.3951503332691293
-0.34285518561840816
-0.19890137442881672
0.2300183735772824
0.5258937712925731
-0.06069853317886875
0.48123160215857996
0.038467686541676205
0.5942416471760668
-0.3214350089269876
-0.16472360220016705
0.2768861862484088
0.5427207344429682
-0.03878794230775581
0.5184572089531655
0.02089226738537038
0.5883902147788249
-0.17880432189013484
0.25255885750540996
0.5140009800035257
-0.1305718976272347
0.36919939778066235
0.07184665174936518
0.4919774148394296
-0.4432857778198072
-0.2681214135598572
0.21353933689414584
0.3076756249218924
0.039902495739844585
0.45302079569110204
-0.4326736203402945
-0.21014129391432174
0.30700845354236905
-0.015732199683543724
0.45297617822024905
-0.5095250326819187
-0.4718916280008065
-0.33747768742099815
0.1204650799439428
0.4795577267633565
-0.24555307392483133
0.20340295025977267
0.36678471141670144
-0.029369810571662925
0.5042092534159116
-0.4669631479712296
-0.3721370710780495
-0.05412880743129696
0.5341680988154698
-0.3341574989441774
-0.025223974343061062
0.5449352301701943
-0.3838451778449638
-0.20551439216241163
0.27551894910292046
0.26505694635445437
0.24411949396872704
0.2806105511090377
0.1935822629109879
0.33240677036776956
-0.02290639818140431
0.4921927532069331
-0.5006295197619188
-0.48356043142209115
-0.482314183492291
-0.45384039261330955
-0.4598733640916498
-0.4387200537388929
-0.3609102174476323
-0.17719467841103692
0.32752882754571305
0.1034764157770969
0.47149568174462486
-0.4042502083214684
-0.11639866871504734
0.440520143936317
-0.35273724251895716
-0.001916327752183207
0.5358452396427705
-0.4493880249322201
-0.40371909324479544
-0.29214275892103947
0.11752801854501249
0.49844448156446436
-0.30604665391544345
0.0467639078494342
0.5618847222122395
-0.39537582300467017
-0.38262780301766486
-0.35509987176615926
-0.34606522654661614
-0.2789667401257932
-0.027413197516785254
0.564386481275413
-0.10021570155830342
0.3777643485299229
0.4046257262786176
0.28824039923276196
0.42062169212482875
0.1091921087322602
0.5594198696277157
-0.4181348425312218
-0.35399933133318545
-0.12056404265115157
0.4250257977990318
-0.01375903070045218
0.5208059685035228
-0.39688509158926155
-0.2555042910338421
0.15756178079007271
0.5475889394754712
-0.2692197455650547
0.08738764175949508
0.6048658714650368
-0.3648954919600547
-0.35707459609352465
-0.3673174385811371
-0.35599003331540047
-0.3411830860507811
-0.18801540339027015
0.2776096128090006
0.4677942424815863
0.0913271958315072
0.6177441452778945
-0.35288710740660467
-0.2966251618462027
-0.11598181140489588
0.38629716150778315
0.3992015414582406
0.37045114400459067
0.3956787540689685
0.3112071720397037
0.4976469798608716
0.08099768554250045
0.6362826036578659
-0.30945822238806775
-0.22797862264856084
0.023847179906962862
0.5833680992848398
-0.1781760726218158
0.26356826147882556
0.513151552530944
-0.037510217999790554
0.5323334084063391
-0.10052877794786018
0.40575545720859196
0.17102457348544592
0.588242503750071
-0.304949231941961
-0.11311022857720966
0.3946138558514629
0.2722235288098578
0.5466223422879906
-0.003898991090147852
0.5400159260873534
-0.028581722502279083
0.5176029467816946
0.003225138635238045
0.5766391831427798
-0.15245909765645363
0.33751608195209093
0.5210012700710837
0.062081681380278295
0.6113166006987054
-0.2919762219058156
-0.11107579484221444
0.3913604432574236
0.3446885866272021
0.3204371644143165
0.31603625902797106
0.35659597531553283
0.30670883090323275
0.36726622025568734
0.24160711524254355
0.4867265172672532
-0.11670921715347744
0.4288991508098936
0.027245847588897396
0.5738655792098485
-0.43300812689685336
-0.4228411369758781
-0.41762848942118785
-0.27886151939623816
0.10645194662872778
0.4781525241848688
-0.34905151003782203
-0.005321833228465397
0.5369028243245932
-0.4482807889874424
-0.3077658749706706
0.11217665986426498
0.4628083423425274
-0.2893993924450387
0.12084544114261604
0.525006379863298
-0.39824308453568324
-0.21975851576424982
0.25468259691227635
0.36779953580017016
0.08784356549863392
0.5422495635030381
-0.4248182559670611
-0.3271156626810489
-0.01816922089020255
0.5104112006339384
-0.450581477641853
-0.3174849706624422
0.073336993202424
0.46703755822536974
-0.4221288711459912
-0.17486630201082803
0.3596071727259846
-0.19756046609216776
0.3779927028874183
-0.2048151143188683
0.34201174702232934
-0.09955808384673936
0.4462086304550096
-0.4549574809288752
-0.2710359886255579
0.22084102325525062
0.15479317676729445
0.3022214590756301
-0.008300315196302005
0.4260938492504863
-0.5074567440511568
-0.41059092488565685
-0.1256509956406504
0.4282758832790483
-0.41216071723094183
-0.07754661949924918
0.42378853591309307
-0.5752994466700745
-0.558675391885498
-0.3998651113994816
0.019624467364430964
0.4051744849241883
-0.42371470207847334
-0.08830893852688038
0.4509282200411754
-0.5234214140598589
-0.45243991782695925
-0.18339464355414084
0.36854649468947703
-0.2855136560939603
0.21358731158335942
0.08659421830220251
0.294890687075525
-0.10102376929252238
0.42717550000319243
-0.5181622792643535
-0.4265575958162607
-0.14475211023737578
0.4151360127968083
-0.33856575825665675
0.10138844875044663
0.46217917541881987
-0.29700335974682757
0.13191183364874623
0.47201518259093966
-0.28214334055528856
0.17473017255109774
0.5150041199581028
-0.20620839229895715
0.2814508288081449
0.40126207738217035
0.13766266507380065
0.5408322163439101
-0.4003775310169063
-0.21710380487486436
0.2898557573647273
0.2972035158072036
0.2803670004212151
0.262310410734577
0.2528485217158786
0.20007096788414291
0.24748028948872303
0.14580783140649442
0.3744504000238619
-0.10503796584482504
0.4553179007801757
-0.3273672402870713
0.035285819384500886
0.45518413035638117
-0.47979467001861686
-0.3643230087853446
0.05113122580714202
0.3465895314743771
-0.32583841946714237
0.16702695569690776
0.11648451420529436
0.14503224421095176
0.008481332303371947
0.20862757307597177
-0.26103999858179067
0.27180161739284614
-0.5810531935955736
-0.24882438371132204
0.2941191749721853
-0.6419798574216078
-0.5138326675239901
-0.1062606118665276
0.2961582262847644
-0.5386502615209884
-0.26072821266644103
0.26139996259885356
-0.4012481282169935
0.09637063487844766
0.12103980381628687
0.08141332501744572
0.1835606850413508
-0.010969457177892813
0.35900437277383057
-0.41633286013945847
-0.024385964703644625
0.37736127349514736
-0.48113063316628146
-0.17712942283807706
0.3849343050947162
-0.3380078975246741
0.1664150440274521
0.3673480752167156
-0.005541492602878933
0.5240360254425618
-0.4678508124354542
-0.43608610989905955
-0.3098441294573932
0.0968960988692566
0.4605931639198351
-0.33157018921677933
0.01912040003478662
0.5019466270492257
-0.5250203153589824
-0.5007991482804568
-0.45859651554880076
-0.4047326869442631
-0.17252919664811656
0.3469184309599556
0.2352994058712598
0.42861081461444284
-0.09752679271618736
0.46066080354349664
-0.33386241879895695
0.04125516341432464
0.5349294496711944
-0.4378501310224407
-0.39294497102906956
-0.30004943232420384
0.03678128791740207
0.505121779358384
-0.4861444828630263
-0.4791478728560133
-0.4330229321841658
-0.25663962732553786
0.23474686984303822
0.18857434526860842
0.2611950221531591
0.08534356947603061
0.3878561634104073
-0.3625207402157368
0.10675032310596767
0.2723944065953059
-0.07188705660912614
0.43407480984647806
-0.5653836931646646
-0.5501036595324476
-0.53513087621433
-0.44984404385263166
-0.16231969165237964
0.3701736270048994
-0.5104426453150336
-0.2470164235610034
0.312344113095789
-0.5176329688295043
-0.2224778591503399
0.31440448736787674
-0.6010594986460208
-0.365702568311082
0.17843511048349872
-0.19514765378170124
0.3441723411256479
-0.6499194805742324
-0.6015426220067781
-0.4559902655967035
-0.03104179886639387
0.3006863098049887
-0.44705846553982154
0.010772888492482202
0.2225386216258716
-0.2875684588670768
0.24781184047034646
-0.4879492175477257
-0.014419746729759875
0.18236071819157207
-0.22276332402999266
0.31484384831896095
-0.6564301964859707
-0.5742466558565924
-0.3578709220605905
0.16869328094662506
-0.1374549376105158
0.34188785024188906
-0.6571502163636852
-0.6515135167170716
-0.560774023151916
-0.1960892576089871
0.2611396728682912
-0.7393190571457425
-0.728839002529416
-0.6814668957082787
-0.49221008848442205
-0.015475252480315171
0.1265904881432029
-0.15866011031127092
0.2936128129854717
-0.6486213692772026
-0.525068553556113
-0.1350207730074107
0.2795989145392327
-0.6774222459818977
-0.5406004056382026
-0.11623774354242893
0.26133876299382
-0.5462515514302511
-0.20815674499454634
0.30053336090617805
-0.68678443631526
-0.6613325852775617
-0.552615543465036
-0.12352271799315996
0.2938874585061022
-0.6157777400676759
-0.40882478362907304
0.14293643444608942
-0.12063407400127579
0.3225351904750914
-0.6297610892104089
-0.5045479063539205
-0.1751771753933244
0.3295983953539501
-0.6730788216514931
-0.6477486459481614
-0.6096720158345617
-0.5194432704087735
-0.196183360809726
0.34899053451269146
-0.6068232413584811
-0.5267389093843371
-0.28992563350638934
0.2569777683194613
-0.23583523547227364
0.3129320407417911
-0.5367644489710326
-0.23482547490667
0.30509560228193683
-0.6156008585045709
-0.384928665227636
0.1663940193437626
-0.09326227590140383
0.32594186110031165
-0.5876644950696542
-0.39436958809783007
0.12151036854978917
0.09155737251533722
0.1455256200584127
0.010834561725103553
0.2967084134130581
-0.3251473756129834
0.21016376978516674
-0.14954185731339598
0.34158067971369555
-0.6678820108948178
-0.6643183393733867
-0.6511640801816065
-0.6060608601828171
-0.4954352163276041
-0.13619784533931545
0.3541027639867498
-0.6539176071407923
-0.6687065660308045
-0.6400728474735173
-0.5523058796642278
-0.1997327873096983
0.33377864174434113
-0.6738102848679343
-0.609716444343888
-0.3691408737132359
0.17149800604344634
-0.40240868061226176
0.1507162634702823
-0.32894302626564487
0.22337757334476013
-0.6215400628445006
-0.34117645651680073
0.1917192561362593
-0.7160215391098246
-0.5547064794175507
-0.04777862305921807
-0.07036695525167833
-0.06960568085773661
-0.13052999182671063
-0.07785234878202546
-0.24466636350441312
0.026123855025346143
-0.5629386906135736
0.004167050789526283
-0.4680161753695532
0.0899869455459602
-0.738694414840627
-0.41592638937315285
0.11368384694962846
-0.8595663782113797
-0.757240556621652
-0.3595978828523183
0.13339070047296442
-0.8469018085930984
-0.7645146090237847
-0.5828268676243713
-0.1441627924207349
0.049540672969515476
-0.4090920151307379
0.16157583958906302
-0.6616331994108451
-0.288587670889461
0.27725948099481956
-0.677409071289588
-0.5965585402634228
-0.21995176667889998
0.2389463020617668
-0.7965791166559104
-0.7614353322546705
-0.6543421443331786
-0.36912431325762796
0.21525018614384878
-0.4297605099079689
0.10388774568916886
-0.0704757215868575
0.23136993453148275
-0.4262516701650477
0.08735979036916935
-0.0968581506919996
0.21242935156602555
-0.4491899602052226
0.03017786724263699
0.06468402155518785
-0.007944774113656738
0.12497609399522591
-0.17031858210306838
0.29131206231756795
-0.6534527592762148
-0.5236268895918416
-0.2006195269752371
0.34495240929634285
-0.5539161620119482
-0.3435732697827203
0.19213087965799794
-0.023688243712524218
0.37272715008410173
-0.4334749844979138
-0.09228672984565703
0.4238449613208029
-0.5730714918277175
-0.5623082024063779
-0.5269891879630386
-0.39528171650203625
0.05660651112274559
0.2779559099492255
-0.23489263216029255
0.34281209177159905
-0.4685195271810388
-0.08974786280097001
0.38977271605496444
-0.6051071611073494
-0.5615159869170402
-0.40964667530443954
0.04587350530317173
0.3381823301543706
-0.30565591529801484
0.23290384909619694
0.024695014470531115
0.4104052698928119
-0.40094219587767366
-0.06797948765849599
0.41766331431708903
-0.5876600351257752
-0.5834269021797228
-0.5719674026942635
-0.5054652532558543
-0.21121086087697366
0.34950428600596917
-0.44264763529494955
-0.07832292364101395
0.4051543010319436
-0.6044826941655318
-0.6157886809332012
-0.5489075942850791
-0.3717473909291271
0.10259172641596408
0.20873941802573512
-0.07905288648208361
0.3289255784693385
-0.6031582518481721
-0.4229298652398931
0.12447880198192432
-0.009680892268423141
0.23279076166662074
-0.35862927078802675
0.19950705280864056
-0.1977248846728945
0.3212749669275749
-0.6802452695998543
-0.6440626478785211
-0.5171285202876168
-0.1890976905411787
0.3191165370992425
-0.6243800366831586
-0.5206294315319029
-0.16143272174606987
0.29544005882107216
-0.6671054175325764
-0.6253951094875634
-0.46294854599339397
0.026434586066754445
-0.019871884768157627
0.07662599418317717
-0.05034550935877033
0.186116900147547
-0.3084480755228036
0.2830726753564583
-0.4372028663860055
0.01676161299282214
0.13955267030503993
-0.13928175365217593
0.2681753589062994
-0.6902076928258691
-0.5713492290027046
-0.14654669339676724
0.23595699854348218
-0.658642842179943
-0.3873600748895266
0.17414110812582712
-0.5980964746550603
-0.19464103108783148
0.17618064089581914
-0.6427638022152722
-0.34733979580614716
0.20740253587113405
-0.6835531116300346
-0.464381179001047
0.09224429535387058
-0.3385165121503888
0.2089276703621426
-0.7119508954709959
-0.5755086436544214
-0.13792846309539245
0.09553034639864577
-0.4729490601900522
0.06417536315676808
-0.44401744017873895
0.13349741328101866
-0.592615183581038
-0.1243890467398319
0.10826225045211396
-0.40106338982741
0.1494808633622255
-0.6382104876312141
-0.2468445324065948
0.1461752788778075
-0.7126201349920421
-0.42932297770999595
0.12013625201335476
-0.5678947239710965
-0.10078490241373544
0.041332561259630696
-0.21799981045222586
0.20026017490686499
-0.7067786772176574
-0.4932547993344188
-0.011134748288350566
0.07743876890231055
-0.10937629774704795
0.1879155991563128
-0.49738145974037185
-0.010554275257234846
0.06695633233894319
-0.08071232896409938
0.18363902316998182
-0.36504614632316335
0.18347002246152036
-0.3788868607371775
0.15875207702279096
-0.41190092630837283
0.12715126911692998
-0.4702820053104553
0.06686349265550762
-0.37339101699746996
0.194321811340248
-0.6549056004448423
-0.4246950782363519
0.10991619911954265
-0.32426512004260344
0.22240932059720653
-0.7458121164449991
-0.6438452208852449
-0.31475490518905647
0.2593871727963869
-0.6224514878196553
-0.36635174813235843
0.17530298159170568
-0.340231808120697
0.21239841549561586
-0.6226479249458206
-0.2869050012192541
0.2385687817361355
-0.7716436681170471
-0.771734146719154
-0.7537568646120607
-0.6755605096889497
-0.37538618239926314
0.19114294161973983
-0.6966875336931357
-0.4666206691630491
0.04904488419953984
-0.25991278372318055
0.16582964824718593
-0.7906610982832207
-0.703899536739742
-0.3544260895317517
0.1269110602534585
-0.8552078852997027
-0.8719310144605402
-0.8652278421006796
-0.8574665135499511
-0.806799177651123
-0.7006071060214512
-0.28323274030698115
0.10023180958968192
-0.7454194766476789
-0.4485764081438142
0.09261060297617446
-0.8519603260774546
-0.7102206647131566
-0.22018360832046638
-0.024256964898689948
-0.36351233480073464
0.16361922341898155
-0.8226952240780847
-0.805290936490394
-0.831656540543314
-0.8456219384724937
-0.8326291916441426
-0.7564036774140079
-0.5267062180389099
0.01247705559316803
-0.38402449701377167
0.17132403094710957
-0.7926445166869023
-0.7309538587077546
-0.46256792102599736
0.0942427331634369
-0.43071575091624736
0.1410693774723572
-0.5887822552963495
-0.12891652080423147
0.06264477435721705
-0.31860038200421714
0.18854970378700392
-0.7828669797489913
-0.742574177148327
-0.5649926969532565
-0.05336164401095894
-0.06168091209493545
-0.033316200995825884
-0.13130180997573018
0.028490919146663907
-0.3119989732031561
0.18604101402650752
-0.8162727618116625
-0.8015181395617649
-0.7833269201948727
-0.7849286276505099
-0.707129065191838
-0.493003645947669
0.020898111539736308
-0.16906993865690478
0.17448016640845226
-0.6110324613787148
-0.2189149806565868
0.15907467155479282
-0.6261784710155699
-0.2686214905792449
0.15431255252471943
-0.8147414088976411
-0.6901917625488081
-0.2879012411297891
0.18751931923018678
-0.8069652383246875
-0.7588045164045758
-0.6141668809980826
-0.17462560408021438
0.07928027365810425
-0.42759383100095905
0.13331579742256167
-0.633570715494856
-0.23105798052131285
0.11871484314715908
-0.6796847978366366
-0.3133935365980024
0.1225401987303329
-0.8233878524388563
-0.6945007486295875
-0.3041037208249752
0.13652998198715988
-0.8036859463883999
-0.7213871808580247
-0.4059138987735962
0.14987435817335176
-0.7500330167186438
-0.5429792397940435
-0.017402556233929334
-0.30292229981848723
0.09868766559790393
-0.8179176448292622
-0.6488592821293938
-0.16138210222500596
-0.07915224238433066
-0.1832971086087961
0.07204012594705228
-0.4773184513540727
0.10057508815222094
-0.5987968049666091
-0.09819315590918809
-0.10296912497404914
-0.13263448858549826
-0.05224291424684502
-0.12738810278511764
-0.009065225809513355
-0.3138418889250033
0.11262723298868604
-0.849736825050025
-0.7615036754799871
-0.5009363921568598
0.04381532907259733
-0.7913609892768605
-0.48146482545629804
0.10232810465886322
-0.7585179757471565
-0.5048223585219136
0.04878976488626302
-0.7214703761609271
-0.29975583872404277
0.09605018855439235
-0.7303348957066083
-0.4434871504344038
0.14012480367996677
-0.6594795991028876
-0.28840187663795963
0.1780464559692358
-0.8201932942985091
-0.80874732909176
-0.757910365735395
-0.6051789289425149
-0.12822418597158505
-0.04909544860409232
-0.2411546955176203
0.08535674045756725
-0.6607455604005447
-0.227202709515204
0.027833728489448595
-0.5621911357285642
-0.017929086645542658
-0.5009487884114989
0.056867503736165614
-0.8108130314565098
-0.5766193392740178
-0.024515749170955947
-0.5479899187065879
0.014819375801511603
-0.7112623836942934
-0.258348125578971
-0.07496049777282054
-0.496952031371897
0.007172493121044732
-0.9693988340954341
-0.8574899752466805
-0.5319015120558639
0.013447108339184666
-0.963465871482947
-0.9177534485191805
-0.7820530537077992
-0.34284895114468794
0.018702717199952423
-0.7673307527674451
-0.34449745545211263
0.0990304790024727
-0.8388627115703411
-0.6939296283413101
-0.21601742298680657
-0.09377081608435872
-0.389689426625071
0.06405748444941545
-0.9089173152125836
-0.8284766786616141
-0.5470835209573092
0.013067621070775304
-0.802984087532797
-0.45377367854380624
0.07685131825319297
-0.9225766834928271
-0.9031875197150101
-0.8088675239140436
-0.447898607364911
0.08986153663587976
-0.9067127038873801
-0.9260513609526758
-0.8919591656592416
-0.7360709681974669
-0.27909019304988414
-0.038231504166060915
-0.5907825691175707
-0.028141777731922946
-0.6083876140764409
-0.06170468507949811
-0.49013017438140705
0.06253154311993292
-0.865320156265167
-0.7160109907158566
-0.2904643256586367
0.03787411194603191
-0.781212782764666
-0.3793023293031823
0.032545215455301424
-0.8113253103893882
-0.5305261582498658
0.002711500704918046
-0.8511843326281967
-0.524812251554377
0.003114627889702737
-0.9488519074859643
-0.8395821784078578
-0.5635015713154454
-0.004471379481520321
-0.8035011810584379
-0.43816874894733315
0.04579294716307225
-0.952303928005221
-0.959271497563276
-0.9240849673345102
-0.8610255244800396
-0.68199003405674
-0.21932086639994283
-0.11625628393802345
-0.3691202809407134
0.06471792054324865
-0.8538494537738706
-0.6579878390040189
-0.13095143154128014
-0.2760794472679281
0.013114124464071397
-0.6144103202481502
-0.061367386883921404
-0.3989365834951142
0.09807737893084939
-0.8635667917146601
-0.8714079070185613
-0.8631695611411689
-0.8104756259714119
-0.5413544788749952
0.007836788280710327
-0.5804875512478677
-0.016862261002949075
-0.4548888752632448
0.11609610441315554
-0.7326657031848458
-0.449060020514592
0.11241236646962971
-0.6703699791087967
-0.2806193250444612
0.10644868495456528
-0.7315415177227147
-0.41303316144292423
0.1264778263866162
-0.8539839764545927
-0.7630305454373469
-0.4561484811050018
0.11153706307895578
-0.6612052893051144
-0.2632131763601067
0.16195867784126933
-0.7608913356176197
-0.5718412963325283
-0.06947689800742085
-0.010272444251264334
-0.10054983406375487
0.052770468838889584
-0.2559352212327426
0.21854279564277385
-0.785708033304749
-0.7709052940874537
-0.6873057448557451
-0.3951422076059743
0.15945652018771855
-0.5298879613633578
-0.05501000009500376
0.04617232000410515
-0.14089240409931375
0.14388166239271194
-0.5562491301179342
-0.06323073416542896
-0.1477554657299873
0.09277393520915717
-0.39329510344979424
0.16631297953264468
-0.6243246772384332
-0.20664127852887515
0.19805589498073078
-0.6943685061752622
-0.4881762185750984
0.050196931036395664
-0.21073757428863735
0.213635511133349
-0.7220187781579976
-0.5573832049398451
-0.08551086012562639
0.12493635409270099
-0.335500901351688
0.2054532476267501
-0.626016636700927
-0.3145970704998201
0.2461868750318181
-0.6576892484959622
-0.5029495365110794
-0.017982657499795912
-0.04124401726540272
-0.06719269862644228
-0.07004204117296262
-6.432840513492799e-06
-0.09979972407105916
0.0996493357325019
-0.33796280663786865
0.22881904157932223
-0.6767061406770931
-0.4963579306918843
-0.05193316063921452
0.11892237410412679
-0.2813218272273359
0.23938685558996217
-0.7350102432007586
-0.6960992917305934
-0.5142756121569694
0.02096696176426438
-0.23966453396814638
0.1634809981107893
-0.7140698068261713
-0.4946741270112086
0.05648801827041755
-0.19776052536722483
0.18053103019670408
-0.6676596435970121
-0.3917338151925701
0.17179900177154794
-0.6651158405525567
-0.35402155651937756
0.23183409090263266
-0.6877478475004878
-0.5134536176569906
-0.05464812866933036
0.06799054332863441
-0.23972221548142678
0.21221488996287502
-0.756721456633597
-0.6982854611442864
-0.47546542129488417
0.08206733486128215
-0.06856763972180882
0.18780875948420783
-0.42737463429699574
0.09801542998353294
-0.20170527855597467
0.30040793291767076
-0.7137607289297895
-0.7288523389493361
-0.6679305295185219
-0.48622644388655356
-0.011034577232953452
0.17652604731641192
-0.15449329659172298
0.31863734136600497
-0.6890448672720725
-0.6803937381741014
-0.6715210929034845
-0.672493314221618
-0.5790484766747369
-0.24192395475969586
0.25927179393780214
-0.7353442418373372
-0.663710419522301
-0.470104786610091
0.04663751865190621
-0.04652697306134235
0.09542591243436216
-0.1919843995753101
0.22394763999109635
-0.7544439130334981
-0.6710092325870232
-0.40403928070791467
0.15051897748722243
-0.4991958588540353
0.03982943729048671
-0.01036927125289927
0.07474337872056872
-0.09392326043336371
0.2293350834764448
-0.48585558955005537
0.007616807458155739
0.07611978671328554
-0.08926921094418452
0.17048322339994026
-0.4436473974077474
0.09124193984435375
-0.2821018225701139
0.20653285750366918
-0.7894089199742931
-0.7688057655534835
-0.7637786772842033
-0.7517503648697479
-0.7310996692176971
-0.6596991795281835
-0.43106655155657303
0.05753081230310353
-0.07519990275430125
0.16743497753715522
-0.28015389480111375
0.29507790338364687
-0.524977879790817
-0.2123064830459266
0.3164227499043623
-0.6732658203122427
-0.6640045748908572
-0.6325290023282506
-0.5137338112930221
-0.12405333548605155
0.33422831133034053
-0.6213467533191199
-0.5685353397590026
-0.3565143189494092
0.15848511349996275
0.01748046395965447
0.27820989369507065
-0.29789259736198004
0.2549998764276362
-0.24146669904841547
0.32313019305635204
-0.388992941439238
0.09611529046906021
0.20044010463307765
-0.04959995726208831
0.34862555026777864
-0.5261385970814573
-0.25589889645238134
0.2852604490721316
-0.32841778712392056
0.21052312383245944
-0.18721880385221124
0.31764012473922154
-0.6743575996729676
-0.6446794822138706
-0.49185452415609326
-0.009192391807005429
-0.018973733632772632
-4.8160461747021044e-05
-0.014239062424105525
0.011016911258982631
-0.07420377286115704
0.07718552384811977
-0.2441321815389608
0.2562518903908866
-0.7527406416287101
-0.7106204861187659
-0.6659072938627754
-0.4544485512457802
0.07232835693527423
-0.1615639618216315
0.22422451826541176
-0.6832073899212121
-0.43498062097292933
0.11961678632808065
-0.33486994191635744
0.18759800138663635
-0.7044208525695892
-0.4683810339040285
0.07336047406433188
-0.3521769753952666
0.17517901531166702
-0.772375460989654
-0.6429852545874326
-0.17903072359453504
0.08909127802626537
-0.4734041347473782
0.07334265846139487
-0.5156523267626384
0.027499132016095773
-0.42196951560123525
0.12070747103318252
-0.7572109137089503
-0.5788786017505827
-0.08862697592965446
-0.2270960403060521
0.014769797445726485
-0.5203545723566022
0.08228768045927837
-0.5055595264143268
0.03564530279677158
-0.3050287410347351
0.16776599930656622
-0.8138442296793746
-0.8145715124474873
-0.8072997313119414
-0.7675291821798178
-0.5739275396463145
-0.060230488020385
-0.10896831389018397
-0.04734340985225266
-0.18398804198771937
0.061437973703401705
-0.5360020397649128
0.006568543174368446
-0.46655016115057524
0.08138279823366962
-0.8078985884994363
-0.5881651333067103
-0.03252448683764342
-0.5446245994930287
0.007706873059834252
-0.6398416172919899
-0.11307494807635937
-0.2629451561145799
0.04964837628650293
-0.6503114660995251
-0.14077372056180726
-0.0174709583063824
-0.2689975199122554
0.1349931880778517
-0.7278051525674836
-0.479867834976351
0.0651720615345901
-0.50926140588216
0.06625133514779707
-0.46038447140314676
0.08816527678041042
-0.6565076937434509
-0.19891865466292355
0.07703369448314146
-0.5206421880768454
0.0328074240464189
-0.25392285468165604
0.17492642002347164
-0.7309190469170942
-0.5700105504350133
-0.1031415210019703
0.0041101248570931115
-0.272571927060245
0.13293915560717712
-0.7927374610047804
-0.6035855166321413
-0.11275289781825859
0.06874654944755298
-0.3053177367871129
0.20565947226338288
-0.7838891769757577
-0.7385569873614852
-0.6293884177250653
-0.3495243333272353
0.2267699413398615
-0.5050121730455472
-0.006570396549628599
0.058751353326778055
-0.06407469361539733
0.2238861063918448
-0.331114572059556
0.22301945025154948
-0.3610557791428416
0.17875452420639662
-0.35875101221183003
0.20879427351312246
-0.4763277897726169
0.01782484223645525
-0.0287406961554941
0.12557777652001953
-0.23710619562660679
0.24723261407327454
-0.7061222569582688
-0.696325717276465
-0.6987604793478489
-0.6049031611262561
-0.3080440493619329
0.25905617856214
-0.5038494467876898
-0.07274499902739313
0.2859179654045016
-0.5456584993565803
-0.19568703364064216
0.28876141233114516
-0.7053227408232119
-0.7095124516755436
-0.6665521706034592
-0.5849437110041731
-0.35920133918375474
0.18588541011147952
-0.22673055302949607
0.3353968264651608
-0.573483812379751
-0.4152413895013328
0.04859935624540794
0.3010741746906359
-0.1519119005227819
0.4142072837911008
-0.4269565839575906
-0.15239049732479923
0.3968218319263741
-0.45900812579066774
-0.1407322245151743
0.4212595429822548
-0.48890684049181093
-0.2682831243700408
0.2785203284159437
0.17439754878367728
0.3560401515969786
-0.005071449448366107
0.533280774313377
-0.4409761632284816
-0.35944974108410904
-0.1389117200614513
0.40727579611669074
-0.09548253789623151
0.5033115449340482
-0.24719573424893027
0.20131234341359242
0.4118459906836472
-0.07038985020731292
0.48805923669732865
-0.3551902145452167
-0.0324086470885206
0.5196796514350646
-0.4542683764202886
-0.42753233316630956
-0.2715922486298506
0.17069367376152556
0.38218031398866087
-0.10739898423226636
0.4865857332910059
-0.27569130703765904
0.1429314198747023
0.48277760080056187
-0.2988668466345295
0.06568924100193835
0.5533338219476445
-0.46528915622202216
-0.44737910897461197
-0.42915604595575235
-0.27510601978132765
0.19614261052748722
0.4558850330602415
-0.12925583441173333
0.42885253061730055
0.021205351595567183
0.5458701609798184
-0.4469068085561221
-0.41187244128219747
-0.2876400087884262
0.12844143283495646
0.49944631809296053
-0.21839252061266423
0.20194779770964635
0.42980030902660243
-0.09089709177589467
0.4678698091332024
-0.24892384121099362
0.18656769393568837
0.4960221147724012
-0.14423520831542402
0.36570477561101505
0.18273272904432322
0.49015389513740104
-0.17662357567829173
0.32958295864039183
0.28300544911578707
0.32618667399297774
0.20694782911163995
0.4218696491849555
-0.06734203770906026
0.46911607262682364
-0.36991533724319203
-0.066380960926452
0.4872071042429487
-0.3858033490082813
-0.1038521401649759
0.4519587977814099
-0.3981691921967108
-0.10874344100174062
0.45521755328742086
-0.33009124279862023
0.05662960168498644
0.48936005387867537
-0.4437666634487706
-0.26458880693289033
0.22878982048070653
0.2512228245112273
0.24372776291197154
0.30325035154195584
0.23995299673108927
0.3905876493064524
0.12047119094514265
0.5287679810180096
-0.36986703869100673
-0.18701849400612186
0.35298012634129483
0.25345294994038
0.3918420132216445
0.052280464597924924
0.5200690430945106
-0.486802491837293
-0.48084029359240416
-0.4463028815390537
-0.30276034538735824
0.12353850542426681
0.4140052304070395
-0.2589915166727168
0.25537807992241085
0.2216429119709806
0.31129225014398854
0.10433607003561432
0.45818921584839173
-0.2919651412539132
0.13253091650853918
0.4502630954664169
-0.2815773407341777
0.17195650928731585
0.35177028089903006
-0.11964788306427393
0.4278175809026178
-0.5083537884906421
-0.33914766992391343
0.18515864578383287
0.05697414035813422
0.2775926293268678
-0.21128479928961733
0.3449655405699607
-0.45329785721888755
-0.06565034665707892
0.39171191367509894
-0.5789038087838599
-0.5255634870305382
-0.29942648964128477
0.25357257519109894
-0.24299243837244316
0.3134014856674098
-0.4749784678113827
-0.09393985263967022
0.32316188476701324
-0.5498465768805454
-0.27152637418325215
0.2821957053631703
-0.37902679761799685
0.143404941418797
-0.058029627330061395
0.2426101946706236
-0.4816349449202806
0.014374453766362316
0.17014303147058546
-0.1227236284712489
0.31291617518024073
-0.6398649139701149
-0.5290736165744166
-0.1942314933581946
0.3413757902228778
-0.6438747820181752
-0.6191692734169951
-0.43248032264330427
0.04614163260518861
0.2095592733310694
-0.17134920821523
0.33791255596061204
-0.6673557697032265
-0.6911122806123163
-0.6908780430773848
-0.5798829936353402
-0.2584565834453497
0.2902679151340254
-0.6193267679231877
-0.4306287135054282
0.06994081229981725
-0.12431619728552512
0.19805449210088033
-0.5815846555749087
-0.1703675470852033
0.15915283887627724
-0.5600273803552485
-0.08275642709592215
0.13844510557092077
-0.31265975097503357
0.2485273779236144
-0.6451056735268853
-0.4669809136138299
0.0637569057113444
-0.03279716848387573
0.16499948321689503
-0.30777807789388645
0.24489971906895175
-0.6165049045320549
-0.34075685996648963
0.21424213570023848
-0.40207351325331175
0.1328600049742806
-0.14907080952147628
0.27838200505634475
-0.660385672640285
-0.4515514661307566
0.0005615447533223739
0.21386105997780663
-0.29652855482128077
0.2582287613393043
-0.5354278467036031
-0.13371524280841451
0.3079806935245658
-0.6530312938898013
-0.5861859893100619
-0.2934300633686633
0.2594480953736915
-0.6155958476282334
-0.35393177714746155
0.21409324938013297
-0.5289285697419078
-0.06243560430007808
0.16339303001083957
-0.35042851586470447
0.22451392122619795
-0.45284558525442115
0.06247125665826461
0.023215089974495673
0.10400668349812528
-0.020854215843157192
0.20655372026909424
-0.3554896995133166
0.19498054378478108
-0.3761385687672978
0.2044863193795857
-0.3993105885768359
0.12396409768113859
-0.1788502573209018
0.28421404795620314
-0.7294119814418314
-0.6617529966793069
-0.46227113398706376
0.03314263564249181
-0.06023261549458497
0.09978175071097037
-0.24884948601925763
0.24163646177705342
-0.7665816575190044
-0.7550627264460782
-0.7028853811391838
-0.6491245968977211
-0.413621470300539
0.15622570097936836
-0.35940707356838786
0.23360263462725955
-0.42442444136878443
0.10551327425409196
0.06978220890248846
0.22826453470400443
-0.03846686591940863
0.4295307820767251
-0.5317213966504728
-0.42459688822908964
-0.15678181622201018
0.4106218649754092
-0.3499611446559331
0.011993671877412092
0.3936784167887208
-0.4896363888784992
-0.2189291033388856
0.3311174063995759
-0.19467272941891198
0.39105669907210533
-0.2630895442562631
0.25452776403067184
0.16906069581370414
0.37397227523038573
0.012590536013795284
0.5574178606414018
-0.4213919262507284
-0.35228943186344613
-0.22922841233544208
0.12881087442227446
0.614256272792618
-0.37507619759324234
-0.366779962453861
-0.3777685726631915
-0.39023186070744276
-0.41388179573828954
-0.3995449410217217
-0.31310523116222644
-0.014911381369929873
0.5122632372838956
-0.44006643772952764
-0.2826916046054604
0.15623115943894197
0.39748320803744475
-0.1707406272211446
0.3550800358617181
-0.29598216797225746
0.2295885989129288
0.10411742903131796
0.3071550241156889
-0.1519671484818866
0.4166303300778201
-0.40412388517215625
-0.06373100763952781
0.4933072399339548
-0.45223977907964064
-0.3308647598569665
0.021562900530642935
0.5041895252515102
-0.4904862836379633
-0.4279379422539027
-0.3329459625146242
-0.06508966286427634
0.5109518306547729
-0.010837524802774903
0.5543293739902362
-0.20183988144152537
0.25038954199513885
0.5120478347156128
-0.10802729414572454
0.40286356149741426
0.032567645351979056
0.5635659945217223
-0.44434193489002244
-0.3939730703032984
-0.2977066931163042
0.07137932189126203
0.5185942711940157
-0.452774902712758
-0.3752236921031003
-0.08189344847213063
0.4815672234719356
-0.3217844950061446
0.06185472092317515
0.4676447405350913
-0.4183240176441377
-0.19050102732500876
0.3621139860859589
-0.009629787454467253
0.5090817859485268
-0.46911798411332956
-0.45462853286830207
-0.35510020297274875
-0.018348948402517717
0.5018814046053469
-0.4345306788191992
-0.36571590438011536
-0.14304291925073348
0.3916180385578694
0.0869540906147972
0.55500911354386
-0.4340824252289347
-0.38004562930786134
-0.163517837062859
0.3574732063851308
0.13042595455538097
0.5155910693610786
-0.2729172913197119
0.1300907608590167
0.5811649044402891
-0.3602043771643134
-0.25728538296482073
0.06778503218093264
0.6040518519165556
-0.27652924774408694
-0.08749819402493073
0.4382754980777914
0.2768221216082994
0.6005484289696281
-0.11112984875307882
0.39625954111883244
0.4533712436768125
0.3644407801507161
0.5456631247231516
0.08369697793287634
0.6226323998531629
-0.3054330086125459
-0.16190960336491309
0.3130238782905631
0.43430542597385735
0.2067399660537649
0.5951740805640854
-0.29190432594071014
0.024396916332868765
0.574834378997554
-0.2816573074772162
-0.005414199994428007
0.5528433131623217
-0.25176978271816813
0.14208741564295707
0.5599798394749474
-0.3353987596755196
-0.13471374139614456
0.3776541937246001
0.32650347917559175
0.3955689270061856
0.27618965923321703
0.513982533153672
0.01903680767122394
0.5852598512258436
-0.2009151369772571
0.18191388366188788
0.6241888743957869
-0.2759870386710379
-0.1117465256618578
0.3869476687115698
0.47372926993165365
0.3305484585085951
0.5620149448905793
-0.023576333967398916
0.5393334019510571
0.04141313198837933
0.5871328969986345
-0.21893683357995147
0.15643532343562944
0.6304156266520282
-0.36263879618992606
-0.31015195697779585
-0.08775901784473387
0.4556015247687789
0.08666374048985193
0.6114281495108642
-0.3735938486015191
-0.35955506176573504
-0.33904223026251396
-0.3134662327004497
-0.30241110872807264
-0.29508411049420746
-0.27261461073448146
-0.1888317020894132
0.148126259375502
0.6901393140363996
-0.2860150024531912
-0.2765189883025747
-0.23420011469442284
-0.08038987571688055
0.33977986781097913
0.6267064759128899
-0.009990809312567267
0.49733749603504074
0.33723398309584585
0.6025881321656725
0.005483611466685134
0.5759539005232861
0.15534560373611705
0.6972772396399001
-0.2203838878878461
-0.08987718009433007
0.3525453441674068
0.636405147432277
-0.06432106970806595
0.4160996255497365
0.4757677980622095
0.2799535580178939
0.5910401933608354
-0.10849876687252283
0.385565201911722
0.4017724482082
0.3819793641684641
0.4648045115306449
0.3177374209633431
0.5647593581882514
0.04220968703130576
0.5960244455482231
-0.007360785683362736
0.5084994177907795
0.14750088645701853
0.6602950807317018
-0.302488232353086
-0.31646169396060786
-0.3399005536229499
-0.3218359165111593
-0.3040888658454338
-0.2940196841284547
-0.2850964307894309
-0.19811772076561268
-0.02776871409480075
0.49988425429712857
0.532719927862614
0.45009008317653376
0.517590355104327
0.3097826616879943
0.646987916094264
-0.1261321895341812
0.2632292660358671
0.6193601754278156
-0.2194538858312184
0.10998939323424722
0.659837789105144
-0.2623298848675887
-0.06087027708245818
0.4387630061220444
0.5272899520357115
0.41049677395258166
0.6724355793200545
0.07808095610473506
0.5939685142274647
0.19015424255224403
0.710135429087446
-0.2799354168746765
-0.2408379988403845
-0.10896275522577731
0.28316996598491423
0.7005163243651341
-0.2420222711087657
-0.1026913194840621
0.3427390336763111
0.6164089255767865
0.07540041151489754
0.6513619811161059
-0.0250272565986141
0.45471803953431694
0.27258727040305175
0.5724514096677116
-0.15896649919728728
0.3491477536764743
0.47543088579487247
0.14479269309373008
0.5757649183336206
-0.392428353497671
-0.3256851773585832
-0.13516546452650796
0.40400754368469005
0.29226707192664664
0.49050785406015396
0.05170729468385396
0.6074354844467941
-0.2948279742349408
-0.10062859517670134
0.4250085606459607
0.2738263605751672
0.525248962573519
-0.05642667917171258
0.5010390001693095
0.0036646302474087206
0.5747536333451608
-0.16241281065035426
0.25635826084711805
0.60009424890586
-0.16931768861216923
0.24255530737529307
0.5808814945135994
-0.19354201761665696
0.2269366930879984
0.5923184726187665
-0.22968622343009698
0.1402934296699798
0.6282317028135878
-0.386320322108684
-0.37064473022745514
-0.3632608663550497
-0.3248805480311294
-0.13562189445242892
0.380826865563447
0.28479845544665594
0.45869826935054403
0.08675868306963476
0.623835475105295
-0.35209567797520236
-0.314899710766528
-0.25706288443714953
-0.09579393720900173
0.3981753116308058
0.4463202218511949
0.32943644240795134
0.546364400230313
0.13587764152158266
0.6934126968177956
-0.2456945461840386
-0.08939177887998517
0.3511375095854415
0.627721875560603
-0.0011276173845679305
0.5280682438052181
0.22438941394988154
0.6744668173534495
-0.30933394262305264
-0.222783119539942
0.12316869325389708
0.603100419257085
-0.4064205979035843
-0.3976240329101881
-0.3564883006273087
-0.3009222203435131
-0.07049796222180996
0.48674316942538415
0.037988806294393704
0.5974929077030067
-0.2814967805348412
-0.04011135620220818
0.532098686291527
0.04193239106074209
0.5906671003626536
-0.24594487567071133
0.08094394071490749
0.6142260892550818
-0.32929810027431106
-0.20325277600040606
0.20213081502135816
0.6663717200781816
-0.3313115805950453
-0.3144519624222141
-0.13409541949949416
0.364406980612238
0.4750375096104379
0.20202540336958522
0.6192939628907209
-0.3110807721258487
-0.1442132117316815
0.3189433406087382
0.43084848228719186
0.12731040448899159
0.5514493970917965
-0.3689583102321734
-0.20214980619682812
0.24868219701403094
0.4853178092600676
-0.08069721026268292
0.4904570596008167
-0.056286002354122344
0.520766755881335
-0.057197377411267944
0.4755036520237404
-0.0742460637897855
0.4925636643488167
-0.08393800276480419
0.49217361172283586
0.0055117385310944345
0.5543082681756918
-0.24815029308268136
0.1758596340801651
0.5490635574870156
-0.3079598991418721
-0.03651306720687035
0.5285784717525968
-0.14249797618736731
0.3717863268065873
0.3882176288860787
0.30256697885825634
0.4379242440883121
0.15447960287501167
0.5943136828621198
-0.38695712196254195
-0.27661711336566575
0.010300587966576374
0.5588641277533202
-0.2383999712739996
0.14593922188989192
0.5945904228782873
-0.31116618068683655
-0.1220138914710073
0.3591263243424069
0.43582628012852564
0.28815063311594313
0.5243372443992015
-0.01176559472588476
0.548773990381993
-0.10099619202143706
0.41698688938213796
0.19664135100102503
0.5657298209724777
-0.22178025114867203
0.1527969312814844
0.6405607042437481
-0.3360307693880765
-0.30859116555790456
-0.23890632887992932
-0.004229135433110737
0.5612795405687401
0.009194109635649123
0.5533423257803676
-0.08145356426549927
0.43534605384118785
0.22894141337195056
0.5945562131728066
-0.18278384773609954
0.21500781993006668
0.65769327567573
-0.2955404084465305
-0.12711423874384173
0.28510427324139576
0.6873499354139574
-0.18218825373032455
0.059352807385058604
0.6057093194649213
0.14040827980280374
0.6855381122380884
-0.18075181259123205
0.09124779905942451
0.6205199859257587
-0.2746474881528748
-0.028858975565982742
0.5087705508913998
0.13781229687417734
0.6533774393568237
-0.35690967433409015
-0.34217695681686605
-0.3013946141446042
-0.16589122475412627
0.23298765214047468
0.6694972269139834
-0.2863064115752532
-0.15333070139014843
0.2131129272557959
0.6529584309127525
-0.2839944364033028
-0.19077600741327383
0.1046800343494622
0.6693008416964026
-0.23950188288260713
-0.05228712745304742
0.4589536072541414
0.2943281716993521
0.5788555445676
-0.07136796138260473
0.4532886905747061
0.3320272437387443
0.5533824254612408
0.024222882919324812
0.5719255020125797
-0.1442717413002243
0.35862081837393606
0.369432631950794
0.3534791296724488
0.4362393014316798
0.3439448592465175
0.5131583184428188
0.09678259337352513
0.6315350264256198
-0.33007292878989525
-0.19738389726997754
0.1826739375307671
0.6258270113894405
-0.2787044898599618
-0.04927181808973882
0.5074954187522832
0.21605012883128805
0.6453561020170095
-0.2966287895431012
-0.19639930222738122
0.13076834469164375
0.6565597369231629
-0.3554418152469374
-0.3121594705546358
-0.21813205515858825
0.11185575589212715
0.6139510462723738
-0.39755077633021646
-0.3926024470786481
-0.3873904659054929
-0.38930060244491016
-0.38743826746354193
-0.27352280877319984
0.058107510986636135
0.5954774372094914
-0.40615250903622624
-0.3815031373083244
-0.22792572631591357
0.23882577848682524
0.4725256474300951
-0.0692544738719014
0.4847991795862767
-0.14750515617769583
0.3759007143038499
0.15322578299780612
0.4927629021306453
-0.21926151878072114
0.22602908076335276
0.4862384647135006
-0.09118080355956486
0.47364007246962325
-0.058111454817446354
0.4800140815262582
-0.2094505396963568
0.2915397266270696
0.3657278707645637
0.24658212035827776
0.4657182310930909
-0.029281022329078157
0.558427884767332
-0.16444020676452228
0.2855461009372877
0.5185416924575119
-0.0032862276717278843
0.569065103038752
-0.18766504263060713
0.22507087749337806
0.5787533225758843
-0.21890876697629405
0.11982872369215945
0.5594716914013509
-0.4165404161498881
-0.37668699379847514
-0.194465225480321
0.35173453367892477
0.16690154076673425
0.4877395068564845
-0.2488360227515216
0.18400789534707956
0.46606321617754415
-0.12839834036536008
0.43375345242616614
0.003992756803787176
0.5082824897979302
-0.4710873627278814
-0.39047332208787916
-0.11388251972639067
0.42177396149270435
-0.34096665292563644
0.07190634984105551
0.38793977160676746
-0.3519105474779909
0.10641108241214917
0.38660181799657883
-0.17214503657975108
0.414958920137482
-0.10859941225017469
0.47032740407307233
-0.12757518680616775
0.4203676568590393
-0.05182155940018819
0.509765952353507
-0.3615028993258367
-0.10500947745496156
0.44679591125897133
-0.0784637505903092
0.4702460064048437
-0.27085796250588146
0.17586922424283252
0.3848491131933453
-0.12825755140918205
0.442167002473412
-0.330809909816089
0.09130440188907116
0.45635479161123116
-0.3072532204579857
0.08276360841431595
0.44591281413467254
-0.39133590334919477
-0.05015278245300804
0.48886246814764994
-0.45500761876842605
-0.3514674210166916
0.00558218784415569
0.5084669058384046
-0.48031979402693287
-0.47506500714238836
-0.4406488639195381
-0.3706649754195422
-0.113396475389766
0.43066146525936894
-0.3307865728063654
0.1332236524879855
0.34711688338664004
-0.11398971899477188
0.4466355391812066
-0.4214288540369228
-0.13825658719124295
0.4128936371000916
-0.2297716719718239
0.28928321930806444
0.1717044577375836
0.36166118491816046
-0.06649149283499822
0.4710291774987467
-0.43282834686145993
-0.23980444457476652
0.26578272788494745
0.22938811531789738
0.3189912642696946
0.16991765405966072
0.4200828725208257
-0.18034584059636988
0.340885277135769
-0.04697279076835484
0.47785300433581207
-0.5050668474943056
-0.44335697330236645
-0.2853021836244618
0.09736795282600634
0.5430430280856335
-0.4302875859075299
-0.34771679980858106
-0.03514999576957591
0.5085329497824927
-0.4011109851805594
-0.23947334219539998
0.22721380794621074
0.45069190688410454
-0.08478853483965831
0.5012146472436164
-0.19738415792076508
0.27323943255805694
0.2814826228856027
0.23634829825739562
0.3723951306996216
0.07953909300177488
0.5173801681949683
-0.3630863623903328
-0.15646324945293255
0.35974551411139877
0.37753371318603646
0.34914323639086176
0.37741417158836277
0.2634719331390112
0.4173627595645411
0.05378463928283274
0.5689051543416925
-0.41994972812023307
-0.4253020661504541
-0.42249477162503074
-0.44134394706311275
-0.42501441313643895
-0.4161590995737632
-0.40162134943715166
-0.359545277418602
-0.22249319951362115
0.1627720202244584
0.5012405550564584
-0.32384880701535945
-0.000720239382964151
0.5084039115907825
-0.48592497812466146
-0.47055297720306544
-0.3594149483926763
-0.08068514882520302
0.4921661908243875
-0.2542042743712046
0.15498223785094253
0.5330686838725158
-0.29612478398843867
0.05974925669252334
0.514604582071525
-0.5099871628897152
-0.523085973843003
-0.5389232907368575
-0.5186502907441226
-0.4363740702320854
-0.11138431159399262
0.44424099139676704
-0.5103945081651217
-0.36451354344641984
0.043780740639461455
0.3643398216417866
-0.37001093740490226
0.08329978746595844
0.29813880683873506
-0.21153933564944635
0.35951810882085844
-0.4412373390929634
-0.06729764318183531
0.3876973755311123
-0.6101289707986437
-0.5624235735877652
-0.3696494467731723
0.11765369102641512
0.0930118850161489
0.0925378922830424
0.0804009012643557
0.11179520409585655
0.0618015434194594
0.19923314285285473
-0.05630976592687217
0.391672392505392
-0.5273159638822643
-0.37195726416502894
0.06976303507604947
0.3703009136657498
-0.3189673611561727
0.18183920633524153
0.06652234423157266
0.26936203445007123
-0.20052879617939146
0.36049835197476926
-0.5259612510808899
-0.22691661787113054
0.3386273439294547
-0.5430706993156768
-0.2939844281170648
0.2766829602522804
-0.2847787912531193
0.2783126967933009
-0.24155619103402487
0.36464498464410966
-0.27047926881018314
0.269181511124633
0.12575607284599988
0.4143429290518395
-0.22852274390926358
0.31833680033419065
0.07894893533367008
0.4903678274246574
-0.40720370793792693
-0.20397110687780473
0.31084573072456634
0.03282293523932662
0.4992802233057969
-0.4939324098634723
-0.4779992645943813
-0.3069781671689814
0.13364634107962384
0.3757022800855114
-0.16732623289206172
0.4062982820280635
-0.13861120389476084
0.43394191785495406
-0.1950290489379778
0.3527239744634374
0.08807248982659457
0.48014408370367423
-0.38028388683647757
-0.08447822250416959
0.4756878171916316
-0.25771364692943677
0.21117816692055258
0.3299259210485861
0.16011981049403667
0.4787597478852119
-0.2021813161021532
0.26727751313116693
0.354941163036409
0.16760595554867974
0.5014873450566083
-0.20622227754347883
0.2689503832381418
0.3991322987218289
0.12842057144269436
0.5626431860001009
-0.3290713888116784
-0.13269330621294873
0.38948502905895027
0.26082766278192404
0.4349333990918831
-0.0047449846717272925
0.5335013325025657
-0.346784410633341
-0.10437231528413898
0.4447766205984174
-0.056279059596072406
0.49634099468783544
-0.2768223855058288
0.1567426373912922
0.5170085706641063
-0.19977197363290555
0.23328184142094915
0.5217707347333002
-0.10308030317737185
0.41389110198735724
0.20840558448715163
0.5850848674663895
-0.188247972396946
0.20276509065635728
0.6463654008097036
-0.3088452915620981
-0.21620613521315923
0.06182131590806385
0.628891015507351
-0.2522473353284861
-0.07705781833830433
0.3857800802982882
0.46612104723067693
0.3361977986717604
0.656049955267838
0.011584740718681902
0.5184795085764127
0.28898507799119066
0.6754446531669571
-0.15342578460209633
0.15627831697269212
0.6961866999849766
-0.21062173162699135
0.0050938627627883926
0.5059969852154437
0.4713883498413389
0.513351046257501
0.4137103857886604
0.5873531182025782
0.2096309162032617
0.7056393679013733
-0.29744844817130667
-0.30812772548510137
-0.30040181452473935
-0.2938065810170486
-0.251655569347622
-0.08651859955506871
0.4233716794605945
0.40187200031246184
0.3839720581958456
0.41325284243777693
0.36392485025659993
0.456735344774736
0.2438265803827649
0.6089459924415994
-0.20786631997001892
0.1331677373032494
0.6103774989253519
-0.39072531178473846
-0.37611347709293497
-0.3238396179886155
-0.12461075614745855
0.41565491658737347
0.28298728008816165
0.5229087210771197
0.022008021580133208
0.5682600082240222
-0.14082643755463392
0.34850505893659
0.4351298707924962
0.2044693129238949
0.5651038422400373
-0.2536556934297714
0.12605056051799615
0.6012938203894778
-0.38523086322539196
-0.32083218940966163
-0.14261981463681891
0.31835680536560673
0.49956051304354476
0.10621618860447536
0.6112659272476626
-0.38993876007243394
-0.38313671976109265
-0.3486997454196836
-0.16104177605271353
0.33038367459052653
0.46438390095986115
0.12195300154349789
0.6075779388803164
-0.41989944661046746
-0.4273676039604711
-0.40499003920899646
-0.2996617459709686
0.12165416478075684
0.5935028796812389
-0.3760787853043523
-0.31468592263386314
-0.09608509077630265
0.42378637947981995
0.10346540771403553
0.584068760274633
-0.4135491848774352
-0.41091878800530013
-0.3813806735875772
-0.26676441977921306
0.05984655195027743
0.5851188850457585
-0.43297731184744837
-0.4209182749756593
-0.37753814955495857
-0.31865765864413526
-0.06732417226711203
0.4693963175442645
-0.19895132007339794
0.31390767155083166
0.29428400393874005
0.3240415588592753
0.25551548944421393
0.3521334480976915
0.14214500239152023
0.4862653710741248
-0.2565472217874842
0.21157819484582396
0.5012441909641361
-0.16155898406026348
0.3538342374461082
0.2401935859163261
0.4329809753880929
-0.013382101999507748
0.5290191829755582
-0.3692876013402511
-0.19974250153136036
0.2968738030188542
0.4300836549158656
0.15666664416894316
0.5705299498011561
-0.31219699497344233
-0.09561265775086994
0.45821081131371416
0.13912006280431988
0.624675522291242
-0.3760650736353114
-0.38055093683993796
-0.32997697312854724
-0.21044591940759644
0.1255019357371426
0.599324865867269
-0.36780582567920284
-0.35428172310480477
-0.2953248652586873
-0.07043348392716992
0.46171738135888596
0.058484597193205735
0.58491847692108
-0.3887535304799357
-0.3448292291462508
-0.09591560537945384
0.45357392976935373
-0.025025278538962692
0.5343413423883767
-0.3221342043642247
-0.05613514313007026
0.5091700634247442
-0.20607266253549372
0.2578242226738036
0.3531802161897614
0.15075147997904617
0.49533126861565735
-0.3289715858680754
0.025281362552844234
0.5148689877983198
-0.49032433662095
-0.5016203904027215
-0.4821547432846862
-0.4118040985995325
-0.12614878824954037
0.4300142355887929
-0.4159894860239915
-0.14248386651595962
0.42660300972656573
-0.37828176449081496
-0.029413859488263736
0.4768710580343428
-0.52136615514506
-0.5262434401325695
-0.5287217949239273
-0.49805725497405384
-0.3639985808054364
0.018697263557034858
0.48857529735587996
-0.4446436006841643
-0.33915406126772163
0.0208602217911877
0.5462681005126049
-0.4432464576589263
-0.44821566453555745
-0.42929929828197283
-0.40901035640158406
-0.3845958324471316
-0.2685490335392881
0.08948048654961857
0.5866629649055778
-0.40690918349193156
-0.3753857738845342
-0.2573919518693881
0.06754994023925773
0.6446990914563755
-0.2827087791345561
-0.1142064950462297
0.32861519909977255
0.5055788559710227
0.17086998731072073
0.6785713144032834
-0.32480275629912014
-0.3113950037342717
-0.30631872283981454
-0.256810403254324
-0.1031607410316498
0.38156702529306513
0.38285009088512023
0.3526672560957896
0.3883842227889328
0.29411422217051564
0.46149014147899664
0.1281693311682666
0.6080859347195049
-0.39363022502791406
-0.3935154473953246
-0.36283269871375956
-0.20056777298798095
0.25940731004606016
0.39114405437416533
0.14754317148634638
0.5351612724818035
-0.38345620986104106
-0.15279776189939256
0.3883893622524973
0.017434681908618736
0.5282686895943263
-0.449198697598839
-0.45444473296199284
-0.45944175088142925
-0.42865829817186873
-0.3391158043360581
-0.05140851877424456
0.4987991704394194
-0.3525854377344193
-0.05618621752272572
0.4726280591847734
-0.45211851202371145
-0.3036919955384303
0.1624626985823165
0.25543632184811754
0.09275787285481041
0.39990809160853286
-0.2529554941161425
0.25721437291551974
0.11426406852521698
0.33409259093350785
-0.17915991746816737
0.3921484358391596
-0.39017525350161264
0.008949780918189487
0.41814740250911303
-0.4696482546113171
-0.24590351635626354
0.31264845035868966
-0.08083375971123524
0.41349728199056934
-0.5903436161712277
-0.5682593144221674
-0.5234710421499469
-0.3602249105932631
0.0980324631433048
0.2905600264597498
-0.0805741498389936
0.43478661730947976
-0.5553627176986162
-0.5635759248597045
-0.5533156131110659
-0.5173200684153669
-0.31516651369677795
0.21487719684636597
0.04628279037343201
0.3195335033282145
-0.378106653139044
0.13378389364010143
0.0411772609336275
0.20766660681407406
-0.1709734420342787
0.34107351401205516
-0.642325453636722
-0.5855485652540442
-0.3782203011111813
0.11799433085485174
0.18839404511896007
-0.011247818762181061
0.2969866736128663
-0.4209437412271765
0.048694007728004446
0.20883648166397234
-0.11600830369903119
0.3670772940212435
-0.6123790189873054
-0.6028282342523326
-0.5307829545485772
-0.2682199934271563
0.27033753248102177
-0.32679540216461944
0.2228954960998221
-0.2697066857153936
0.3067421675714882
-0.4637898370387962
-0.05195105602730006
0.29175853457053746
-0.47948393631584807
-0.07957893296226842
0.30476308527020346
-0.5398291233021636
-0.19719105373549484
0.3330641316341235
-0.6390978955987094
-0.5162699938840697
-0.10427396254000915
0.28019494633419345
-0.5789392065876166
-0.28755004735244355
0.281503021583947
-0.5552193678630067
-0.24082938207411203
0.3343693440292931
-0.5747291272195616
-0.39045013846723137
0.10912436586725698
0.13792481116430685
0.01951961873005642
0.22434827105379568
-0.16564684083284936
0.3780969006549385
-0.5686925406092014
-0.49328956303537685
-0.2769154250983563
0.2799341332661546
-0.24691209206854559
0.3030986004634728
-0.39142969997178806
0.09723344222351768
0.16523680397467863
0.05487434428751441
0.2829802012284824
-0.20318997134398492
0.3651670626263511
-0.4370900258238101
-0.08933148970224555
0.4063405331933297
-0.5727923309096223
-0.5242323698889626
-0.4077115067006378
-0.01913964082985837
0.3923637912193258
-0.5208728795829182
-0.33029378438361634
0.16865382920604816
0.18413722115852016
0.16840592908892071
0.23417937937771782
0.10406889227532334
0.2955554294853592
-0.15173589446356828
0.4047880673056158
-0.5453057562309295
-0.41076161751586665
-0.006371847919354648
0.3675211299121737
-0.46828396477019824
-0.13706966011803762
0.4279820434966588
-0.5364540404021453
-0.4687323937395448
-0.24008815727241226
0.2969947016599279
-0.10720185796699741
0.40165485485163177
-0.5928363273803021
-0.5532532412721389
-0.411517784960844
-0.009694847296996725
0.30104150011884134
-0.3562984241416356
0.14195924559458684
0.13304770394633877
0.17693209739252141
0.0983627015290745
0.2314352147817725
-0.09387546960427234
0.37231745056670495
-0.6213474474464469
-0.6038754684559978
-0.5076407392079837
-0.12907804926782754
0.3939435998559607
-0.6162098549401692
-0.6388140415593979
-0.6649649580044712
-0.6837964703790005
-0.6942278660849973
-0.6875141852991528
-0.5936973252550956
-0.2939146304101249
0.2502329265943214
-0.629920423508066
-0.3960994791972662
0.16128002112908127
-0.29982369544223053
0.23929461533383936
-0.6433907509023313
-0.39052311034241716
0.13603363401105326
-0.3834287424102386
0.18475902310445724
-0.5550006259339315
-0.1443882523591913
0.1330853675460127
-0.49363105783850914
0.03868227688657849
-0.2278846450004971
0.15500502137623667
-0.704207441679164
-0.4109963217237643
0.1655578323594284
-0.6294160738520218
-0.2698371228541273
0.20809101401343844
-0.7809260373076585
-0.7473369707297852
-0.6444831191414828
-0.3478496088486379
0.19373285077895447
-0.6938685976715716
-0.46419317867750226
0.04300797902631237
-0.3821424300032873
0.15058904058956396
-0.8187575640485717
-0.7309937823652362
-0.5067124018660867
0.0459384598116665
-0.37370624359477267
0.16617510068589503
-0.814274218465529
-0.7703389109105603
-0.5395477493513265
0.007466044226353663
-0.38022132220102484
0.16859762921184784
-0.8068974351302634
-0.7275171883971512
-0.48413127381597443
0.068012268646447
-0.464146615348272
0.09734895859551063
-0.642704939637486
-0.1940603872366026
0.062200902927711965
-0.4601886164527677
0.1051348339588607
-0.5303550979540569
0.00014542158132341276
-0.21683400881918538
0.12039362946048815
-0.6362296887607823
-0.19396251137088377
0.17505559930042847
-0.5588857134422749
-0.10871326171591433
0.18923756960583268
-0.4910622865990153
0.04033593723482193
0.020822881251616188
0.05043369395066416
-0.004308946615978887
0.12910743900261054
-0.06708908668034866
0.34731621375960875
-0.46267436271577017
-0.15681944998681135
0.38760424303841995
-0.46512692748359374
-0.14832644677398504
0.42524531303328866
-0.4198480146219061
-0.09934696312541527
0.42891157004688535
-0.5533701895732291
-0.49424532984194275
-0.3266360846731061
0.19312273622859288
0.07585977143516046
0.2980449368844635
-0.1813870932220913
0.3644540473752951
-0.39057215142182294
0.060495647124992086
0.33570970448645976
-0.31154949198982107
0.20286411495875276
0.18520077215105807
0.19663983597763063
0.14699247852550193
0.2711706774139296
0.021627368175860508
0.4089299804182408
-0.42958055829156344
-0.09848459954776671
0.44343473658505217
-0.5150776337688693
-0.39645244453099737
-0.05413184948961604
0.5091007259070643
-0.4685399620832583
-0.43818810336479885
-0.24032251926101741
0.27525931400223647
0.20645724857179343
0.3651124572676602
0.016179018642843747
0.5340302557883583
-0.46713170817650074
-0.44850119315244097
-0.43967422579414756
-0.37148389250986
-0.10812283334390899
0.4731854825718394
-0.012251399887607622
0.5449807171106422
-0.22448081467881556
0.2260627667539617
0.46506086136599045
-0.12124592159640485
0.4307552508752591
-0.10737901451748671
0.44488454277385114
-0.1999759699414631
0.33092180953256234
0.20977688467514266
0.3934496754416491
-0.015324916621904237
0.5123893399751757
-0.43273019468090845
-0.3372771521555541
-0.06966581581470266
0.5091214217838926
-0.213027635914409
0.2382713440189272
0.47480951077145894
-0.04922305216476164
0.5465584948631398
-0.15596679748361092
0.33645770346638837
0.4568269034474267
0.21564593185133796
0.6254000214530312
-0.23954185773291745
0.014096664945492637
0.5709232764889098
-0.04142882274866805
0.5207335389035589
0.12099054672664489
0.6691645060117419
-0.28509319679837597
-0.19130234580577746
0.16629065603113305
0.653906286331731
-0.3515680567777847
-0.3569648089068108
-0.35158769778052634
-0.3470336235986411
-0.36215739659608126
-0.3480723578165046
-0.21716913749186703
0.15471072724660762
0.5983867320435958
-0.3936149456235659
-0.3635186124154516
-0.2148940070698632
0.2686306320637299
0.3543075352537444
0.1645770431925384
0.49815232243022406
-0.2850366028592002
0.11749938264862606
0.5111700282080663
-0.34883576849015135
-0.051960073993314204
0.5416959569156055
-0.23120356317007418
0.1610881655756098
0.5704420790297667
-0.27973940009991094
-0.014259378165862091
0.5457732981675423
-0.060583252007126304
0.46582379354351866
0.0924938947738106
0.6367396992197789
-0.34463859776036543
-0.3328940398242217
-0.2638811760620384
0.01643486274729003
0.6085428858609906
0.05001707246538786
0.5986347418593309
0.12843718335763546
0.6769100760386066
-0.20748645874079907
0.019811295547643604
0.5807968827067348
0.16027899303627838
0.7023607160742534
-0.26703773212276055
-0.20536420729027038
0.027537219904929022
0.5892807442865515
-0.053141062644004616
0.4847423190238619
0.24778835958126466
0.6185828596099656
-0.24285714492230495
0.07007139817393516
0.6074210972270466
-0.31347355642299213
-0.10653812180791036
0.4130844251922454
0.29053512622948413
0.4793821482837082
0.0822507161770116
0.5970962081463905
-0.35502830190477913
-0.28417353494267006
0.010856706337304678
0.5817400904397627
-0.17420973055043998
0.2824936131725084
0.5474318467732383
-0.0828356102657425
0.460466408647362
0.13018069625309214
0.585363250265694
-0.39896573508050753
-0.3344344513408287
-0.20413507848980544
0.18446672562783972
0.6099539225286905
-0.25895251340312075
-0.0835641438641716
0.42533543091729625
0.5204137205664175
0.3640570963086662
0.6701639075099524
-0.025361991599357397
0.4519130089022837
0.5565323384794167
0.39737213809994937
0.7238534106199428
-0.04585299953264549
0.40840561981563994
0.7868999659079166
-0.028215929493013214
0.3188790131384309
0.7827333239709837
-0.22704262989915525
-0.2233289003939849
-0.21944996453902238
-0.24598766510841502
-0.22291284175961085
-0.1998594929340532
-0.10166949146822507
0.26182116033135033
0.7819688894726775
-0.20018537876613102
-0.18880152851117415
-0.16190506831740575
-0.1657174117918797
-0.08820449632057603
0.09079713317143523
0.571543995634788
0.6744402830947537
0.4438127703440001
0.7798273096482615
-0.0261946516619444
0.3590308842716881
0.7528673825755164
-0.11705051776491576
0.16380559492278093
0.7373145802149192
0.03558617607460762
0.4927815493733039
0.6918732978713247
0.30137712820130375
0.8111289232930022
-0.16232858856921245
-0.10485533871484293
0.038212241397028
0.46064676234972657
0.7441269276749449
0.08789400961965246
0.6191137431098701
0.49963440994660796
0.7587367700960281
0.2522137661980359
0.8056456711881808
0.12272531509943552
0.6183227107260472
0.5184051011652049
0.6717426889074365
0.37215416781867405
0.797260155628543
-0.1498919117195059
-0.033898160065815086
0.3709665531084718
0.7929834727459901
-0.11001382196079873
0.09370247886667962
0.605636586955338
0.5198808497972065
0.6947230746568853
0.3500823585987663
0.8364274141352439
-0.15375316773115666
-0.1538420373598089
-0.14476673514333344
-0.07599866745399919
0.12285296650349853
0.670836826711497
0.4253209708286103
0.8385032651061146
-0.08166124915159417
0.08783937294541824
0.5926721338054374
0.5263457821000297
0.6532204862501563
0.37739983467018384
0.8075255854087822
-0.14674076794260166
-0.0036951379030818465
0.4872469489855105
0.6015652345151826
0.3630664672604166
0.77236401081789
-0.09580440244536775
0.18409068573052118
0.7391712735919593
-0.01703956192262185
0.4083861595582501
0.6867527485618379
0.07798372050869684
0.6386103691683014
0.42431142776610375
0.7705973228644252
-0.049278353117139406
0.3255147204668131
0.8156274283780582
-0.20450037113823
-0.19944218532408148
-0.16421115078225584
-0.03748197938928455
0.34416267313424975
0.8118405353868636
-0.1407611863185234
-0.05282666798222241
0.2082157166229408
0.7907436052794223
0.0387519098556548
0.45426231026849184
0.7993423555626902
0.036679613613233186
0.43691826327612504
0.8115611260304094
-0.04842801541819203
0.25446044882412383
0.7848359465976412
-0.05775182185407268
0.21378877104462682
0.776580229572746
0.10851982870861915
0.5895884641254281
0.6564477789666852
0.501530976903993
0.7374173865614346
0.23731455011399116
0.8118176343185377
0.05865446003169311
0.4637477878647588
0.8093723363233545
0.06600772754451117
0.5018033734918853
0.8492415294991107
0.16971910001686258
0.659472599567634
0.7362439558045868
0.5638081240973466
0.8506094908271549
0.18482418968659653
0.6913899346144706
0.6551965900744605
0.728573009459917
0.5744909748300564
0.8589778360328774
0.2270471402570769
0.7541090612902159
0.4897931877735719
0.9507227971997971
0.05453514121602454
0.21052337633742968
0.6610499121329381
0.7948021124931384
0.4627486911952744
0.9502647961686478
-0.017343381657153267
-0.007652404606520391
-0.0032005262356955555
0.07344460329251246
0.37767629094800415
0.9209743970181559
-0.02391529013737237
0.13866844315925947
0.5748050543959768
0.8021490189820323
0.22588767559982348
0.7924886737984765
0.25711021775119974
0.8147654514173347
0.20789611776552888
0.7295240594545322
0.28135233612665905
0.82964212998148
-0.10491249705714195
0.047580866948023326
0.5006369058204734
0.6756677056060097
0.2135400610956572
0.7537744398848004
-0.17908094335291214
-0.0262762023744047
0.3927873422499206
0.6683001154173249
0.0429166244794896
0.575645815184495
0.29170620765500044
0.7434206115147672
-0.23540324266462342
-0.16866145189987758
0.025364948411564697
0.5640928182864986
0.1688296364854423
0.6863575787362527
-0.30700229583554717
-0.24242521504591896
-0.003296895178025283
0.5559208749872746
0.19724082638549498
0.7442178818690877
-0.2541349260761706
-0.20869577777196668
-0.1182284969672906
0.17544439215688717
0.7147325822953461
-0.23340431464878184
-0.10639640890467231
0.2626207242188967
0.6961717238886829
-0.2292274953959117
-0.10564972811020604
0.30188309304775124
0.6436449183307249
-0.1393479319290905
0.2875753326273617
0.7358056251625177
-0.20180838030911713
-0.06262234456036825
0.3647507861618502
0.7112203250745062
-0.059098410396344114
0.3329154349092269
0.7821633967087948
-0.17665804066137425
-0.07551749023110843
0.3081824551293984
0.8008379540478295
-0.19520854845711105
-0.1873419935216709
-0.08646876972363421
0.2674862492663439
0.7765032736322077
-0.24870738080253596
-0.2562966362762615
-0.26247958143719763
-0.23997037957526648
-0.052382650011689735
0.43034571158171897
0.5031794459370341
0.39803824756698347
0.6263885946219306
0.1271484403981873
0.6677536245021738
-0.050291720141666996
0.3880541398357969
0.6256059749550049
0.09756570580997179
0.6391912682141638
0.0014930530316171198
0.5339552907815339
0.3234888404930099
0.696141127544389
-0.05862193560030382
0.3403235781149776
0.7894299566467535
-0.13455031178806037
0.006449745078373537
0.40729834513999696
0.7980052849401871
-0.11233762796568364
0.08873412879487028
0.6150101299139886
0.44654136392265315
0.7446267690538523
0.03243771776513593
0.4954380682380467
0.4919381102017246
0.4345679890359372
0.5315336566885747
0.39238033206148504
0.6958587204893036
0.05756373350873878
0.5931232538733551
0.4420185800510965
0.679443026358116
0.14243782153373666
0.7031912610941868
0.0009338614166966575
0.4706112797299502
0.5028269645684708
0.3908312218788249
0.5572222472862722
0.12404004622002361
0.6968028895556309
-0.24271791335007006
-0.051970186798204865
0.4331489890218683
0.5370623795322559
0.3372571719633916
0.7093939302280527
-0.07851503669609938
0.2915456524687643
0.7656448735513135
-0.21268723139949014
-0.1746668538473345
-0.04822089788448308
0.3766811558618982
0.6414011819480203
0.03173806491125361
0.5851361744733712
0.32656527766667687
0.73583847212769
-0.17313119509811575
0.013632801964628849
0.5355606374309035
0.3668289976287171
0.6859688257313082
-0.011017010042820352
0.44292212327355546
0.6079812634137479
0.2677426415792553
0.7876599502010095
-0.1996808421832148
-0.19844719058901572
-0.21776819923086727
-0.23339396998282674
-0.2428769625003525
-0.20099908512826659
0.0006515930304885065
0.5526409140402846
0.20679549709423514
0.7271185353734103
-0.26203906249684594
-0.2637582073760868
-0.2002892865961011
0.009474881457497836
0.5481213148706962
0.32657486298942273
0.6541989951570963
-0.10471817042144471
0.31250588478220764
0.6503681911304986
-0.10963567973449906
0.3342452096597333
0.7493824580576686
-0.09343717990715317
0.19731221905760515
0.7091437743467925
-0.21478729886126358
-0.05691943250921061
0.44598121479948727
0.5196175957070657
0.3733615743848977
0.6361024908160718
0.0378314219292093
0.5782122385126354
0.23805082695675392
0.7125656413220522
-0.27323945711601844
-0.26016972426049123
-0.26172944607249926
-0.1427314887497778
0.23175911211950664
0.6929026637457327
-0.3180532456333891
-0.2862767600411583
-0.24074573123472617
0.01935702296262204
0.5786904431861895
-0.14761634733762796
0.3207390106467174
0.45537571199664806
0.18673148810217777
0.6655468029088543
-0.28167884050614544
-0.19218832149606124
0.15378665412194809
0.6384918677270857
-0.35397069768075967
-0.34308842983092835
-0.2886834624059419
-0.1450809543555167
0.3199796719407795
0.44739741559142887
0.20167606328060803
0.6370832710975208
-0.25822802661975075
-0.04272462708142233
0.4748948412806912
0.4135486906482742
0.5564567639820133
0.2756881661107907
0.7229779459347776
-0.22794132562396177
-0.15631758688590947
0.18439404557798128
0.7300611566588913
-0.2147710957570948
-0.10648311774491859
0.219214770752648
0.7307931370765082
-0.261315325586448
-0.2489736009725725
-0.20156931195959019
-0.013167253740164808
0.4703874273880015
0.6036680780487202
0.2987363013736065
0.7690727961502973
-0.2055052754893315
-0.15008069122104606
0.025830350404116242
0.5427326890994395
0.572897973415304
0.5446493800493021
0.5819021103826991
0.49080041344882697
0.6381448769332435
0.3273406518314462
0.799527023349935
-0.19951668732161465
-0.1198575832646061
0.13296892769195154
0.6621143779854545
0.18488935025809106
0.7383084045030979
-0.1534826356609873
0.09923486771713294
0.6235708015091642
0.17559378817232657
0.7240708336654941
-0.20676092008787678
-5.068555012199827e-05
0.48740626442961776
0.5330330312704641
0.4334452583491116
0.567817698101527
0.24422923424738124
0.7265054839925345
-0.24220712125569102
-0.19273492909555798
0.005008227742525878
0.5314882426188596
0.36303719799683
0.6695215293138377
-0.07356715560436108
0.37606554872475817
0.6160308374094028
0.04412980081539142
0.5797356464686685
0.05678015931105404
0.62147896912973
-0.027993672810255277
0.5180920803752621
0.4971043557614332
0.5648830678721457
0.3955325972775685
0.6859463512258921
0.07514320224036528
0.6227583920688737
0.32535412244465056
0.7594301813874844
-0.17536963715887732
-0.029825605108316833
0.3696013019984692
0.7352203298754777
-0.12988086451059805
0.17110489748763966
0.7478607645500598
-0.1381070090817838
0.08417525031764797
0.6240222927697947
0.04741392045799839
0.6250816414119189
0.1461570357051833
0.6970754458275219
-0.1031313743177972
0.2845857305811101
0.7308151982333725
-0.21738404374309722
-0.15895132103066306
0.16487521109657424
0.7231681178599899
-0.20599757228476206
-0.012231364365001274
0.4767009267086073
0.5735710504602285
0.4747641075341617
0.7100737394675707
0.16625736095142848
0.7324644156614173
0.06141385688697579
0.5996239156921492
0.5398135471161111
0.6802299735248825
0.3813912558394188
0.8586634983926604
-0.10812754441880629
-0.06172888046191488
0.18783425927977115
0.7370450810073149
0.1968852491744713
0.7368061365072249
0.007642789168031572
0.43674717657552153
0.7048255769092496
0.09318598186789517
0.6132704232096666
0.32557853921321905
0.7697665944733384
-0.17621696350137112
-0.09971963135834772
0.15460905663424446
0.6953844010317648
-0.18604383789464704
0.02010623621034968
0.564570916143145
0.20952916011145525
0.7079359526928498
-0.28426932846877684
-0.2765019265900054
-0.26075283130687
-0.22594246870571028
-0.05155072297096294
0.40370737135760937
0.582454574688659
0.19133037714136258
0.7272506140125247
-0.23293401031100225
-0.2047460808171424
-0.16673251356535923
0.12812908242165463
0.6742101085483927
-0.13042870744038493
0.25644706002026785
0.7189304897796281
-0.24738693008738125
-0.21138734617024996
-0.03401438866582837
0.4686034682339817
0.4378501716579162
0.4939252693562789
0.29334741473608034
0.5960535471033
-0.057329762567318115
0.4357649970727925
0.2870850477050654
0.54123501691597
-0.059516003841822485
0.49822512063959906
0.0038427042725173582
0.557143062312578
-0.20570989474259302
0.2053640600008307
0.6330823801273415
-0.28133703484514083
-0.07746938072480067
0.4465716683675383
0.36500771841169344
0.5729938330385478
0.1823308489699741
0.7078337012156904
-0.25304783814089316
-0.17629673721490324
0.07738639749171144
0.6260253221644179
0.24084662141513805
0.7566092238706252
-0.2780651023944942
-0.2739738787529789
-0.23206971776687743
-0.10015506561648307
0.33551034161973875
0.518421139721639
0.12164260180691974
0.6067811929637774
-0.41030435731164294
-0.41012794036656364
-0.3720834189919815
-0.17864192812665225
0.3198679942217437
0.3540513067952075
0.2729604335847976
0.4342477930348835
0.10250071409843187
0.5544359652499273
-0.4376823009662838
-0.41919763769482676
-0.3517472594080342
-0.12347269774827972
0.44744744674403125
-0.13766882347693662
0.4219956376179372
-0.0836848404034723
0.44996946211771516
-0.331217578767568
0.07452378104271222
0.4178819742951374
-0.4000324591155445
-0.028272237375902256
0.4158379594423424
-0.5505798024224597
-0.5017149555837176
-0.32116292815454506
0.1587661444981965
0.2547593960473784
0.06137190911915689
0.4046180883217065
-0.3470660437480381
0.05915100474920207
0.4336230962538304
-0.39189055302636344
-0.059423945194956196
0.4223263883010643
-0.6050153361776051
-0.6234941093730746
-0.6117382118976622
-0.5954429358349762
-0.5167404828411306
-0.22562069954848235
0.3255377984965644
-0.5181880082988556
-0.18115509567485455
0.3413647258754612
-0.6605128445056634
-0.6313452160227789
-0.5720617800656688
-0.37796603943686713
0.14902179469305743
0.008578541182827193
0.2858213685160863
-0.3011253479906042
0.23879587503827768
-0.159379947926998
0.34972848994908856
-0.6221315353830432
-0.5848644165129454
-0.5537662751730361
-0.4397200607402439
-0.07500740075008316
0.4030445062175625
-0.5905868342847306
-0.5633059201398932
-0.4173860508767204
0.031092248582464038
0.31914328622511634
-0.29679226910111955
0.2404478842823612
-0.10898167588234707
0.3729406076198686
-0.6198067092640627
-0.6138119754604355
-0.6122829273284298
-0.5711112753545308
-0.4873852411597332
-0.3006432451541962
0.23020660619053568
0.057423707987157194
0.3613348928309906
-0.32325108878663006
0.1610399966510538
0.25788870779517814
0.10213042123698156
0.4006100104950003
-0.25111921862943243
0.2405665449647346
0.06488380058905763
0.38263640396640314
-0.2743472145029974
0.22849599712398258
0.12044387166250882
0.26908896417005723
-0.10334565248581828
0.40403450512108846
-0.6022221624757794
-0.6157924701076471
-0.5560921312190863
-0.3676242785010005
0.11025120980797927
0.28062777973921615
-0.10331550619472366
0.36599945387533744
-0.6359107246021891
-0.6119063086971467
-0.5815287084414338
-0.5832696629003509
-0.5935880248444142
-0.5210546751032851
-0.2708113609957373
0.2763859666520646
-0.2959736678546692
0.24836314756807934
-0.3196071924662083
0.24200718762937248
-0.3391849149413819
0.22499957404657797
-0.33643510112590336
0.23037012841451726
-0.3450985219730919
0.2120580625994621
-0.28221998772429824
0.2813529136532731
-0.5235128180465124
-0.15613137800675198
0.3601394947086754
-0.6338998616119513
-0.6357953348330447
-0.6573677284236403
-0.6397941751060242
-0.6574790702337481
-0.6341638674366848
-0.5212217149576841
-0.29459488296934955
0.2660068061450722
-0.36626019975652857
0.16275310739141752
-0.058323499291975486
0.2793280846293159
-0.44257708608293655
-0.023355654505606116
0.23047401843288298
-0.37012460259706736
0.20485743662076555
-0.13748265086637895
0.34001044987355955
-0.6540715447083914
-0.6548065376306967
-0.6339142860123973
-0.6058605709171763
-0.5558178552773483
-0.335865090316921
0.21826656327858796
-0.18472559359286755
0.34497661165934523
-0.6360260062691688
-0.5948397189585776
-0.45636010163987495
0.01738352078848643
0.29352523388258644
-0.2738975201534427
0.2774275812250429
-0.2566570913231756
0.30212307961281315
-0.3839587955035235
0.1270605811862039
-0.005770151978357563
0.20863233948848361
-0.32037458659056584
0.23551675277319714
-0.5059547472475573
-0.0790959877207429
0.24267936953223077
-0.4365971035787189
0.06688315978843776
0.15136839637352922
0.015431831675078986
0.31553205487262787
-0.3017962229186017
0.25143522661417583
0.006920177743787885
0.42779124310572275
-0.4590624615514782
-0.24799544644812282
0.3188337303457037
-0.04500017983401974
0.46996555726714656
-0.5120882198090935
-0.4945326189961715
-0.46662934666920186
-0.3742953647952545
-0.035263305622573654
0.5127405524996799
-0.42859384580007615
-0.29020083584695106
0.1411902860742358
0.33414911441205786
-0.10397920346946599
0.44148581723765407
-0.48932694388972725
-0.37252178588295937
0.02645414880400801
0.49567072477516505
-0.46263225230559285
-0.4199312236111053
-0.16033804251221065
0.4060394724322468
-0.15924580696843257
0.41802641554827313
-0.15813844684877876
0.40137886321436206
-0.07570668495208445
0.4902086653851082
-0.3033681126669717
0.10039099144556717
0.5562855745399371
-0.42949593836462807
-0.39767206798166155
-0.29177935319253195
0.025967095605443705
0.5574669436465608
-0.3962887410422193
-0.2788695126985911
0.10505250582436533
0.621817090557865
-0.3901979040309581
-0.3684711981877644
-0.39041527353765737
-0.35525426912283214
-0.23752545396373992
0.12787115278697553
0.5979639176944256
-0.4047652700240338
-0.408831868641651
-0.36710614952240134
-0.17990963507403945
0.30089500090666654
0.4160353359062277
0.1188026533808855
0.5856808046983899
-0.3549142277312928
-0.22916630675413113
0.15614512019690474
0.5043347539771867
-0.27766582247704913
0.11574828475242191
0.5029794248459744
-0.3730129145008233
-0.10841954529047365
0.4225495723740758
-0.25933679805141546
0.23459039157302697
0.23353848011080247
0.23879575892746427
0.27467652230155365
0.22677840099939903
0.3467994922998073
0.11764588069408262
0.4604766338031374
-0.3171831266838359
0.05634377788692813
0.5043065359314912
-0.4381065577975169
-0.3433672813597774
-0.033224630693306376
0.5304665401107476
-0.264391768326974
0.14877033506411516
0.5233656055157765
-0.351660172860171
-0.11595311480447869
0.4483346095525551
-0.13958241655699877
0.4254974103349721
-0.03342103716456208
0.5196585520119934
-0.3586057206083672
-0.11192718185408079
0.4643132731999773
-0.11996753220677545
0.4324040400994346
-0.08767800052764896
0.4830296649590601
-0.20762515036507814
0.3039502299379952
0.33262568685536337
0.3320170111758499
0.37849896076029893
0.3734299121283081
0.4186030640635524
0.30513190106383825
0.4919275506553836
0.09552789102053136
0.6320224844541775
-0.36322517909012203
-0.32127930530757337
-0.15462939883909216
0.298154665462277
0.3854894827245131
0.19505494466471746
0.5073292171331145
-0.18071623181566063
0.27990282358517515
0.44743917148659895
0.06979382315381871
0.5892162640821745
-0.4041753189234777
-0.37001547419582537
-0.28513116478963907
-0.008115103258953926
0.5494689453103639
-0.14372091610120613
0.346951179379344
0.3713301585699969
0.31464570433818234
0.4154936557606553
0.22930483172800364
0.5457279776266819
-0.16535874842154197
0.3087497050447012
0.4632682488669975
0.10886857519000447
0.6047747223526163
-0.3994489257046383
-0.38996122911594794
-0.38022607315782697
-0.33395979652024577
-0.10491295499304351
0.44395764273264704
-0.10451149829724438
0.48221983009665326
-0.05317940987579661
0.4938973118518581
-0.1494390886561695
0.3641276028486813
0.28735395052318213
0.43335007613812315
0.07433752070780653
0.5217823700643129
-0.4686604882507928
-0.434567475124143
-0.33737583257665626
-0.06731812533736514
0.48631926440489465
-0.027780370969983315
0.5460822196673769
-0.11508314117054474
0.3718808091346288
0.3411893001424977
0.36752334819132976
0.2776430202915744
0.4674704028991976
0.06812042384648957
0.6159306688543029
-0.33325054154098344
-0.25806226663291504
0.009460716479011005
0.5988078663023274
-0.015752159840492497
0.5118475514038903
0.20517096206079682
0.659398067701551
-0.28465067257723864
-0.2018372070838692
0.10018580077315892
0.6565265696731103
-0.09219544512375424
0.34452348883803413
0.6581757311506811
-0.06779393571860723
0.40462075356669014
0.6011136167224307
0.13378586857048352
0.6723561303392172
-0.22439768756946282
-0.02422351889551083
0.4828777188605312
0.366766711172292
0.598588393876275
0.09783326498599253
0.6798477129698854
-0.11356500309052975
0.2572641616880076
0.7077526048717909
-0.3174349971587238
-0.3336447815025555
-0.323747191112157
-0.2989902020407539
-0.21242278645126322
0.059975294968961576
0.6189888090149386
-0.22772655795426522
0.05718639065356507
0.6349731554178953
-0.12869317718063789
0.29582249894704815
0.6245021463679358
-0.1700648459977094
0.2384883608410094
0.6728429474296354
-0.2128405872360136
0.008439219771482237
0.566216344930583
0.2397743196689497
0.7458477039029326
-0.24633348198948934
-0.24315346324081966
-0.21569035531828906
-0.06296769328420465
0.4136279456328012
0.5760515244940103
0.23176192555134126
0.7074359786069208
-0.2841047910770905
-0.26169092419471474
-0.205402228319371
-0.06670030742664834
0.3933078225505448
0.6679405881530811
0.027195104644346935
0.5730944166358979
0.3507821108907039
0.7385506046726626
-0.13523768828460908
0.10792493551240842
0.6380813107537265
0.03736141861557926
0.5953396340889938
0.10913284146047195
0.6587862408227042
-0.1610156353164953
0.1441988195822948
0.7019122617959762
-0.14807339148188586
0.13110579453099874
0.6803678499149745
-0.058290916029241024
0.38232343421030657
0.5792856545640064
0.16875054538132
0.7132595253377143
-0.26285792057187735
-0.19495638018659292
0.09214210670346934
0.6560491749034567
-0.04746009441306101
0.4360415621570183
0.49252273992490325
0.37321845642214047
0.5630558369931754
0.09104891759812024
0.6630937440599177
-0.22958404487202588
0.02542572819141875
0.577578708296304
0.0019238917637210418
0.574262505471262
0.12088245849586375
0.6627896636336333
-0.2342147376727136
-0.2802347504912675
