-0.00024359350638467536
-0.00021752029575077976
-0.00019285875821552649
-0.00019731431651994621
-0.0001827105933165826
-0.00017082913414058734
-0.00018831513535205721
-0.00015376667307465288
-0.00018484767508576108
-0.00017354451592718404
-0.00019308801690209068
-0.00021504276926441088
-0.00022271425940617872
-0.0002246970002731155
-0.00024974820110318006
-0.00021189158696326762
-0.00018156127826088336
-0.00016252833159074905
-0.0001794269442054478
-0.0001874091194441232
-0.00020938093148272651
-0.0002079574898258487
-0.00016365751618941635
-0.00015743612244331165
-0.00015300893361588043
-0.0001913424026410532
-0.0001466537873624254
-0.00014539935339008311
-0.00017183601328582256
-0.00018238368101326975
-0.00018310462899008366
-0.00015544443769236537
-0.00016297861228705302
-0.00013880569559247875
-0.00014273595472543853
-0.00012745927899439734
-9.54396122514022e-05
-9.802693744498882e-05
-0.00011895722275000986
-0.00011651286654772747
-0.0001128346666835767
-0.00010778013779904331
-9.764122844641089e-05
-0.0001160430948515406
-0.00012380851443430369
-0.00012828581927027723
-0.00012372702505689427
-0.00013815782402218046
-0.00012737054618326165
-0.00010001422203208873
-8.525749678062227e-05
-9.64619399074353e-05
-0.0001261507244364147
-0.00014412465678669575
-0.00014862671714894896
-0.00012987909364685628
-0.00010542699661670688
-0.00010703686841689842
-0.00012785382167386484
-0.00013115728788099952
-0.00015894771914825944
-0.00013141577129681986
-0.00014572537224334236
-0.00015228050742770264
-0.0001507822965659933
-0.00014182395141184678
-0.00011828903514633489
-8.714688210590709e-05
-7.407737947366904e-05
-9.617938020112764e-05
-0.0001263376446201808
-0.00013604595929279874
-0.00016008361105162102
-0.00016471250845373692
-0.00016040471264673603
-0.0001517147674064871
-0.0001577332137382857
-0.0001389767414609294
-0.00015923150512325932
-0.0001679897560097166
-0.00021101281954092525
-0.00019152227817989962
-0.00017198162799654998
-0.00014390566963641625
-0.00012286297640256872
-0.00011361650663127017
-9.297800114103878e-05
-7.007317183651318e-05
-7.51097830729026e-05
-6.0897108401971424e-05
-6.137001090898475e-05
-8.146163415399867e-05
-9.033841084019552e-05
-0.00013431220185852342
-9.067859412179342e-05
-0.00011183172864555875
-0.00010789688478055664
-0.00011920508433689155
-0.00012308054818237254
-0.00011458086932923317
-0.00011633923479012281
-0.0001361265871851047
-0.00011696483565577009
-9.812148333297554e-05
-9.370229729131798e-05
-6.0844244495283966e-05
-5.756257390866109e-05
-7.153442581035204e-05
-8.103815299990226e-05
-9.108821281103975e-05
-9.388465179706657e-05
-8.793214757834035e-05
-5.343956615645496e-05
-6.765123735215093e-05
-8.039192947132887e-05
-8.587311162247513e-05
-4.2897780326369404e-05
-4.0035928142169734e-05
-3.0241727017280874e-05
-4.6156674349914244e-05
-3.1090558676782464e-05
-2.9857354234518992e-05
-1.2331307453928339e-05
2.3030439675593285e-05
1.4161372271712807e-05
2.025062739408157e-05
4.448305129594915e-05
3.502897255744803e-05
3.998465956010075e-05
1.314372383916823e-05
-4.646848450156021e-06
6.314621449378388e-07
-1.1610309162324057e-05
-3.587360088209155e-05
-4.6545398458828916e-05
-4.696857462420015e-05
-2.9655412159828768e-05
-3.596472138137953e-05
-2.1034662750950978e-05
1.0919834964881518e-05
-7.514268660677604e-06
-8.803237049207375e-06
2.4938466373661543e-05
5.2963236254593635e-05
2.9000929360156974e-05
2.507351912311523e-05
4.411275762533694e-05
7.025850842550961e-05
7.791292277081058e-05
9.26842181116395e-05
6.018637068313956e-05
3.566995202167628e-05
1.4852184975225606e-05
6.067007952496851e-06
2.2596232306244254e-05
-1.0349717536742092e-05
-3.129472526591177e-05
-4.969887127411092e-05
-4.5295993410334726e-05
-2.8610932319198716e-05
-2.549319767032482e-05
-5.967999702707067e-05
-8.252653820687829e-05
-6.533433480351852e-05
-8.207853358475594e-05
-7.96149446305737e-05
-8.914815409145704e-05
-9.576370287413033e-05
-0.00012253932813546006
-0.00013843089586705262
-0.00015849711208567544
-0.0001346577617356605
-0.00014476636698007486
-0.00012780752027903103
-0.00011524159284298104
-0.00011532843733770402
-0.0001099567627506996
-0.00011768522713125317
-0.0001101118628471811
-8.490031713933872e-05
-6.164748408642707e-05
-6.097626992349853e-05
-4.9713068458898005e-05
-7.487479605386362e-05
-6.714712760388008e-05
-4.384899645498301e-05
-1.724743109497018e-05
1.0557842173124573e-05
3.974508820478597e-05
7.371153866691003e-05
9.17028748328188e-05
9.205984905694191e-05
0.0001000289431668605
9.018011036992287e-05
3.717757417458749e-05
1.8064614159912117e-05
5.46539487325325e-05
5.435274549799897e-05
7.016484986251063e-05
0.0001115179656438174
0.00011218297031924724
0.0001443440130904541
0.00016207486900904068
0.0001332555567441339
0.00014024776779668612
0.00014960950705095153
0.00015747961813317117
0.00012917796030890397
0.00013542802388401515
0.00013048807247970627
0.00011914801707233514
0.00012599296883806724
8.881618927879416e-05
9.295543263338106e-05
0.00010424405292680348
8.820810935272386e-05
9.76088631561115e-05
0.00010424627309876015
8.790604708278148e-05
5.2386975546830596e-05
5.3463498888189616e-05
7.315003577791804e-05
5.539722929520302e-05
5.563747102209506e-05
3.1958671185300814e-05
5.1963579293458746e-05
5.132471801467338e-05
3.467170380063949e-05
8.656406128063255e-05
8.319890095364131e-05
8.797298077415573e-05
8.708583032369844e-05
0.00010233852491055325
9.816409281433889e-05
0.00011732698648967827
0.00012670388551096426
0.0001533281960695308
0.00015777929343365946
0.0001690976252268931
0.00019926787999864138
0.00018281598559460776
0.0001977503824589263
0.00020059096006887217
0.0002167461640041737
0.0001964319767284729
0.00019338247831352553
0.00018052169517159106
0.00013223543413197516
0.0001411397688998755
0.00018209712367312192
0.0001693701526786467
0.00016143115468512175
0.0001663257368836485
0.00013913992427201898
0.0001328593157868822
9.029989385948415e-05
9.10346091918664e-05
9.402563094068567e-05
7.476431387431229e-05
8.317871700446032e-05
7.678902738565636e-05
6.886065482319116e-05
4.992885715974642e-05
2.1477776816806082e-05
1.4658225163980798e-05
1.9805160305240183e-05
1.4845467797477822e-06
-6.910648111028441e-06
2.8641222045461972e-06
-2.421174354768195e-05
-1.2358686457769553e-06
9.931897408158388e-06
1.729954075668658e-05
1.84479693939119e-05
4.254316606633953e-06
4.295482126255733e-05
5.353456982668892e-05
5.0090621762363224e-05
5.384750810856961e-05
5.631617525387407e-05
6.24655764612842e-05
6.918378976534671e-05
7.748759492053719e-05
7.133889978250306e-05
7.886813942473562e-05
7.035630907705205e-05
6.24204153170784e-05
6.5834931932425e-05
6.711830790268066e-05
9.737366282735814e-05
9.109596491758483e-05
8.628390373436253e-05
9.772495211161893e-05
6.62009387438741e-05
5.806845301333159e-05
5.1386006885979606e-05
6.164213915156307e-05
7.984550757620797e-05
8.38953796324101e-05
8.455606366756609e-05
0.00012636955372810358
0.000136870799583512
0.0001470479713360926
0.000177297884000388
0.0001414412949494656
0.00014209581846570224
0.00015698706635056985
0.00014963318300791712
0.00016736296148324846
0.00014898081831631694
0.0001790038466017612
0.00018545453051504234
0.00014955252723468417
0.00019584871991048627
0.0002182893961602851
0.0002179125805456993
0.00023969033994968928
0.0002481714802174626
0.00024019004386371194
0.00022711635791253115
0.00019115395222593835
0.0001540306040339375
0.00014972498523831683
0.0001438957470217979
0.00012182155786046347
0.00010712557373269819
0.00010214893065662979
6.56804623827813e-05
2.4692681164142547e-05
-9.716189567835469e-06
-3.822681114143539e-05
-3.2543033677525344e-05
-6.260075481622775e-05
-4.2076923563538846e-05
-2.3488992954906452e-05
-2.619014726543355e-05
-6.428979056122565e-06
4.045889421044973e-05
4.625609216235189e-05
7.521087716817336e-05
0.0001124489303554948
0.00010153810655747934
4.9842460447675886e-05
3.652743155738208e-05
3.451913881439837e-05
4.583531248663253e-05
5.5686243508997785e-05
8.051903110748977e-05
6.0867983564808583e-05
4.851650535627951e-05
5.955677284665696e-05
0.0001185912765643766
0.00011200689189174261
8.23953195360218e-05
0.0001301588427271154
0.00014198480031913963
0.00016612908442719342
0.00015971628665972467
0.00017436056028633713
0.00017355985452719146
0.00017062525460287422
0.00016949695517637549
0.00014582932356004818
0.00016047888369481177
0.0001869167717922631
0.0001948156014533109
0.00016868889214336744
0.00016711389310583715
0.0001428316634074648
0.00012197343311502116
0.00015000671371496858
0.00010538545995877432
4.281910011047465e-05
2.254275281679919e-05
1.8762994694052163e-05
9.20689302340294e-06
6.161101863217836e-06
-7.281002523365116e-06
-4.455939957797733e-05
-2.146744937033233e-05
-2.1996548492077072e-05
3.826367396907588e-06
-3.486148806027369e-06
-2.043472028621144e-05
5.386792113462996e-06
-2.2086486334387223e-05
-2.3162140690847216e-05
-1.2223976226494968e-06
2.7914504501862735e-07
1.486705904945042e-05
3.137220605130477e-05
5.501350180500237e-05
5.191591897811659e-05
6.219464083232393e-05
8.588790195362565e-05
9.654769378623682e-05
7.968559323859142e-05
8.100650955702353e-05
0.00010011103488037924
0.00010648481774010285
9.520761785106757e-05
0.00010175550231845497
0.00010661089944862262
9.68010234804227e-05
0.00011068151484793312
8.994565344853567e-05
0.00010051013933871607
0.00010389993605377413
9.170160801064119e-05
0.00011361388587377025
0.0001136261004770774
0.0001005244634897967
0.00011791684989466953
0.0001292546151483882
9.164824387426162e-05
4.895091162392611e-05
2.4128513578374676e-05
1.4912538268215436e-06
-6.123540358571658e-06
-2.2254181534836358e-05
-2.732161296893179e-05
-2.7124630605174232e-05
-2.3418912832516768e-05
-1.4409582780891935e-05
-3.4138339968313745e-05
-4.357709503721053e-05
-3.454191599276696e-05
-6.264751525713677e-05
-5.859223126808263e-05
-5.892416814048265e-05
-7.011732564661579e-05
-0.00010582537057962415
-0.00013025224355442497
-0.00011159918875457795
-0.00011688095054219618
-0.000150267882618691
-0.00018301870391961722
-0.00019918193028694084
-0.00022911723430959683
-0.00022446056284117043
-0.00018978501261695242
-0.00023375869022736263
-0.0002567472252667102
-0.0002815395202709806
-0.0003271363886204083
-0.00032118024140111395
-0.0003152197229021221
-0.0003078922965976123
-0.0002890586495639031
-0.00029676898811247237
-0.00031420106837985593
-0.00031329813089148195
-0.00030638053416942227
-0.0003228753069187027
-0.0003083140204371266
-0.0002934971956272853
-0.00025638911033722925
-0.0002525166802127535
-0.00027914174746003126
-0.00028128184471751044
-0.0002832190887701363
-0.0002967025464398811
-0.0002868361852363792
-0.0002854024610141723
-0.0002869997527773379
-0.00030400826642491667
-0.0002825420649935408
-0.0002850238106692927
-0.0002637454355523637
-0.00024716014295410874
-0.0002510289117063965
-0.00024994779425571945
-0.00023772479612103883
-0.00026026241436336386
-0.0002602701474109808
-0.00026344251997991483
-0.00022766058192233782
-0.00023017233764186732
-0.00023977075765988767
-0.00023666539135096677
-0.00019984666017051428
-0.00021641804925240168
-0.0002375752360712941
-0.00025180276886495345
-0.00024502426890376963
-0.00022621726458150026
-0.00022365543465769798
-0.00023757165618039808
-0.00022532753056032136
-0.00021906977951085708
-0.00021263672567425256
-0.00020407215203142116
-0.00026068268342652683
-0.00032773578479765753
-0.0003521732216015773
-0.000348732612699079
-0.0003743784494177093
-0.00036341073136567797
-0.00034426507586212096
-0.00033561909490245807
-0.0003946843194634808
-0.00039532640605669883
-0.0003825432475572942
-0.00039233648397345123
-0.0004076639596127282
-0.00041335763661882227
-0.00039031754875802746
-0.0004035744839569613
-0.0004146970961081144
-0.0003956714671158393
-0.0004038569969010837
-0.00039429640411933346
-0.00042537941542966846
-0.00043722565619272035
-0.00041599342902758925
-0.0004074301595887379
-0.000394688251497433
-0.0003901311879488396
-0.000405535960461277
-0.0004392760423400999
-0.00043000175209435414
-0.00042139839327387583
-0.00040093761962838064
-0.0003895576171054676
-0.00039866476913550655
-0.00039099487334157
-0.0003910833741324846
-0.00037217241734442826
-0.00037353330105022924
-0.00038161570722935263
-0.00037379813229224335
-0.0003745016788159963
-0.0003742073092650314
-0.00033601710896578846
-0.00033199839467548285
-0.0003190251494953844
-0.0003294803659732372
-0.00035294459424074396
-0.00033734320711232505
-0.00028215812281149656
-0.0003103694715280174
-0.00030928274890342866
-0.0003355208047215799
-0.00035324424912211644
-0.000334684239395599
-0.00036530210149138324
-0.00035836347061791676
-0.00036015435169224814
-0.0003493218186098756
-0.0003484023931315911
-0.00034812421087185703
-0.00036287337626700057
-0.00037850863162768776
-0.00039842388480745806
-0.00040456888803192274
-0.0004082907956271858
-0.0004124731068969144
-0.0003935395965135557
-0.0003701854882239865
-0.00038698425943973634
-0.00037288395740544574
-0.0003432142810457957
-0.00031113405802032126
-0.00032691622070087913
-0.00032332545496124615
-0.00035618822308062934
-0.0004047276688265571
-0.0004207174583915779
-0.00041725587847033267
-0.0003825041743874634
-0.0004034018230298772
-0.0004275776065342597
-0.0004326543381187337
-0.0004400792138506299
-0.0004292900813819987
-0.0004054729267922052
-0.00039764973509406225
-0.00037720314405495595
-0.00038361855161587295
-0.00041621193387128053
-0.0004552295802234577
-0.000445489528040611
-0.00043970467205429846
-0.0004157137962212793
-0.0004085324411022851
-0.0004098047307543779
-0.000449756780891714
-0.00043899518282013335
-0.00041566055672065454
-0.00037802309610820485
-0.0003428463035829093
-0.00033787759964726494
-0.0003404378399225657
-0.0003396507957978527
-0.00035054927970723607
-0.00038001480983913946
-0.00037030739023684295
-0.0003960026759553332
-0.00037038525753458837
-0.0003746300435050707
-0.00036539139063900195
-0.00032719023926409805
-0.00032704405186977846
-0.0003155746401690926
-0.00029059289064964637
-0.0003055700421021796
-0.00034517783600109214
-0.0003535168177649497
-0.0003781412092690998
-0.0003774796502520435
-0.00037909283395198666
-0.0003996106851772528
-0.00037652139431165076
-0.0003630384003930661
-0.0003546697209896145
-0.0003643720395591286
-0.00033086783292550183
-0.00035397015874274546
-0.00037561566233125813
-0.00037019955420331853
-0.0003431789257136986
-0.0003489218478119686
-0.0003334445695121461
-0.00035878391984708896
-0.00035559114220739445
-0.0003987603506513575
-0.0003797702875327881
-0.00037149102233886166
-0.00035894503136073947
-0.0003543415244673631
-0.00036343765000144274
-0.00033445969335509584
-0.00030060834723675026
-0.0003210690767608014
-0.0003780428030986856
-0.0004046949193537285
-0.00037533165828553515
-0.0003960353751350363
-0.00042906755513802023
-0.00046809038761800665
-0.0004929832451689174
-0.0005016391236003525
-0.0005166961689094667
-0.000526872937849622
-0.0005068894534299134
-0.0004919892646068195
-0.00045798459586089604
-0.00043540679717124855
-0.0004610052319068754
-0.0004462349584971558
-0.00045212657550815016
-0.0004397722171425647
-0.00042057708748204255
-0.0004292169921741177
-0.00044714996368785216
-0.000437581484156136
-0.0004155420159260217
-0.00042709805018340593
-0.0004097439934813556
-0.00035809253657771787
-0.00036298732012926094
-0.0003517886113858902
-0.0003278166886010805
-0.0003286334885973767
-0.00033388058537270554
-0.0003183996908728176
-0.0002932846934188885
-0.0002769376712900279
-0.00028804008164721713
-0.0002911481074441043
-0.0002866595025051268
-0.00031168653861785175
-0.00028224672469844806
-0.0002636103124929977
-0.00027518140517456213
-0.0002910608218588091
-0.000274717983517557
-0.00025764117648464485
-0.0002722062658505074
-0.0002755369543162996
-0.0002715675613489497
-0.00025174697731339293
-0.0002489327289203478
-0.00023971023629807813
-0.00021233604831140623
-0.0001422602378033617
-0.00013240130344952168
-0.00014140888031292706
-0.00014755414061560268
-0.00012737707550682177
-0.00012976755183698342
-9.135412475014785e-05
-9.336784883134483e-05
-6.959943505479812e-05
-3.6969760854950635e-05
-3.064036863403681e-05
-4.167778660460109e-05
-4.4218039862027174e-05
-6.449793447282047e-05
-6.137915267836038e-05
-4.5877393505160444e-05
-2.4857100460373807e-05
-3.434501573406257e-05
-6.130303052162426e-05
-7.846019988607455e-05
-8.13773035849542e-05
-8.012723890931552e-05
-7.411325327533885e-05
-5.317166593691165e-05
-6.753467684125772e-05
-5.753235169301505e-05
-6.807818787057672e-05
-5.190218348517014e-05
-4.733311150073504e-05
-6.846541240809566e-05
-6.552077098720253e-05
-4.699852114991565e-05
-5.1418139469961934e-05
-6.839098376484976e-05
-5.277171057253442e-05
-5.29156790482731e-05
-6.551264949574394e-05
-8.978271071089682e-05
-0.00010673121059006236
-0.00010221500864211159
-0.00012755752850002164
-0.00011647850965583269
-0.00010480696275365368
-9.483665347769634e-05
-8.99292868190521e-05
-9.928975820059003e-05
-8.572190459304948e-05
-7.482206955544525e-05
-8.151965207892024e-05
-0.00010803042597545663
-0.0001324417667146279
-0.00012136538049262538
-0.0001438161942313911
-0.00014087230080823986
-0.00012594350514674325
-0.00012026292852813217
-0.00012341328757150226
-0.00013081354467916456
-0.0001378825476193356
-0.00013383188900263713
-0.0001338084783476945
-0.00014041256671792096
-0.00017348263613321913
-0.0001544239134586161
-0.00017350715787454887
-0.00018013959222894905
-0.00017749725426388592
-0.00015369947043621356
-0.00011327543883122363
-0.00012227141593518231
-0.00014196069234850308
-0.0001524348869209235
-0.0001568397594890732
-0.00016022743450646437
-0.00018299029146545706
-0.00016890772929359322
-0.00016323363618568563
-0.00014566687363443495
-0.0001444478028609534
-0.00016091209876083754
-0.00018022143889377432
-0.0002021358932078321
-0.00020477673328297857
-0.00020589303837292668
-0.00019024630312340624
-0.00017832658382321978
-0.00015704895206329177
-0.00014801991635433122
-0.00021401934799563898
-0.00020305713341299146
-0.00020148824433294046
-0.00017683872694099356
-0.0001923379443587896
-0.00016512213838619486
-0.00015794980239148233
-0.00016075246924760283
-0.0001224433500456075
-0.00011837056455113842
-0.0001245453527641161
-0.00011048772494235285
-9.615083894638883e-05
-8.031395013322314e-05
-7.517409602308762e-05
-7.969814273438373e-05
-5.477421876914959e-05
-6.826500216364608e-05
-8.153194735544434e-05
-5.528497535224356e-05
-2.269944673938685e-05
2.8600641040573587e-06
3.4212079390451506e-05
1.0998033972173075e-05
-7.496983569202413e-07
3.4523628264367554e-05
3.9005622451598765e-05
6.0477983438964294e-05
8.152811754584866e-05
7.827601864189606e-05
8.379312687497754e-05
7.720650590175506e-05
4.6131816579458005e-05
3.61253970142202e-05
1.6815214253416855e-05
2.9692184593247764e-05
3.210218892928003e-05
5.741055054082813e-05
6.726456644910351e-05
8.774423018882561e-05
9.740333419087457e-05
0.00012080933226319791
0.00010738231899382083
7.776436987133058e-05
0.00010824704162697356
7.615601234592961e-05
5.5250039856854716e-05
6.0823558558497845e-05
1.9945053078385396e-05
4.953333649908114e-05
8.062066910475348e-05
6.707298080633754e-05
0.00010137621329083183
0.00012257509901531787
0.00011808147629310944
0.0001345817423574597
0.00014203742935216542
0.00013200696903335188
0.00011865905341719199
0.00011224713775858156
7.497440752237609e-05
7.993464786162712e-05
7.862791240470128e-05
7.066639254812854e-05
9.666734939182302e-05
0.0001223698088768244
0.00011332639765626807
0.00010944502904714195
0.000112340114310442
0.0001337445522116745
0.0001238263369781688
0.00012836022297847504
9.59646825824305e-05
8.546989312938676e-05
7.518183599818261e-05
4.605230234277493e-05
1.5412715065009396e-05
-5.047729655756274e-07
-3.322878246710221e-05
-5.8473172809042975e-05
-1.5539858248747693e-05
-2.2233404189963402e-05
-8.7850767574576e-06
1.4704272522259466e-07
2.440297100626243e-05
1.9474363806340044e-05
3.6164121825155095e-05
5.827473101180936e-05
7.230486928782372e-05
9.976388306697511e-05
0.0001346844107801504
0.0001384712007786576
0.00015784805334783118
0.00018900072146261105
0.00017013197888558757
0.0001855196373338444
0.00022805398124610301
0.00022200541019981904
0.0002242686206526923
0.00019930819239455193
0.0002024240215967439
0.00020645441187795932
0.00021018750493935365
0.00022085981800881125
0.00021644442300872146
0.00018901906575097705
0.0001944945293286075
0.00019426275848868755
0.00016502000987878406
0.00013909083031281413
0.0001465062471555338
0.00013535857050129584
0.00010190721127302648
0.00011319543742477871
0.00015382453758602333
0.00016614769574556162
0.00015486785661308677
0.0001568503379052143
0.00014287274296252017
0.00015329547430402738
0.00010463418797154489
0.0001059186530418183
0.0001361766068307771
0.00012543882348935964
9.724411122593091e-05
9.120404333975215e-05
5.709512376299574e-05
6.387929628361348e-05
8.631557155229882e-05
0.00013714753963204294
0.00011780277615248649
8.935360645218274e-05
3.694174407951068e-05
2.1636731775454747e-05
1.3135573691051128e-05
2.101802627859099e-06
2.568930509103183e-05
4.2618649763990026e-05
3.6010493166320094e-05
4.306462692424813e-05
5.2677103272203015e-05
7.847623846641077e-05
6.025190196067739e-05
2.041461340351457e-05
1.605453950355486e-05
2.938889202740833e-05
1.739113305386923e-05
2.290931905891798e-05
3.096932604332859e-05
-1.6562702450569088e-07
-1.2690736355464629e-05
-9.62688726292984e-06
-4.416607612424113e-06
-9.895960924205494e-06
-2.2189447667782713e-05
-9.886408975598037e-06
-3.75181636508396e-05
-6.923383345007307e-05
-6.86921345549285e-05
-8.392503247969322e-05
-0.00010510294703974289
-5.097296003053628e-05
-2.2007170823377004e-05
-1.1507732318951746e-05
9.325096881448362e-07
1.736771407797081e-06
-5.087666281348372e-06
-3.441955829928321e-05
-2.4939645364155264e-05
3.0858353082058526e-07
3.3786158329614235e-05
2.102640865789901e-05
1.5735386485210884e-05
3.3176722753795474e-05
4.232610673227501e-05
6.497836626410242e-05
8.994541923827451e-05
7.557906943868844e-05
9.248238430517079e-05
0.00011976210690818276
0.00013107014605831126
0.0001352726092927263
0.00011468276586595118
0.0001380727382444809
0.00017887384554498464
0.00019068076831686923
0.00016572365282632216
0.0001787379834347156
0.00018362217823895697
0.00017104762777490757
0.00018776553565479323
0.00018461888555023644
0.00016709847083443204
0.00018023676070254367
0.00018606964742026746
0.00017507631966410018
0.00015159628296138625
0.00014492527403137573
0.00015764515807478835
0.00018320273181611962
0.00017767145626933613
0.00015954380037443757
0.00017006187711310805
0.00017465791378010266
0.00016620364003965706
0.00014886356229295192
0.00015443403915371234
0.00018259997896828603
0.00016827845980913668
0.00018018027612565015
0.00018463927860765477
0.00018175498855313194
0.0001790739033219671
0.00017616039847577093
0.0001985841157618274
0.00022324451120220897
0.00023834208545042503
0.0002700336701498704
0.00023791586605019198
0.00023087514125544765
0.00024059719303226945
0.00019450886491472006
0.00021485985889359193
0.00023144695106763465
0.00023701008177506015
0.000266518911646291
0.0002439428614598651
0.0002495326076928656
0.00026605895924976513
0.0002518872708284637
0.00021245046383204985
0.00019449422332310502
0.00018469623759554888
0.0001887755305187993
0.00018184371839544825
0.00015733883619525855
0.00016212691292607958
0.00014425872002869514
0.00012002598136045243
0.00013249404484387092
0.00014606992275067337
0.00013281397831402776
0.000127392222193373
0.0001571000767737023
0.00015922277390697736
0.000162260448819313
0.00017305983564694762
0.00019003117970849926
0.00020117592314750066
0.00020651532837321384
0.00021392515431354375
0.00022532237989002408
0.00026934627426186816
0.0002876517687571585
0.00029265182037736424
0.0003192379164650824
0.000321453690739989
0.0003353322252262185
0.00032956339166993894
0.0003463584782582693
0.00033942270297914975
0.0003601922151318295
0.0003242345905113447
0.00032094706651400234
0.00034271459022378254
0.0003766327770396375
0.0003990273491273189
0.0003812770103746012
0.00039882270234199393
0.0004110667803766572
0.0004083479683155652
0.00042438699074025916
0.00040359714443902677
0.0003956040737271633
0.00040883395058278636
0.0004240877965298936
0.0004275683475667421
0.0004386768719176835
0.00041987895882824927
0.00039758929521841883
0.00041056130386420077
0.00043367524634596653
0.00045901963970355387
0.00047665401044431606
0.00048608694248818336
0.00048555676481169813
0.0004856336115285004
0.00047741989000812674
0.0004642585218033175
0.00044875778285778775
0.0004150185430061766
0.0003868228077060611
0.00040370099850277547
0.00040322454814630513
0.00039767091288478505
0.0004106669123591065
0.00039150217448327153
0.00036608642587904704
0.00041517013733269185
0.00043965006598673494
0.0004696123444086256
0.0004905374085404172
0.0004840486185846885
0.0004798483347166574
0.0005028404328210928
0.00048280657156449025
0.00047366301605443267
0.00044970092378319104
0.00041835338696712143
0.0003965205260041928
0.0003628947545778046
0.00034806841705438364
0.000361253489195377
0.000336229056266413
0.00032124689525272896
0.0003382870097520052
0.0003636199726274364
0.0003586765087460727
0.0003405665226817864
0.0003343862718798984
0.0003414207575513636
0.0003493708150096027
0.0003688499148442253
0.0003755028707350653
0.00039017215186630614
0.00040775196028632304
0.00041702850926347775
0.0004274130483209118
0.00040479923487424506
0.0003964603999813579
0.00040733767775580316
0.000378395829406665
0.0003418111688463346
0.00029755490414213904
0.00031174756806786924
0.00032849015594881015
0.00034838645409570386
0.00036285702231518796
0.0003352252907177927
0.000298835507736075
0.0002841891006739865
0.000277533233205455
0.0002614606924521371
0.0002580338959771568
0.00023571882145651834
0.0002542076352116928
0.0002489475917742192
0.00025010989852303336
0.00023221346622913805
0.0002272731442507334
0.00019129464586724126
0.00019294448894240717
0.0002284010062114408
0.00020989072380157384
0.00021760558776255055
0.00020405750926451232
0.0001442903101974355
0.00015629637147337837
0.00016195432954402983
0.00015772068325254696
0.00014347468451060243
0.00012731515452385077
0.00011074777980178496
0.0001053002050527388
9.546416901940694e-05
8.87289964369902e-05
9.028141286398735e-05
9.114593310834233e-05
6.966428553766013e-05
5.6918328309670994e-05
1.7821746638180594e-05
3.1873322391338856e-05
7.320192089353835e-05
6.480850351664919e-05
8.082529260060192e-05
0.00010241225754231616
0.00012253137385652662
0.00011568571500376602
9.29668014608984e-05
9.380119375721336e-05
8.776142161976872e-05
6.982611033349049e-05
0.00010939444595442559
0.00016155644293921223
0.0001696463595573349
0.00016280017793258577
0.00016668935783543964
0.00015255422306496142
0.00014348055514479906
0.0001445583518159871
0.00011737924333704529
9.459596130139282e-05
0.00013138678244091034
0.00016311716983267622
0.00019849823308808878
0.00017216910862004857
0.00018547388196177604
0.0002152704794485583
0.00023932987538761736
0.0002749346224648896
0.00027006384766959117
0.00029237778401554023
0.00030426453070322784
0.0002760566619335439
0.00028469337605826616
0.00029955485490094956
0.0002851405187862434
0.00031580620699297925
0.00029505683464626587
0.0002786409535481048
0.0002666910014552702
0.0002535142357571989
0.00025702879484048647
0.0002781311762561868
0.0002916503065488782
0.000293071250875704
0.00028309526283243157
0.0003143288867200751
0.0003110157607235026
0.0003191524354572604
0.0003413870162654897
0.0003568321612313601
0.0003920794403583361
0.00037779483239980483
0.0003627108941530832
0.00034515238780715834
0.000362249910573611
0.00034215872659577
0.0003386660508321426
0.0003529384904873232
0.0003615579333220096
0.00038187285396166387
0.00037847953864938555
0.0003932527371837025
0.0003741608560861721
0.0003429711170759367
0.00036752299815204464
0.0003607578169067643
0.0003647449237635426
0.00034768418381918515
0.00035874460704371025
0.00034363227035706206
0.0003212828127963823
0.0003500501035664374
0.0003670798141400338
0.00038285315292234325
0.00037775658465138073
0.00038198535907786076
0.00041046195703961204
0.0004396664704390883
0.0004389141876570664
0.0004383120526827087
0.0004326664209437219
0.00040698473847378943
0.0004057274554700183
0.0003827830455256159
0.00035346744708821866
0.00034593723300341836
0.000372122533296853
0.0003841457007150219
0.00038325904683151235
0.0003458407608102428
0.00035199793042184336
0.0003809563998647137
0.0003751743706706879
0.00034279535626133176
0.00031185412425259706
0.00030005779776511726
0.0003089982500349486
0.00030910590036476197
0.0003070287197234727
0.00033476807659980364
0.00030646095983830377
0.0002669893935759093
0.00025588328610445484
0.00024251741333728406
0.00026178524266307014
0.0002793336838540978
0.0002782389503343943
0.0002843835724509258
0.0002814837208101887
0.00029425646383500725
0.0003393335715569324
0.0003500477551461448
0.00035199288701567925
0.0003575723512529588
0.000344686473718728
0.0003548319844256753
0.0003520027994157991
0.0003401113351738515
0.00031490816749895576
0.00031629065454432444
0.00033647742236971517
0.00034237525049160816
0.00035914479400438886
0.0003206076431293462
0.0003145820436537126
0.00031412645859082424
0.00029787489688041765
0.00030456407186270644
0.0003233613600455301
0.00033857013514605803
0.00034617832920082957
0.0003303638187568127
0.00035230365430022516
0.00036182632607261676
0.0003948909513985467
0.000379129872538453
0.00033800654188602565
0.0003180947800588595
0.00034761829773309084
0.00039330615557611623
0.00039979438437349264
0.0004091121139422346
0.00039233400968082807
0.0004017914244205535
0.0004307715918610767
0.000455854973756586
0.00045433162829446294
0.0004317356671018112
0.00044373382910897416
0.00042281499922154484
0.0004233097261775703
0.0004068466597646629
0.0003918009010252393
0.00042421113468058474
0.00041891916499967654
0.00043190302706131866
0.00043473276014324697
0.0004049278403047619
0.0003990631646630495
0.00037160180721257206
0.0003904417641836355
0.00040574907527896964
0.000427404052502698
0.000414416433875554
0.0003878417870342485
0.00040451715555854864
0.00043895491944415766
0.00043394642792890937
0.00043095198937603574
0.000445696920946761
0.0004256261560749604
0.00044534461634539337
0.00047029832532683005
0.000457972818376649
0.00048599257697222865
0.0004991322987889156
0.00048817574361712445
0.0004920428143661209
0.0005082462862146377
0.000506610547457766
0.0005068588271084891
0.0005048288809328596
0.0005046269278131576
0.00046984807919297177
0.00047641799085101677
0.00043685135154315313
0.0004157640348706968
0.00043475547824449034
0.00044073991581933
0.00043782354504298443
0.0004760418399061832
0.00045093332218999055
0.00042919137890337996
0.000452315085844321
0.00048273030592839146
0.0004926165623460771
0.0005063688430700687
0.0005044368774008439
0.0005295897477922971
0.0005359372627283157
0.0005568974969115271
0.0005771182886252002
0.0005651429210681354
0.0006066523028500143
0.0005729952634063298
0.0005561895875293365
0.000563612736523915
0.0005628837708302327
0.0005736957415121628
0.0005420562858112883
0.0005319815863702416
0.0005492979744152615
0.0005470482350565732
0.0005266867252322125
0.000507258851601178
0.0005079872011822911
0.0005185733836806959
0.0005314486498434216
0.000548728024963669
0.000552626338803453
0.0005724246532797712
0.0005648670543461584
0.0005556934009417361
0.0005576905813455195
0.0005588410309401856
0.0005403962045677476
0.0005703320415003603
0.0005627037241747121
0.0005489284511366758
0.0005384304877275085
0.0005481236520195397
0.0005137436940160756
0.0005248302850224462
0.000565580300712438
0.0005783945922909766
0.0006181227886113631
0.0006075254055805475
0.0006108707515897528
0.0006152981652787739
0.0006255753797417145
0.0006106887981430326
0.0005527848135236037
0.000518240313219418
0.0005342217479413296
0.0005302867709608141
0.0005046227976389294
0.0004628839113534945
0.0004523826705491692
0.0004566157125900405
0.00045880172813244583
0.0004207495510213444
0.00043457972023804606
0.0003955030268341749
0.0003832276883837405
0.00039532261841139407
0.00040698064631406437
0.00040356406409557995
0.0004086978886165233
0.0004205895308175491
0.00041527750851724744
0.00038737637275691663
0.00036554835678135277
0.0003725907155028977
0.0003975025015877506
0.0003921770990759639
0.000386197231532603
0.0003819271680042417
0.00038885519282700503
0.0003925847055482734
0.00037675339755056643
0.0003902676408699729
0.0003763185982039107
0.0003531973848471486
0.0003378729636304665
0.00034152006715926675
0.0002964088388912261
0.00027982484021501087
0.00027163389276402045
0.0002389597689972056
0.00026945823745709927
0.00026432600119190546
0.00024970453138425616
0.0002357993106311513
0.0002393470342955484
0.00019899500325363644
0.00019439543288357028
0.00021249625351836467
0.00019631697112105622
0.00021110915770568473
0.0002182179214314757
0.00022045952046132556
0.0002347707643857338
0.00024309975096976143
0.0002471427183107035
0.00021737927523824376
0.00022798983501934653
0.0002330059889146001
0.0002674363232130205
0.0002513969934642505
0.00025492671461208185
0.0002222435221274796
0.0002463682384212095
0.0002881894167986474
0.00029347127937522414
0.0002653568318168692
0.0002419303094205491
0.00026581546556009056
0.0003043503230206239
0.00026218661015710553
0.00023699311494757036
0.0002018858956912249
0.00019009915132327555
0.00017305628819778973
0.00017080401647540092
0.00019055050291782254
0.00018745536735700135
0.0002011012473934217
0.00016661235694922155
0.00014671566600295483
0.00014130894348242487
0.00015688478650355042
0.00017132554580541655
0.00016102395607506996
0.0001909180770525573
0.00020343550760884197
0.00019686975244609134
0.000222632279227836
0.0002618656337156337
0.0003090100519777351
0.00032520514092378535
0.00032068655618409014
0.0002458235374467744
0.00022911969819767167
0.000274400716666578
0.000262014612712328
0.0002723042766805398
0.00028050312877859486
0.0003026952264725079
0.00029817490181926885
0.00029301894387007057
0.00029759446854217596
0.00032924316006435294
0.0003144975531108246
0.0003178702528803689
0.0002954886688337259
0.00028409942006776964
0.0002642954419224242
0.0002472509574328874
0.00029577240052989986
0.00028350989969702943
0.0002667618051365318
0.0002960792944700645
0.00027479836919542535
0.0002533208185371901
0.00023865467192044266
0.00023350490944633648
0.00021523374047905834
0.0002126456740804736
0.00021678476641995168
0.0002169127660509671
0.000256304624770113
0.000293416000165933
0.00031244574534055464
0.00029454710006054816
0.00030379108263700605
0.00034569836418517125
0.00039211484184205233
0.00041338512635931575
0.00040527889312098506
0.00041420744053574757
0.00042226499489012557
0.00045095414235038706
0.00046778830150575126
0.00044601039067765087
0.00045951874755727033
0.00044257786650701603
0.0004378126816834974
0.00042099972284223775
0.0004171454979669949
0.0004026568713514236
0.0003673349128252924
0.00036907504903187173
0.0003586706688287607
0.00035693553843081324
0.0003648881242693901
0.0003787065253959002
0.0004316977820130765
0.0004190782853678775
0.00038599766600306564
0.00037800550060695205
0.0003819539225800441
0.000399579221083915
0.0004055022629334551
0.00040367286511884445
0.0004327703127327893
0.00045535738105163614
0.00046230442262174193
0.0004382536749444351
0.00042683072348590823
0.00040340391087722953
0.0003957076339364973
0.0003756619194205511
0.0003940874789443178
0.0003918601568170452
0.00039458919901268875
0.0003939606378201933
0.0004200007139666559
0.0003998170647651335
0.0003824149239131736
0.0003904575102497203
0.00038056530366155854
0.00044009176043177027
0.000423639409288355
0.00041087066182094476
0.0004214710818159663
0.00044831384489582934
0.000411947042200053
0.00039120041819113696
0.0003692945362457447
0.0003729284160476758
0.0003463759237251143
0.00033036444727844647
0.00032998051734836235
0.00035051259623967984
0.00040663753646082797
0.00040827115894453086
0.0004073771975641221
0.0004135370297301599
0.0004270266400268693
0.0003860592138350343
0.00039316092772441496
0.00041809021388684815
0.00042286618694689626
0.000444396443760832
0.00043095025462239336
0.0004020927228143992
0.00034089063157454965
0.00033770021646527726
0.0003332210755904731
0.00036318441820219397
0.0003748413876452645
0.0003977156059678468
0.0004152963331707844
0.00039214316710752087
0.0003901074301344957
0.0003756553877417801
0.0003741254996730549
0.00042680247613045516
0.00039606632084298433
0.0004023925542930777
0.0003531072256374118
0.0003601107502563634
0.00032166530284552443
0.00032045844393616276
0.00033243977371375086
0.00030775129523730806
0.00032993948597434953
0.0003217542286054236
0.00029608769312798816
0.0002841314163744906
0.0002848183452765058
0.00028668417657331087
0.0003020608062838647
0.0003172657188537377
0.0003362824510744683
0.0003453579786754089
0.00037042350038973674
0.0003652825063427662
0.0003565906871257613
0.0003504200796059945
0.00036889706872046587
0.00031645431919539156
0.00031659597930427626
0.0002967698067574031
0.00027623786779124975
0.0002726273463155751
0.00024336790299749864
0.00023134411483876792
0.00023163239847749344
0.00022218784040195153
0.00021100874720188283
0.00019768888796361822
0.0002008814080798617
0.00021964230760907648
0.00022017354117881947
0.0002703711458435721
0.00030284131366243336
0.0003366304015078594
0.00032854632835438305
0.0003458446130902837
0.00031495444723720587
0.00031608518839516565
0.0002981444936160864
0.0002928070274429636
0.0002940477271827748
0.00026745618074815316
0.00019699692229726407
0.000214171244878836
0.00021597552492155965
0.00020046595249325412
0.00022132371007136165
0.00020557002639908284
0.0001810567734926394
0.000203651447152681
0.0001901577102136351
0.00019186833462656643
0.00020160009620599905
0.0002332467662228678
0.0002534196507209799
0.00028713292004062057
0.00030794635071889514
0.00032272100615084046
0.00029693524671796975
0.0002534719175045556
0.00024086309680780303
0.00023247183222785446
0.00019881413434348746
0.0001673399216465345
0.00018677842884414384
0.0002246405460110699
0.00021254686530425287
0.00017991886259063346
0.00019409439286170212
0.00018562911241065162
0.00017928060234963646
0.00015858390800990472
0.00017862684817571942
0.00022741901534223445
0.00023668742664109004
0.00026666374420486455
0.00022316461208359402
0.00022969010173998875
0.0002255551210032741
0.00022051524547670896
0.00016785080035365064
0.00015085091090432162
0.0001813579711171879
0.0002002399687502251
0.00018528713562336062
0.0001647599833091172
0.00016049363712473242
0.00018129063907634343
0.00015706213891797217
0.0001456530957654164
0.00017646670381066569
0.00017788853395198632
0.00014634576307163803
0.0001767183738436283
0.000195552616572761
0.00019254459244733696
0.00016420794901593803
0.00015584399303852702
0.00018507341192768864
0.00016778068578651798
0.00015455592598763942
0.00016452852548903943
0.0001501168766951324
0.0001775416633291646
0.00020232811492188965
0.00020941011895418606
0.0002155648979277806
0.00021900636602939906
0.00020578103427425974
0.00019082264107713883
0.00019527359796972705
0.0001716781175036688
0.0001808275432134389
0.0001756110511085565
0.0002095834467714085
0.00023526278709930796
0.0002315404531796303
0.00023354316279877125
0.00025339287854909596
0.00026146786540982045
0.00030137686858427667
0.0002977313843818395
0.00030389646899758784
0.00030580508362229445
0.00028709661177499473
0.00028676325353425657
0.00027767552404270616
0.0002529911858976373
0.00024945136769356167
0.0002854937433302545
0.00028607378903065404
0.000282083876943755
0.00025922474690904325
0.0002625067994735667
0.00023164470870687935
0.0001983281562403671
0.00022850657804066415
0.00020155697029506457
0.00020119612926808295
0.0002141607229159441
0.00018349819549162474
0.00018350691532637795
0.0002301061091788026
0.00024256494966262416
0.00026140453568224446
0.0002574689386083144
0.0002489036342891652
0.0002421951741126572
0.00024238169083551746
0.00023256074085029255
0.000249161670720525
0.0002532158759259035
0.00025824779070688703
0.00024226769836928705
0.00024923662538447956
0.00024318707864877105
0.00028743766659075393
0.00026522130140388953
0.0002408325524588289
0.00027876250142648264
0.00026337439128211134
0.000229536687793083
0.00027493568077415766
0.00029889191803584615
0.00032840393674445165
0.00029728500213594837
0.0003292855491303399
0.00033117568256838133
0.0003070874556687682
0.00031369904986821174
0.0003076709650489971
0.00030688172488875043
0.0003177275146460575
0.0003087278264533109
0.00033269882123368525
0.00035934419346236185
0.00039962850135083863
0.00042500554490416275
0.00043203437680093093
0.000471426440594161
0.0004882843260654126
0.000491099401936554
0.0004977728125926165
0.00047996807822109876
0.0004601599209397943
0.00044777661905926646
0.0004892384706985345
0.0004582284315493253
0.00047194186912231614
0.00048300902331464666
0.0004887805897094876
0.00046341351242082916
0.0004495037470750047
0.00048029902383322544
0.00046462052841011764
0.00046218268408499877
0.0004626949276433612
0.00043973558168079746
0.0004229814983158197
0.0004215111756578044
0.0004296326514482638
0.00043101640609370727
0.00042868855713257444
0.0004284482326669905
0.0004339133882317514
0.00044081323857707115
0.0004377271407140841
0.00043157780224172503
0.0004363645448328644
0.00045750910443249763
0.0004435821851551536
0.0004343391498416927
0.00043615747460409816
0.000457281510769391
0.0004361921760273355
0.0004371853017252848
0.00043713045876232266
0.00041660746051097825
0.00039854550563275196
0.0003547389380301704
0.0003738184787597885
0.0003833330852481445
0.00036771937706427034
0.0003521294920069752
0.00036844701283774355
0.0003371304931448127
0.00034801630203410317
0.00033673921707206157
0.00035667650801657184
0.0003696780373319793
0.0003510883526676975
0.0003496759938339578
0.0003691126349233405
0.0003672740298711361
0.00036043158810398265
0.0003672416674976338
0.0003689243529394847
0.0003428553025787817
0.00033671839333478126
0.0003076885850508077
0.00030015518652115684
0.0002622313853184508
0.000246397240562357
0.00023889450189589157
0.00024140443411822842
0.00017951692596980637
0.00014276416649935345
0.00010738292899802428
0.0001114484097079312
0.00012741646864393002
0.0001511233650406647
0.00016604465249847367
0.0001582834686636919
0.00016655920422154683
0.00013066383711650518
0.0001306777532174442
0.00010884919987235033
8.556705879885748e-05
0.00011138085260881852
0.000106980461699184
0.0001042034485226752
7.767560228261525e-05
6.152865747137762e-05
5.949793450805123e-05
6.037568657051457e-05
3.485330998342055e-05
5.109541219263313e-05
8.265566956127914e-05
7.007340591299465e-05
7.11618102713321e-05
4.514155825669007e-05
5.230930114348163e-05
6.435055749574794e-05
0.00010584129689715624
0.00012899613867356702
0.00014903774397738445
0.00014232838718548208
0.0001457521335127263
0.0001624579295689886
0.00015444910501992009
0.00018930568088846818
0.0002162193172605995
0.00022701331458864298
0.0002195939395339751
0.00018694927205662544
0.00018112518586937618
0.0001749157689501447
0.00017811679348087744
0.00016996916491194712
0.00018302975714389296
0.00018557831524250315
0.00016787503551136983
0.00021280745372464447
0.00019604285734177077
0.00019676605896739305
0.00018936169260712918
0.00017409998088191453
0.000193851847662583
0.00021074333854734153
0.00023770316824965626
0.000250991097927259
0.00025791588988498493
0.00026294962901276
0.00024067311723313472
0.00024507231327460015
0.00021804773310829967
0.00023167711468453328
0.00024700084505825193
0.0002441308118125116
0.00024047347668076178
0.0002515539028991171
0.00025965291276862124
0.00022681881319941915
0.00022075782594491457
0.00021161997469683173
0.00019398513174047563
0.00020371760383238537
0.00019300811668669345
0.00020511229512921108
0.0002397473316195401
0.00024219478124835002
0.00020401514191339864
0.00021363116491405947
0.00023206915863688678
0.00024796433557720707
0.00022736087689015737
0.00014891509550264578
0.00012397914662592286
0.00015543532741728116
0.00017847099467020418
0.00019959442476145218
0.00022851952440067783
0.00028325004865813034
0.0002872962059725728
0.00030878254545627424
0.0002997822349095082
0.00030787728825475255
0.000294489435410778
0.00033163533207358417
0.0003067980678700997
0.0002787589724299954
0.00029114464741085476
0.00031644224863591926
0.0003158320342896989
0.0003106261230564423
0.00033561767878460217
0.0003405530288214907
0.00035212629543335
0.0003791128794763738
0.0003815056550219477
0.00038698881890978824
0.0003890747919730918
0.0003773297842253469
0.00035952421413432795
0.00035229035829351823
0.0003517263887666651
0.0003501472281287389
0.00033639205175802167
0.0003179592577075869
0.00032852594205505715
0.0003301635175837088
0.0003007681778453195
0.0002997551731521857
0.000346114872019462
0.0003922535979654698
0.00041947899141394913
0.00045801877313700464
0.0004498610198014148
0.00044169724691404326
0.0004196799205666026
0.0004116567956654705
0.00044272425490636134
0.00042744547412541356
0.000375562980803173
0.00035689361582080207
0.00033341100640544246
0.0002862980594593445
0.0002635295936367465
0.000245860992350279
0.00027011432177066036
0.0002682360286156161
0.00022637872322587432
0.0002193327716605319
0.00025584621850822774
0.00027003139279164665
0.00021876607269109838
0.00018693331710359915
0.00014753199608447847
0.00012106183320798508
0.00014580304294585327
0.00019430479699851147
0.0001894402126488907
0.0002349639178478384
0.00025247148224509796
0.000226710081004006
0.00022661376393684387
0.00021095720732786734
0.00020760295954515366
0.00017315702228651216
0.0001623304325525298
0.00015643030416033152
0.0001489951417075802
0.00016026450600467807
0.0001780795149663503
0.00017152092593690136
0.00014978170893050938
0.0001237448837970333
0.00010527057177580886
8.404769409179946e-05
9.023491260160666e-05
7.208606561440596e-05
7.546832663477671e-05
0.0001087259904888261
0.00012653508110040818
0.00011802761118525566
0.00011845526570235937
0.0001230337937880496
0.00013698490208364058
0.0001391392802685244
0.00015327899204410167
0.0001712805998661441
0.00015942076731597727
0.00017969872412927195
0.00015073440783150405
0.0001776384515131769
0.00021817271798309858
0.00023074815324708128
0.0002465224599536369
0.00022402118460966282
0.0002185378358642405
0.00018103090139052856
0.00013838750586528436
0.00014612945535642563
0.00014730412470477305
0.00014771154009669325
0.0002125166158966528
0.00024136392657599537
0.00022209632510741063
0.0002650501429036355
0.00029645933455662194
0.000298727653506164
0.0003173082858460019
0.00031861166879262144
0.0002856869507504756
0.00026052413859561154
0.0002102768652175678
0.00019620805030437337
0.00018907586396954096
0.00019350807431559676
0.00021201474619862454
0.00020427546484813388
0.0001990060944258856
0.0001949073512147258
0.00022507999867246286
0.00021215285887011558
0.00017603305594741825
0.000180940055867559
0.00016896077209427405
0.00014945672057156966
0.00018773720635498263
0.0001826578287337508
0.00014612822988750203
0.00017378724889310812
0.00018252262346836774
0.0001875284126887148
0.00017605896321748606
0.00021186724919211136
0.00022232127625958483
0.00022364331275780412
0.00023822509010266053
0.00024266000196516117
0.00023077065215197152
0.00023238732347546424
0.0002554640743411237
0.00026428849603515886
0.00027899730299159667
0.0002819022983610263
0.0002693774887042155
0.00028170042348937856
0.0002761571321828752
0.0002684842116364826
0.0002828574642502244
0.0002672015193005531
0.0002788038029841835
0.000276654334754676
0.00025705177504808523
0.0002663169467369774
0.00026179993572739157
0.0002455690606222586
0.000235764228684973
0.00026319408325050226
0.00026526963527612267
0.0002600714144319166
0.00027266120993140776
0.00029787683473258967
0.00028613882033514423
0.0002574836124890496
0.00026038712935105087
0.0002623303476475479
0.00027473891864223207
0.000276778055663384
0.0002730716601175757
0.0002530125598908496
0.00026912424166777155
0.00027348679230826693
0.00023881496733561724
0.00025789549807098534
0.00026444752308228475
0.00026800357623163614
0.0002647482042624889
0.0002798290055211998
0.00028786264767361293
0.0002917029976468982
0.000296613057432408
0.0003215184729538303
0.0003212271439449929
0.0003236276663867966
0.0003630790800360393
0.00035467999518384066
0.0003969039688674522
0.00040381226729761593
0.00038477814584107084
0.000355139662146824
0.00032167970218739076
0.00030169547794045175
0.0003054481631201795
0.0002929359290332474
0.0002855488176278873
0.00026653230359882223
0.00026687649287119404
0.0002422334821579109
0.00025587241839051736
0.0002942826857932879
0.00025759812241882984
0.0002548274566008967
0.00026310985210309406
0.00024187705622389817
0.00023477178662521494
0.00023246817502278546
0.00024858615466356377
0.00024425444556013594
0.00022187239886227637
0.0002048638298347188
0.00023788889201222698
0.0002627617910222435
0.0002789995331286091
0.0002901741014168269
0.00029756419974267547
0.00033535790080289494
0.0003591662325339595
0.0003147627079109844
0.0002824131182977862
0.0002891204008303463
0.00029892367908464386
0.00029844701440297997
0.00029391993138011183
0.0003135269046373417
0.00031014303381631485
0.000331149306256862
0.0003071566903743258
0.000290382921619941
0.000264187047596348
0.0002671502951205923
0.00026432430158141503
0.00027185412492049883
0.0002736213372930446
0.00027014169018505613
0.000275758500231525
0.0002707765221468737
0.0002817494830558559
0.0002739478306720358
0.00026167031104770835
0.0002630095078667479
0.00026451052565927845
0.0002645624234042549
0.00029461006299289313
0.000274602295894177
0.00027769968687535375
0.0003469888478987997
0.0003599664872717715
0.0003668392354062779
0.0003817156528924508
0.0003601951687462398
0.00035389392324429957
0.0003629993223622559
0.0003746426287409021
0.0003358921266827695
0.0002996129111431065
0.0002875995583571841
0.0003161600911906632
0.00028423972179815015
0.0002862865731310798
0.00026590038394229225
0.0002580478324591638
0.0002793014151800695
0.00030965227657747305
0.0003548537312598913
0.00035912735458575485
0.00034780008448999074
0.0003407868466699892
0.0003589410318754921
0.0003373037772510981
0.00029309957018155167
0.00026787943478520735
0.0002618754308098836
0.00029559723001163125
0.0003555109048936552
0.00037199629175894505
0.00039584529474412204
0.00039068207986051463
0.00037629107344080157
0.00034576901056608414
0.0003592447753287313
0.00036542948929185135
0.00036951989920496115
0.00037683589400032327
0.0003959496784155086
0.00037994947551204107
0.00039368993851326143
0.000433946267765184
0.0004114100105402133
0.00042469472722479263
0.00045745496390299636
0.0004214954578727702
0.00039197423712463423
0.00040576475542891476
0.0003907027161088482
0.0003731360064727482
0.00036628603041823256
0.00037945604379856744
0.00040847241532073104
0.0004000048962951578
0.0003965118912609872
0.0003888188824081304
0.00038187840910539593
0.00037608111759498925
0.00037255838621357224
0.000379152532585444
0.0003919769330674088
0.0003599866625160532
0.00036195990414072233
0.0003400043074921194
0.00033223162811991643
0.00034794949476238515
0.00035637644892908666
0.00039565925255745707
0.0004321983086965227
0.0004430164194164411
0.0004548635853959456
0.00044943622259746856
0.0004502114599640866
0.000428006150305615
0.00040564508806124926
0.0003949285942802726
0.00036759534927519554
0.0003541633553647898
0.00037201321446441186
0.0003539357834848808
0.00036401359523269153
0.00035841171080608684
0.0003496502823981842
0.0003656422855370923
0.0003491554599099237
0.00034106637342845125
0.0003404205351627775
0.0003461625102704781
0.00033808984205696823
0.0003922546316663662
0.00038215243062542396
0.0003407694651124668
0.000293273966320588
0.0002929235769792381
0.0002937237595968101
0.0002877942958576502
0.0002894887870719307
0.00029703578654606164
0.0003027875632093379
0.0002816683852839873
0.00024193000648454745
0.00024656108471936614
0.00025060961809775034
0.00026310491642829166
0.00026204067222177125
0.0002786796911671458
0.0003051063050362305
0.00031014699013916713
0.00031034020571952907
0.00026810200244482623
0.00023781295822991247
0.00021862718292519563
0.00020988692907925326
0.0001919590113946075
0.00022177314136426882
0.00022887557760332034
0.00019203852141599188
0.00020844251352245037
0.00019982480175438766
0.00020855715664653152
0.00023245669261467321
0.00023814557035845767
0.0002284949229904594
0.00023329917666743206
0.00019759109386305014
0.0002129065379313696
0.0002170569747437506
0.000204148981201851
0.00022641881513078116
0.00022280380355048834
0.0002526863752076661
0.00027192810463711327
0.000292520535692053
0.00028592147332745505
0.0002879616512187791
0.00032036292896645214
0.00033074493589011454
0.00031321891825773453
0.00033653836763225206
0.0003494635701964681
0.00035134642532733444
0.0003521911643384472
0.00037283888230885365
0.00036436368172505226
0.00033533809322750646
0.0002949667769075092
0.0003144541446939941
0.0002821199520394842
0.00028318327007496326
0.00030276314014316644
0.00029992130923395586
0.0002907181318186229
0.0002682261097444034
0.0002480733986856438
0.0002571632154076511
0.00027690344289501006
0.00031674623903616957
0.0002768251121151535
0.0002420888817142471
0.00025296542580399044
0.00026892243834376704
0.0002801652783336345
0.00028551536003969496
0.0003158818424137842
0.0003402139710827583
0.0003379122634893804
0.00035863665645231987
0.0003588754870504159
0.0003148325450463569
0.0003149337929007546
0.0003024419958961841
0.0003185411794331529
0.00035490717431789227
0.0003942882753850337
0.00039712389919543213
0.00040041891010474877
0.0003874361307120735
0.00039566244424075407
0.00039418471003414433
0.00038794351741111034
0.0003810706971271635
0.0003910266382463419
0.000413921447688067
0.00040609142176520905
0.00041457438406806817
0.0004001358238793951
0.00038693481954796326
0.00036618453056725254
0.0003620111683214254
0.00037725482373874404
0.00037133934445805566
0.0003742024960129272
0.0003743114620968435
0.00033169224030196417
0.00031342046314844984
0.00026245461172859927
0.00026774844027166266
0.0002742854490038494
0.00028650592807355734
0.0002516446692448187
0.00022544179699436127
0.00021245161306761656
0.0001829679108887514
0.00019992422021643415
0.00021306133419846877
0.0002409616853793907
0.00021490627565189308
0.0001908201708719074
0.00017407580668638413
0.00014007470259128733
0.00012754900410781003
0.00010847587505415986
5.044149114370418e-05
4.391505675340418e-05
7.689968725773294e-05
6.022396587530195e-05
8.016761538434897e-05
8.378591932029704e-05
8.455043165623877e-05
9.160496623692425e-05
9.054029854576474e-05
9.645896921248223e-05
8.701561046169865e-05
0.00011396377487230734
0.00016048907194428513
0.0001625850369707939
0.00011779304130722454
0.00010611702068593373
0.0001400368031078379
0.00015463471691589393
0.00015649264104262013
0.00013775682446707672
0.0001434100612072307
0.00016149929277689223
0.0001583445244735655
0.00017087498610653015
0.00020505348816008746
0.0002062020186668717
0.00018949903287969466
0.00018837774358406765
0.000228354545006128
0.00024288256182610152
0.00023915051865968287
0.00023567202935894873
0.0002624432732479275
0.00026627083607072316
0.0002519221981405111
0.00022520598433092514
0.0002028643907500438
0.0001840430637368049
0.0001689997988944284
0.00014760771518952537
0.00011978729984097862
0.0001067061446610164
8.355842777717986e-05
9.128255978082105e-05
7.046822346174479e-05
8.390774429303405e-05
8.956819950459639e-05
0.00010078290514856511
0.00013710761142533105
0.0001839759946658324
0.00022120495124416814
0.00022242045434550767
0.00020836661199337303
0.00017889891012755674
0.00018505871197283677
0.00021631958448151107
0.00020245170911756364
0.0002190415471869782
0.0002477064000536279
0.0002672172170969122
0.00025966549991355534
0.00024807485169640154
0.0002085829021184548
0.0002052871828580346
0.00015932611895638768
0.00015992615132248315
0.0001164502090466255
0.0001188120904465778
0.00015185113361564144
0.000135240179529224
0.00012905583623612095
8.952146708950034e-05
0.00010805391597396691
9.820287266439077e-05
7.858249161397181e-05
7.926010406609932e-05
6.57930171297225e-05
7.746723190065022e-05
5.539854153468898e-05
5.12674010157277e-05
5.0310834232086756e-05
5.379209791245527e-05
6.465810676503054e-05
6.762068602813394e-05
7.761140529045673e-05
8.287750137719581e-05
4.532565536297391e-05
3.2124139629263534e-05
1.972929509265459e-05
-1.2137828686348989e-05
-5.829833081272761e-05
-7.720041050494131e-05
-4.24254158452724e-05
-3.089272645087927e-05
-5.0416837181527864e-05
-2.9661994945181906e-05
-8.44073342382709e-06
-4.495846944632513e-06
-8.820549067951953e-06
-1.8679995043250963e-05
-3.3687611075626235e-05
-3.232165728340426e-05
-7.585731554739236e-05
-9.962107565623877e-05
-9.1590539235045e-05
-0.00011968139132200661
-0.00011722000283514232
-0.00011117468419352257
-7.158107335046075e-05
-5.780326465350212e-05
-5.8309886875377947e-05
-5.68383289566876e-05
-5.735325520505444e-05
-3.1953158420432626e-05
-2.1459328355719932e-05
-4.2449042455582276e-05
-5.552530010550763e-05
-6.848677962296064e-05
-7.578250933427735e-05
-9.25986548287059e-05
-0.00013730932644546504
-0.00014819205094709312
-0.0001789583136877812
-0.00016417088349545566
-0.00019181929260907377
-0.00019623173287279647
-0.0001545560515067165
-0.00014747144180369003
-0.000147658096368983
-0.00015449745601590838
-0.00013113302594504453
-0.00011959351948396529
-8.551575526374378e-05
-8.464793638624668e-05
-0.00011238217178629277
-9.8557488976548e-05
-9.064377465943203e-05
-8.982220933170397e-05
-9.0531241037236e-05
-5.993438189515204e-05
-5.544978310399889e-05
-1.2517110573943816e-05
-3.677912616192975e-05
-1.9961939215595685e-06
1.2009907667477528e-06
2.6585729241389758e-05
2.622456776755439e-05
4.26984337215452e-05
7.371434232983012e-05
9.693189075603021e-05
7.031198533684537e-05
8.565703181783668e-05
9.42085292796598e-05
0.0001462694307679977
0.0001290978798706417
0.00015034721247355798
0.0001495076888337305
0.00012831840401755285
0.00013302053420146645
0.0001392376022962415
0.0001485152636408928
0.00018525364089693543
0.00022111302148904827
0.0002442542848677502
0.00026696349683133947
0.0002723784173664667
0.0003224780374673533
0.00030743976008412504
0.00029140375969740305
0.0002451628316977356
0.00025589962761275465
0.0002548290949715411
0.00026966025595201855
0.00026674583014070957
0.00027253494400194774
0.00028443121705707444
0.0003001034418566949
0.00032132816851066165
0.000293258922611527
0.0002936071178844614
0.00031335694771726966
0.0003460794182181344
0.0003457162735136729
0.00034617847371562385
0.0003432481478544528
0.0003236498165763843
0.00033278549498789794
0.0002844996087066916
0.00027208086968106985
0.00031911095937046344
0.0003426157009761369
0.0003452852011026036
0.00035661926757824447
0.0003655116324657524
0.000370787823192074
0.00035163645932674207
0.00035094973856382764
0.0003823227317259015
0.00036662944099959973
0.0003614477537702489
0.0003394067234250872
0.00035206414986541166
0.0003670464815251811
0.0003532743027950764
0.00032715305225204986
0.00034316631766638566
0.0003495590414203244
0.0003737719227283404
0.0003992445607008301
0.0003760406928111083
0.00037515016431848735
0.0003567565119640569
0.0003743481111911374
0.00034971671368654803
0.00035503761577351133
0.000335100245851478
0.0003185471195625378
0.00033429003573883854
0.000339644546236195
0.00031441174938279134
0.00031431036241184266
0.0003090081034213818
0.00031638927692312775
0.00035110350756694476
0.00032712415409547936
0.00032727485063938446
0.0003161426750777869
0.0003420401488851623
0.0003594575119596856
0.00037251266332313196
0.00035234043449071145
0.00034493607941956414
0.0002957442147184993
0.00026466351675464255
0.00023355356250656707
0.00023689104850805866
0.00022902099700618123
0.0002677864399271505
0.00029256620204374867
0.0003049728174817141
0.0003147847514325477
0.0003322654404310889
0.0003729190084581273
0.00037475386029101255
0.00040890451827043
0.0004178093596403566
0.00044787520009615615
0.0004373865565631457
0.0004138246058549962
0.00042882468914071646
0.00045649574693066116
0.00042775305983907934
0.0004531326847770017
0.0004792571450008972
0.00048637874036478753
0.0005166836677780503
0.0005250790725094398
0.0005587637725632034
0.0005634259429095538
0.0005717163703599913
0.0005898502804638354
0.0005677439358555481
0.0005593945231030832
0.0005898355931378804
0.0006029689267386947
0.000622423777291052
0.0006157166989288586
0.0006182410670810057
0.0005822216918785726
0.0005414790977284323
0.0005242551369996047
0.0004984351609802829
0.0005162914837250202
0.0005386822552510947
0.0005593341743679994
0.0005517922551729522
0.0005259082654870679
0.0005210097788215129
0.0005206739763852637
0.0004604992578904483
0.0004898154135196908
0.0005045031007489326
0.0005461197933227732
0.000548306485988809
0.0005433074371838857
0.0005374932876143944
0.0005115925362400817
0.0004913441034663638
0.0004660344914811784
0.0004870842087011247
0.0005308461876459451
0.0005575064434904867
0.0005731666032618467
0.0006011792145870806
0.0006003797195824598
0.0006280620908394837
0.0006401095630424492
0.0006279581165966354
0.0006362467542220875
0.0006160270797214352
0.0006036765024058934
0.0006316909383020848
0.0006538397026311319
0.0006558983785372276
0.0006567387067165182
0.0006247129874855163
0.0006009610620760761
0.0006034552675746084
0.0006045522914461948
0.0005628717416227827
0.000573729921807799
0.0006265811127571043
0.0006085664175127841
0.0005770222533034598
0.000590090723442048
0.000569953568443606
0.0005935070785622642
0.0006020836283225155
0.000537772986681245
0.0005171460213275898
0.0005295744907560605
0.0005116505853292932
0.0004846003234298175
0.0004969863406128158
0.0004975160835100883
0.0004941810819084698
0.00045223871839971335
0.00045527394889105727
0.0004676617497138804
0.0004770048327523822
0.0004708626688277563
0.00045762101928192525
0.0004854625658718722
0.0004507081990227359
0.00045299068460900524
0.00047611491123567045
0.0005171342456696214
0.0005359351167603572
0.0005383006968862829
0.0005179596341054048
0.0005069237715008667
0.000545330337444076
0.0005366019797147159
0.0005380906330892563
0.000556402944506237
0.0005692616349919222
0.0006224559085580742
0.0006299200106351272
0.0006029184677354118
0.0005750358596231962
0.0005693172992348933
0.0005676689112705833
0.0005655013588172077
0.0005820874746663534
0.000589120145367497
0.0005816596033088769
0.0005540904962268465
0.0005387580053062001
0.0005718043179040039
0.0005995037928403439
0.0006134788795468626
0.0005945532597954482
0.0005355041748325838
0.0005620444445820338
0.0005700779426345098
0.0005283602957733516
0.0005232504432348385
0.0005221028960444861
0.0005158736144460467
0.0004909179006238051
0.0005018212471110351
0.00050056089231505
0.0005159591143452173
0.0005124078748035472
0.00048068745369843856
0.00047215263333805565
0.0004612432356080405
0.0004779341691359498
0.0004652519434806895
0.0004900958088584926
0.0005060535467435234
0.0004955113795403739
0.0005222681727646
0.000553622638054778
0.0005392544913122535
0.0005376908283489865
0.0005638157585820523
0.00058966266117845
0.0005687994978221566
0.0005835152025277326
0.0006092277108814893
0.0006343700426486408
0.0006137696346650538
0.0006112375803257535
0.0006285455959145713
0.0006446519204657799
0.0006364523741039172
0.0006378440580477616
0.0006517276593762493
0.0006709294124059822
0.0006795625559492464
0.0006806020429456379
0.0007169744804349699
0.0007406594724042354
0.0007354283661947101
0.0007364391446170727
0.0007285457023568088
0.0007566776768644248
0.0008023888062749032
0.0008020932240351317
0.0008025973395047305
0.0007731976820983739
0.0007458019160963526
0.0007278194466509165
0.0007332636128589921
0.0007555861453393425
0.0007647685234209532
0.0007515360649989812
0.0007712271796296105
0.0007998213814321676
0.0008227540950417472
0.0008087714153770815
0.0008053756861532928
0.0008104317903113536
0.0008365309393065639
0.0008353579577427245
0.0008100476568669993
0.0008087128168651926
0.000849868293063449
0.0008765827667429587
0.0008768428936176624
0.0008715447691081102
0.0008404910709439128
0.000838910028901692
0.0008396767131123355
0.0008438501969869519
0.0008365578392143505
0.0008585514301282553
0.0008927114142556181
0.0008992178644612235
0.0008582225514844052
0.0008279204556749224
0.0008139625346796444
0.0007909969203734677
0.0008093423834141719
0.0008309137097780656
0.0008343266307757242
0.0008102581153059107
0.0007918792371696707
0.0008089397777481921
0.0008334477892746395
0.0008333158627471491
0.0007955749374049432
0.0007818167936813376
0.0007742979580600184
0.0007984271301517886
0.0007991418742463287
0.000806377975384536
0.0008054875269276887
0.0007992110100931177
0.0007959085150908758
0.00077795012240065
0.0007742719162203178
0.0007908154962172999
0.0008133148841188647
0.0008152981997705398
0.0007994046480044479
0.0007569673039962866
0.0007319518873041902
0.0007148890357340014
0.0007236434046605783
0.0006938940833264334
0.0007329043829202086
0.0007156812476429193
0.0006854451729507967
0.0006933505350071838
0.0007203479951205942
0.0007349419462258366
0.000724450104425957
0.0007203105013660278
0.000706421564420022
0.0006993630116229769
0.0007319085282741897
0.0007565054413369513
0.0007650414404496216
0.0008062285003809203
0.0008511286904392443
0.0008755266440865244
0.000824453236058196
0.0008402296932244639
0.0008380796916126062
0.000815483484472222
0.0008069363861119117
0.0007986550555336468
0.0007853075697018741
0.0008032291465712377
0.000809446076839716
0.000874486218585392
0.0009051476629644093
0.0008793315874447492
0.0008722299809682822
0.0008658714114510807
0.0008719741625864995
0.0008506099098590386
0.0008516794918809017
0.0008625613053571141
0.0008504156679136392
0.0008584417814424947
0.0008738094517328983
0.0008806594892509641
0.0008680020336347358
0.0008735388480648632
0.0008679354976106712
0.0008046208529897713
0.0007652888182144911
0.0007721137206341275
0.0007739619095234512
0.0007741868455114842
0.0007171909313317166
0.0006900990956071841
0.0006829847426448469
0.0007134641484041637
0.0007057427992030212
0.0007087525205024303
0.0006885602563316178
0.000680924502822837
0.0006887904894542975
0.000690731451133244
0.0006736920240109953
0.000658050694557993
0.0006493357018273205
0.0006515970576293644
0.0006485572565067602
0.0006303965344238035
0.0006209389726839546
0.0005905089602533348
0.0006272571491729977
0.0006022464174072221
0.0006083344362574805
0.0006358414727337253
0.0006078958657266414
0.000598512039966866
0.0005807319145953514
0.0006075574669511743
0.0006180030666063862
0.0006152460876335849
0.0006379747158921851
0.0006297697204163175
0.0006342429634300585
0.0006267082693568001
0.0006722104624713816
0.0006678472262975788
0.0006610507127773522
0.0006492642437432907
0.0006328175090383747
0.0006573451445816766
0.0006641134033410672
0.0006729175839047339
0.0006853295936209583
0.0006781844083579944
0.0006832528078402312
0.000713524728179374
0.0007107803512719551
0.0007179284941607205
0.000695895868880175
0.0006950794000327013
0.0007161480820839161
0.0007242787909928652
0.0007383975676209891
0.0007430802330356165
0.0007498036866738149
0.0007194433552857389
0.0007485856466615973
0.0007345048710035745
0.0007460472424454847
0.0007562767996930551
0.0007791980285627939
0.0007811090304350038
0.0007630335959640155
0.0007856129572944891
0.0007625156051897287
0.0007624748979557958
0.0007876169132872117
0.0007576063584307612
0.0007564955270457027
0.0007797594436145031
0.0007734117351619508
0.0007734330495052321
0.0007858219228224935
0.0007383366383895754
0.000732684789761914
0.000709072643467422
0.0006919130972936405
0.0006658758291300372
0.000678310591978745
0.0006865779427767758
0.0007050386557576005
0.0007076607162201558
0.0006969340678273156
0.0007299588386827021
0.0007437840343403473
0.0007593892817902273
0.0007629951622995501
0.0007784435044734326
0.0007735814296970063
0.000812819287543573
0.0008554804141718545
0.0008557314240111895
0.0008557899313638037
0.0008650080116601921
0.0008672184201273785
0.0008835783654911932
0.0008885773636104855
0.000882308748620988
0.0008660246192320522
0.0008497097343006749
0.0008608963797826614
0.0008613659011928211
0.0008603771831611014
0.0008400263799144651
0.0008235002649193578
0.000850222829488271
0.0008405930197984126
0.0008694436080688793
0.0008501393987964082
0.0008528200226946269
0.0008276323043493218
0.0008365091557653017
0.0008252717710402436
0.0008272875047611344
0.0008438266867738902
0.0008644881979768741
0.0008450242357504727
0.000823692973506907
0.0007941995869815059
0.0007796432656079328
0.0008062206884060566
0.0008045330620231537
0.0007767094989994668
0.0007665597914073086
0.0007717827328748861
0.0007658191592177886
0.0007572048589778266
0.0007667030887947711
0.0007420764951538623
0.000730301906114761
0.0007237444326989635
0.0007167042986714327
0.0006993660403001885
0.0006833064716528563
0.0006835336416699872
0.0006730358887011292
0.0006481137514698922
0.0006622771161851787
0.0006412634573186132
0.0006579576028486421
0.0006802227407625462
0.0006637195332191513
0.0006633246287578774
0.0006919312742302323
0.0007207174903941777
0.0007183236495757392
0.0006899008113698875
0.0007216432209912694
0.0007335591856427923
0.0007318258986625525
0.0007129051750945907
0.0006963339385953145
0.0007252817716806204
0.0007060918040761974
0.0006684055831966939
0.0006599188828222595
0.0006791546795592285
0.0006645161551142365
0.0006850580811732527
0.000689747182141159
0.0006904214246065484
0.0007124835772345812
0.0007314469457355575
0.0007235211142413685
0.0007047841002311925
0.0006913001278833135
0.0006951068653423913
0.0007159464398502933
0.0006886464026882621
0.0006919970752519264
0.0006807654650146143
0.0007040798506841052
0.0007302861232961584
0.0007213722665400505
0.0007047322888235266
0.0006874463439035306
0.0006811992359652395
0.0006749238912357254
0.000698455798091668
0.0006945179348404161
0.000741483972773988
0.0007449463888052341
0.0007265139459886823
0.0007240198472777789
0.0007065575003916433
0.0006784014828987934
0.0006816819097712197
0.0006817992416275376
0.0006877788653497704
0.0006658049231369902
0.0006559980767637019
0.0006495697013252314
0.0006399161605820353
0.0006316926678539832
0.0006671434363718406
0.0007167593492274111
0.0007186753189514104
0.0006960480361361194
0.0007009332485300015
0.0006872675400639785
0.0007245024538270895
0.0007292603993383777
0.0007446266932606054
0.0007537285105046967
0.0007523176665686297
0.0007422838946219225
0.0007345776804527694
0.0007317646729007405
0.0007283727305526885
0.000696486864370868
0.000703067999169146
0.0006656462909768249
0.0006178335385811293
0.0006071306442625716
0.0006102344028748897
0.0005730214586906804
0.0005910528355987861
0.0005866843486163239
0.000587183085893038
0.0005647520704570277
0.0005454028986588526
0.000569613295585633
0.0005723227471216324
0.0005223796450161468
0.0005278335870529312
0.0005282664033624234
0.0005274009551548408
0.0005168015274947644
0.000499184949421101
0.0005121650628129365
0.0005478920741333723
0.0005886346931641569
0.000604337399252693
0.0006052568203392548
0.0006107802278853096
0.0006402427640418871
0.0006479587823668096
0.0006648437113190582
0.0007100274240286734
0.0007203875803687619
0.0007108407841235677
0.0007099302620215345
0.0007313064219234726
0.0007185025814922405
0.0006891740770372367
0.0007265647653766018
0.0007311316921713444
0.0006928650092241535
0.0006704355079913325
0.000670819118726593
0.0007046579880667593
0.0007089498623370776
0.0007028498656732326
0.0006793900727543451
0.0006514465971310995
0.0006462290218946285
0.0006146644172002765
0.0005978638820244854
0.0006096612983962511
0.0005713213618452713
0.0005123437820403074
0.0005149081424522403
0.0005262053637694972
0.0005241491426680154
0.0005260113750079842
0.0005083636499981492
0.0005438155663864545
0.0005701942197360504
0.0005732258254487843
0.0005823274687622104
0.0006138017069772597
0.000644316523602518
0.0006661749980702099
0.0007082199197807717
0.0007131479390668125
0.0006900471196496471
0.0006986092187056567
0.0006685070332587443
0.0006625863320818568
0.0006260365760582556
0.0006405967254669341
0.0006542217635988482
0.0006679078311926706
0.0006708977851943301
0.0006730037487113295
0.000669098285451754
0.0006771074906470869
0.0006694539526124729
0.0006715662790140589
0.0006627619005655024
0.0006733048205538694
0.0006610858612962371
0.0006503245356061996
0.0006447257651137014
0.0006491637711040685
0.0006230135128744709
0.0005878074409615194
0.0006007220091243522
0.0006260058229701135
0.0006213244990512783
0.0006050907893062822
0.0005671248072340697
0.0005224934796326367
0.0005057890717324029
0.0005430034787160922
0.0005698756892564036
0.0005753344477775135
0.0005733650493453734
0.0005638193518350087
0.0005448297942438315
0.0005589341635561726
0.0006062264049636805
0.0006222029855498883
0.0005759783213838176
0.0005491930633860906
0.000573676122976075
0.0006026813744625497
0.0006104572279441496
0.0006065887872895826
0.0006129665585841765
0.0006131265619553219
0.0005917826470213912
0.0006194618454387038
0.0006532418693494921
0.0006362916153139272
0.000637223417721798
0.0006527949658561444
0.0006861367620302197
0.0006714296641869364
0.0006279165123387973
0.0006209533387214279
0.000594472252858886
0.0005832372868014666
0.0005906215747416543
0.0005906522491588946
0.0005705620478227249
0.0005606669992540035
0.0006033882278448394
0.0006373588895886719
0.0006543940565751504
0.000674178423274593
0.0006666186308914117
0.0006532511436034475
0.0006745419190641469
0.0007096370330763283
0.0007021425553506552
0.0006667656974131509
0.0006295359220708568
0.0006236725239574628
0.0006396239922082467
0.0006284364627342593
0.0006475041796180081
0.0006154315119445354
0.000613605870570078
0.0005921352581924659
0.0006043445990988559
0.000591487300055231
0.0006089110849307189
0.0006099573582464612
0.0005634456676731106
0.0005924053759716872
0.0006078771654672887
0.0006369143996677358
0.000612763036709243
0.0005994080629322664
0.0005953028513026603
0.0005519987697952167
0.0005353556144163371
0.0005216441052669763
0.0005204364465279263
0.0005030182075177744
0.0004812863444283775
0.00046269974760181055
0.00042399559976430954
0.00039801617769955294
0.00041963104344707266
0.00044491865669117094
0.000471342401001745
0.0004486580459178365
0.00046267675964610587
0.00045523039343492016
0.0004770577898772833
0.0005243894433731595
0.0005242485423914375
0.00046437580525792344
0.00043551506409525713
0.0004227748521881634
0.00043022251059641694
0.0004352932432962142
0.00046209869163410977
0.00045709386306332144
0.00042287863304691807
0.0004251789565747268
0.00037476644677080103
0.00035710834292751925
0.0003460508079539031
0.00035364806716057465
0.00034899928545877875
0.0003200604228262302
0.00033773166480950326
0.00033630059007524316
0.0003440551202638111
0.00033488361099998873
0.0003284586448984645
0.00031904540552235615
0.00033280292942316136
0.0003151029603643756
0.00033002160393602706
0.0003457420574377574
0.00030899296474302387
0.00031056916830789075
0.00031566319295520725
0.0003302938240082776
0.00031428639277972833
0.0003707369370309292
0.00037935280751579437
0.0003501199897554789
0.000346128830681748
0.0003458146989169673
0.0003567153674963022
0.00036076250591261994
0.0003717646130759862
0.0003741102432577359
0.00036006102566614657
0.00033578456078778583
0.00031711635490473406
0.0003017710443569031
0.0003067495538198654
0.0002965833786268743
0.0002880245751180948
0.0002961973957914859
0.00027796812478255155
0.0002622118934829408
0.00024693772676926133
0.0002668224890313925
0.0002972943438981923
0.0003142387950507406
0.000315802121713166
0.0002821714482957923
0.0002758202123813952
0.00030775589536955145
0.00031327986802746026
0.0003242438614968961
0.00031516855618990566
0.00031127333312718565
0.00030601823642670257
0.0002791226601001861
0.0002478225318985865
0.0002326436746822388
0.00024834473458523374
0.0002877673417831949
0.0003131383099633506
0.0003427552502382723
0.0003653348007444658
0.00032396062955770396
0.0002939461719257857
0.00033001267830428093
0.0003426093752604
0.00037868045614754384
0.00037404773467136044
0.0003738105915831546
0.0003814877183269104
0.00037957767523499463
0.00040298093977503274
0.0004182224934453435
0.00040803273176752674
0.00038825316511635686
0.00038210824825451344
0.00038988008323932803
0.0003448665747348386
0.00030186521803903237
0.00031544569795893145
0.00030087435779568183
0.00027673583380772833
0.0002643059396258947
0.00023389905247171532
0.00022534582148750517
0.0002201938636565263
0.0002223049589833942
0.00020824621381036488
0.0002127863265095384
0.0002461809233135514
0.00021932577509652378
0.00022438699847553213
0.0002598936625760714
0.0002571486483353685
0.00022523860491103104
0.00023015850524710042
0.00022115416425628055
0.00024001816990441385
0.0002709069308452462
0.00027139136662973303
0.00026222943360528796
0.0002506177045108447
0.0002989407998840276
0.0002973386659601672
0.00027126696549226875
0.0002466323740486393
0.00020779238665548356
0.00017673510683124483
0.00017142048805198466
0.0001343605013216866
0.00013553912373123173
0.00012548690189495646
0.0001447561792711546
0.00014363589912437026
0.0001212675784038502
0.00011531172172336523
0.00014359374316490987
0.00015401379485550194
0.00014565617675244176
0.00011393328861981884
9.176150737371427e-05
8.661038468310735e-05
6.178285321856495e-05
7.633777886653149e-05
0.00010379504454451568
9.28969211397371e-05
6.818706060003052e-05
5.5973640883598375e-05
7.06069699531919e-05
4.7029403231060765e-05
4.0505637187113923e-05
2.7921073578472124e-05
2.4105515544412676e-05
9.027031919785764e-06
2.8638796184893506e-06
1.0035064039337236e-06
2.9146268084224384e-05
2.2938845138747034e-05
-4.609737885150316e-06
-8.956669329315131e-07
3.876138138323468e-06
2.387911671117884e-05
3.2338502545212476e-05
2.848160562192117e-05
2.480304737874432e-05
4.436130535029456e-05
6.710957374276232e-05
6.543034382495858e-05
4.403072060427704e-05
1.9439120931248225e-05
1.39564260204135e-05
3.869256738386071e-06
-8.650190398942889e-06
-6.079931007737247e-07
2.4288835517102575e-05
3.0460744453850348e-05
3.599619685540131e-05
4.10594767122764e-05
3.6030764978929234e-05
1.8588644736808367e-05
4.419408622818849e-05
3.5291275897334504e-05
2.5924986180639407e-05
4.4328508116504086e-05
6.828679896239635e-05
5.330873629179111e-05
2.289815384771694e-05
1.855390420857963e-05
2.4259427132774055e-05
1.365043448928264e-05
1.9140639098885206e-05
1.532741855183323e-05
1.6111764838851455e-06
-1.4445652496223178e-05
-1.3996420022468567e-05
-3.968465678453295e-05
-4.9750966510912634e-08
-1.2249132259664928e-05
-1.3310245463777769e-05
1.4006081813342045e-05
1.3146311026135618e-05
-4.353302851037655e-06
-3.420155360820411e-05
-6.906578006064687e-05
-8.477703529885739e-05
-5.5110111576164316e-05
-7.747613885806121e-05
-0.00010510146674760616
-8.958854070999589e-05
-8.173967984238029e-05
-0.00010149168986520253
-7.978374166981126e-05
-7.415453112414191e-05
-7.491102180652088e-05
-8.736008161143495e-05
-6.015153381339114e-05
-2.193625508822165e-05
-3.340155427984434e-05
-1.9150188153206236e-06
2.6644550129831484e-05
4.24784950663827e-05
3.6204731229809025e-05
4.029765900276101e-05
6.720010599241182e-05
7.016733100515562e-05
6.554228571946666e-05
6.849937620548023e-05
6.18385986550078e-05
3.930048248194919e-05
4.7503023680668465e-05
6.190307485094538e-05
5.7268791010745994e-05
6.0056306298445004e-05
3.960077025900824e-05
5.102886799241808e-05
5.3233087919394716e-05
6.754403884844734e-05
4.039489018086367e-05
4.4693565173870324e-05
4.7016390103007337e-05
2.102910628814234e-05
1.7777937009438792e-05
3.378189466052479e-05
3.4768220186664586e-05
7.178240191785972e-05
9.180796103737849e-05
9.385708018183966e-05
5.273703887539507e-05
4.1355300724804636e-05
3.8114653619805396e-05
4.7515281851306354e-05
6.626490174324143e-05
7.75339560884849e-05
4.492049915443352e-05
7.957568332135466e-05
9.445671685990938e-05
0.00011483700728102245
8.839976742839689e-05
5.35349338890537e-05
6.134037255149563e-05
5.237765698829617e-05
4.169528045743043e-05
3.597381650367391e-05
3.525890686653958e-05
5.840991292861152e-05
7.409822986604691e-05
7.512759343463628e-05
0.00010392673965481302
9.11684732907794e-05
8.63351555910885e-05
9.401930248728835e-05
0.0001041084640092189
0.00012844254588050837
0.00014180551193893704
0.0001395293746335148
0.00014473771617303465
0.00017619949305974964
0.00014727728295378672
0.00016716815722159556
0.00018712623901045853
0.00017779390519552247
0.0001691787959220512
0.00015283361908482069
0.00012743880964374867
0.00013490273703866087
0.00011156885472780599
7.043192941743367e-05
8.008725593704159e-05
9.157182036466588e-05
0.00010037986556844133
0.00010536892306844354
0.00011837867553776568
0.00011465866279605221
0.0001100367099686681
0.00014187894186308835
0.00014010231205162268
0.00012094538414485196
0.00010063404165753769
0.0001243302337137012
0.00012896536100333696
0.00013892324010094138
0.00013885086532245165
0.00016056368946871174
0.00016935501297417034
0.00018131126130442165
0.00021371181920730925
0.00023538592526082142
0.00024731138010527945
0.00022841021309219554
0.0002569110171222974
0.0002853558900848274
0.0002976438329449777
0.0002957262627180284
0.00024581667665903153
0.00020827185395903643
0.00021009665661794052
0.0002478184239575723
0.00024188623779520662
0.0002267030725313078
0.0002752138336718943
0.00028392515386028305
0.0003521123925198609
0.00036614589936850275
0.00039439137015789675
0.0004048066816591941
0.0003880825133286922
0.0003464816251650667
0.00034325750506720797
0.0003373674591205323
0.00036602292237104166
0.000335156657730595
0.00037056012475798576
0.00035550833291518407
0.000358332665638173
0.00036762880972646855
0.0004071819414279424
0.0004127202881357696
0.0004617025203269309
0.0004716270575665358
0.00047209904147449774
0.0004970272080708188
0.00048597173996317854
0.00046113907557971377
0.0004543662857412258
0.0004724341408789346
0.00046024640938680455
0.00046756817483108144
0.0004725907882758632
0.00046838723330771225
0.0004223221031251672
0.00041245977621321724
0.0004088034087653474
0.0004289443022028849
0.0004284862938796815
0.0003962066316761379
0.00041844257763452457
0.0004357509702273934
0.000414602983553765
0.0003921301426847599
0.0003979744105573667
0.00038716144731517455
0.0003675287506292406
0.00034360651782847323
0.00036567048856562623
0.00035637281769218993
0.0003609966885649456
0.00039082317223964973
0.00039831340528331366
0.0003827106528098157
0.0003768498623484834
0.0003932019512918331
0.00038493035755572365
0.0003931270263220706
0.0003661482313063357
0.000347181453012089
0.0003641990757833544
0.000363635673050386
0.0003188086383373181
0.0003090886206535289
0.0002999093153837832
0.00026998502907129776
0.000270968849177231
0.00025710856954809665
0.0002466687146413208
0.00026283604621583174
0.0002942095040507341
0.00031271989531796277
0.00035879204411932454
0.00041547035979535695
0.0003946747565962379
0.00041406105559825036
0.0003853037646805477
0.0004243711427452072
0.00047829860236869024
0.0004778139725472066
0.0005159613240357933
0.0005409151669597107
0.000528377337432133
0.0005279816656963117
0.0005654384450681921
0.0005590518897541617
0.0005123615118807162
0.0005157532034723992
0.000510781802992096
0.0005496550055878075
0.0005560193422584122
0.0005466013502899291
0.0005519590274278582
0.000567441982735347
0.0005454722057992207
0.0005323264185053397
0.0005023139245449355
0.0004620381818266904
0.00048034588101960967
0.0004820258667386885
0.0005068342074869835
0.0005331832850003318
0.0005631356812667462
0.0005516847676781324
0.0005712160481986849
0.0005313517863663451
0.000522311190557526
0.0005143408874529721
0.00047138015267831647
0.00045413411363981243
0.00042914576029573677
0.0004501677536103048
0.00039648252171617957
0.0003815156726430089
0.00038549446261488055
0.00036040909177414396
0.00034639234376419
0.00033477762309533246
0.00032906476063932025
0.0003392845257406631
0.0003497755998042143
0.00030093823228122816
0.00029206431893033513
0.0002919902114841602
0.00027213776277405723
0.00025410436869916186
0.00024523419108770793
0.00022747393512756952
0.0002517393385143868
0.0002675039139603784
0.00029333509486282255
0.0002829152438141663
0.0003078617280406269
0.00029770330779440413
0.00028824668911455733
0.0003012248213949449
0.0003113713449007424
0.0002945237091464835
0.0002613413450930003
0.00023645755374933063
0.000214061356987608
0.00020176366354064781
0.00019610087743892327
0.0002184367212902452
0.00024418207642620045
0.0002873483488766481
0.0002913580623161578
0.00031404459522217513
0.00031082303410011477
0.00029235955805126916
0.00026976453145054755
0.00026200856513630547
0.0002941709195602674
0.0002916273205332999
0.00025664929669527947
0.0002838888104620237
0.0002789043120387515
0.0003024065339271887
0.00034873811337232197
0.00038827743404362274
0.0004235700214566156
0.00043480832304168993
0.00041878569119054867
0.00041035936085634833
0.0004294357792697458
0.0004191169768244335
0.0004099860158150962
0.00038172225392313125
0.0003566646971896154
0.00036216069349237555
0.00037900602667356563
0.0003766188341675222
0.0003579638101315584
0.00036166126479777094
0.00034122357714099513
0.00030045372608807953
0.0003023829948439981
0.0002892117850039882
0.0002988521238481861
0.0003219959793878802
0.0003279664185686695
0.00034110888135445677
0.00030407230319222644
0.0002754338799391176
0.00026533106502385257
0.00026893980652222617
0.00026392144213584494
0.00027830462110783676
0.00028424408756270357
0.0002570034541170157
0.00023927967214818982
0.0002360629880031845
0.0002325303590902811
0.00022252641025803473
0.0002225061176180688
0.0002343064792893157
0.00021280478349830243
0.00018386516497347985
0.00018849306364954727
0.00019130691264778702
0.00017956386955510198
0.00018428429291802732
0.00019565597164228685
0.00018609861080892242
0.00017053821203214878
0.00019738651829303517
0.0001653531490423393
0.00012532310253498185
0.00014813501488806098
0.00014995347162412054
0.00016795649536385096
0.00020230998052743
0.00020338155617403061
0.00021649229846998713
0.0002184281150926037
0.0002392935166336919
0.00022279340223259428
0.00018449980224065655
0.0001854983478143115
0.00017906448723101722
0.00018048222953628262
0.0002017499723867449
0.00019713955703910057
0.00018788992496088876
0.0002072026694894035
0.0002057791981434587
0.000223013440743398
0.00018984122462631709
0.00016541732278704406
0.000132403450369082
0.00010940020167423884
8.437674073971023e-05
0.0001016277503886513
9.937973095290257e-05
7.30611694525397e-05
5.6979639015052866e-05
7.867798097731275e-05
7.496336600401146e-05
8.573107632182491e-05
8.884709965596691e-05
0.0001015468596171459
0.0001220045185312974
0.00013935328329137277
0.0001536508651519832
0.00012702733669633015
0.00013496571577772766
0.00013685341073967254
0.0001600596502925768
0.0001529372031782734
0.00011684151577424825
0.00012074438755685797
0.000127026710697726
0.0001364700639130191
0.0001400597970190137
9.368704920883239e-05
5.779277533434919e-05
3.7464264230702306e-05
4.006963924827451e-05
4.037475633332578e-05
3.088374056051154e-05
8.598091018191236e-06
4.530016532354011e-05
8.79304031630898e-05
0.00010169741249843112
8.830686935674213e-05
0.00011019491278070906
0.0001282185055205106
0.00013621288787486036
0.00016423502704418627
0.0001697533099659628
0.0001395925138864948
0.00012958081523332292
0.00010806466242078394
0.00011025931699589332
0.00010293442678162412
0.0001274225702345257
0.00014827884288410881
0.00018036600693139128
0.00019421531045237705
0.0001866429787232577
0.00017546658947373235
0.00016612269911250359
0.0001591118467044836
0.0001531435954064804
0.0001707259968896515
0.00018954181263449506
0.0001919491414865947
0.0001739482567947974
0.00018855377281288817
0.00021308452525796396
0.0001841660500587416
0.0001848995031041439
0.00022218479744583308
0.00022893581035630904
0.0002187887137266479
0.00020978601310163767
0.00016423404252595392
0.0001298021746204192
0.00016681619268085938
0.00020413612226955396
0.00022093883433384524
0.00021349362215785452
0.00021595337814771362
0.0002062981513784568
0.00021507788326748667
0.00019251985071386314
0.00020011579220291322
0.00022072942080028545
0.00024114126749763914
0.0002735920811681805
0.0002637689218438129
0.0002598897264558163
0.0002659686015365792
0.00024517351174086334
0.00024478033001495113
0.00025079085182964364
0.00021004073227266713
0.00020819812142043592
0.0002464907018494301
0.0002712821503493262
0.0002471848244040743
0.0002419181074406142
0.00026575507121588866
0.0002472849769371893
0.00026296658283346395
0.0002562257306912302
0.0002421641788863142
0.00025900417733814164
0.0002791202426185427
0.000296067663926947
0.00028378259420440313
0.0003116081150498398
0.00035119680260213375
0.0003533659716622179
0.00033643030316213827
0.0003065037864198179
0.0003055302144956552
0.0003040754031762375
0.0003061179519547337
0.00029788602269479
0.00028053799774164275
0.00029068156030427205
0.0003283360254473414
0.0003132814435497839
0.0003027050198401318
0.0002735874227826661
0.00028161709083967287
0.00028919147756336895
0.00034138774155229935
0.0004245914551051299
0.0004541477267229752
0.00041778967829635036
0.00042393390851392873
0.00043049040199184753
0.00042995813541478657
0.000431461705311691
0.00043355584473368905
0.00043711708806504126
0.00041370855014953535
0.00042351603587789075
0.00042325745597491274
0.0004572481878940131
0.00046147164773130124
0.0004354354755783233
0.0004029645589167796
0.00038578874146481703
0.0003959599830211399
0.0003986641801449845
0.0004235397323900231
0.0004266386243963033
0.00039891250812172717
0.00038869775005833095
0.0004070643081880978
0.00042850935537041564
0.00040396792364409293
0.00042544198803517276
0.00044926423237393954
0.000436767358115127
0.00045530402809725804
0.00041779537232816184
0.00040114525457641376
0.000410216406581437
0.0003911596575211538
0.00041243360464229064
0.0004318484908214323
0.0004115361208031082
0.00041276759138444275
0.0004308279738993536
0.00042534078776595286
0.00044877098214022974
0.00042965657641686784
0.00040858734349786695
0.000409989301944526
0.00041197426012427754
0.00042750453334017323
0.00046845009221234575
0.0004421621912110539
0.0004394840042863731
0.00044662331245284295
0.0004219693919120101
0.00044094271905441393
0.0004500102006650738
0.00045302736973501804
0.00041945886339357066
0.00040281541768621255
0.00038371750550742644
0.000363428103211548
0.00034975392836444604
0.00032525004198877847
0.00028148018633521773
0.000308203271531868
0.0003238212685930902
0.0003283828902154991
0.0003252076317173114
0.000341235835560147
0.0003326478161381238
0.00033958804250234506
0.00032370730215652583
0.00031499708371969477
0.0002905687527206908
0.0002841705338093531
0.0002857958619058681
0.0002701053487160332
0.0002490456776192662
0.0002458894345092087
0.00023674254141974619
0.00024050403585532937
0.0001973726482513438
0.0002131695589398629
0.00018364999215258855
0.00017840043872931346
0.00018057423187343245
0.00014910938152583135
0.00017960516875107325
0.0001935891368625525
0.00018830086093681172
0.00016234940884586103
0.00013949354323982847
0.00013457449033842851
0.00016269657853737216
0.00018023793437040616
0.00015319753233639422
0.00014103019340954296
0.00014577645431357992
0.00012706066358188987
0.000130720511069944
0.00012645627632976522
0.00010233952681160046
8.87303646276276e-05
7.817528670778706e-05
7.128503755682633e-05
4.9472152116756884e-05
4.073324359850247e-05
5.8523143785997427e-05
5.127954384874826e-05
7.2009915431972245e-06
-3.343107368377666e-05
-3.480585557110461e-05
-4.615323881299534e-05
-7.376211641962763e-05
-7.743991140000533e-05
-7.68072711587996e-05
-8.247314939529738e-05
-6.986759746290501e-05
-8.726506080485757e-05
-7.591424057692324e-05
-5.0517778684933703e-05
-7.009409649892532e-05
-4.564664319405161e-05
-5.157538923293732e-07
6.1911214420079345e-06
-6.704595163040523e-06
-2.0041020889540064e-05
-5.022622056130075e-05
-4.193476082582631e-05
-6.226139789195013e-05
-4.8762350262960066e-05
-4.71842731438299e-05
-4.7390361338425806e-05
-6.914699646755636e-05
-9.212704713804093e-05
-0.00011158158808103529
-9.854851221032665e-05
-0.0001104625228252626
-0.00011774988318758055
-9.957911374615535e-05
-0.00011210538991955098
-0.00012265204219203185
-0.00013025273697877564
-0.00014974667013359892
-0.00017305372824485794
-0.0001585837141737842
-0.00014388488377694406
-0.00013642059919424538
-0.00014759953164790958
-0.00016481811263642596
-0.00014550811591808194
-0.00014055238449833864
-0.00012997456594231746
-0.00014937396042053613
-0.00016841603622259852
-0.00015827603612286387
-0.0001974333802118559
-0.000222407546863918
