0.013126251813259014
-0.013702369800486749
-0.0380866465081872
-0.004093092722988564
0.019639615448526018
-0.022202851345393276
-0.0012597027205984222
0.04630522420746122
-0.008464310280224924
-0.003523627490209999
0.010560760974432348
0.012288664650452804
-0.008193228947813228
-0.006167820601213637
-0.010614724514975733
-0.004544128937745343
0.017668595132189806
0.020695993135986787
-0.002078642758699053
0.0063267246132139915
0.014532422099976993
-0.017788581592385513
0.002700638155777614
-0.012279582008346989
-0.028074194100378275
-0.014672360028823248
-0.022618337626357326
-0.00311093023985836
0.021660323094942806
0.014001927550029386
-0.019160470446240543
-0.002493863354798574
0.003935293615535207
-0.0237406574792666
0.01482604851284084
0.03393868068725268
-0.01757838897988291
0.0011936274772484739
-0.01586235102116424
0.012399603406622252
0.004593022429907758
-0.0016949330092770037
-0.009657447496475492
-0.00579424064431523
0.008698483743986381
-0.03030234538106743
0.01624923317536452
0.00497606126854348
-0.0008058847248907097
-0.009436106703330735
0.008327272833449237
-0.009367385230403844
0.01585663658614475
0.003938561212282176
-0.0024000149777666617
0.00029551078673027177
0.02378295600594426
-0.011128781199971889
-0.00631506802523869
-0.02345591507161042
0.012968947302072775
0.016269646328113244
-0.017088307521639045
0.012937361495124899
0.0031627880228987156
-0.007076386460935511
0.017998141545345393
-0.010357711523754328
0.009887711936514608
-0.011074424561507675
-0.010664298240475987
0.0035159126991691665
-8.477979459421518e-05
0.024915835222680274
-0.008122628665393872
0.011486186674418216
0.021131537832717134
0.000496655937803743
0.001888502208301209
0.0060542840582649415
-0.010279499361872831
-0.01353206617047638
0.015615867027955995
0.01913601162740699
-0.004604509207840717
0.0047269204422258106
0.0007059866563331532
-0.018175502637458103
0.004104365188858641
0.0022201521431346157
0.0446387685204256
0.0009821994623401397
-0.02631622033830772
-0.029481286325404997
0.03786466037123387
-0.026448196847452934
0.0023629597595936063
-0.02194210593014846
0.011437332957514961
0.003634617940476796
0.004186564958133892
0.0025754297256358493
0.005901936470444067
-0.005937263486410899
-0.006882003849018099
-0.005428766190287722
0.006191545059517875
-0.006686420699264576
-0.026708320707520328
0.008423699071822503
0.008072924609801965
-0.008643827877116341
0.016641723649202942
0.016997209324271387
0.005666183730567537
-0.012221746073059508
0.0038788389956709054
0.020216938116754603
0.014310597020099115
0.025422135531971347
0.011461478502504393
-0.013343407061780204
-0.01779763423429141
-0.008513260164965092
0.0026326423150635526
-0.01663825594083214
-0.02470360279839579
0.009263441193275082
0.016901561772047595
0.0028323546879125217
-0.003071211586594942
0.009142073633131482
-0.023657426528851846
8.866273998096169e-05
0.001883926241401262
-0.011001201976146928
-0.016545788132529514
-0.0033425303312074215
0.012484062381872548
0.022442883659548163
-0.020355328544463487
-0.013871256865940183
-0.030370453590192897
0.020877652798038656
0.025958609792652992
0.005377159708570541
0.005111910244050839
-0.002731436675364853
0.019441602770572868
0.005924431920964705
-0.004920624293740289
-0.007905622091283832
-0.03299544266657332
0.015610600154488178
0.0003433669147532776
0.013879671342279517
0.02124365406737792
-0.015735928721117367
0.00025523007150164007
0.004965242355752835
-0.008793653201776625
0.018495824396915078
-0.020378480679573447
0.027016537787228075
0.016823606256047115
-0.016685572236451462
0.011278354024150221
-0.02266789898625199
0.005070508387873939
-0.0018157929276250394
-0.009250949929684768
-0.014276013795887478
-0.002707697747919476
-0.0025778655281902506
0.013471308736653188
0.00414380680698453
-0.0212232708053799
-0.007756905542174196
-0.030123848380481506
-0.009212413210598567
0.005291977096735593
0.01611388543392024
0.003446024379857897
0.017285339143534636
0.024407268381861028
-0.006487879652815779
0.009189717682962461
-0.011808811897728581
0.005750144330460311
-0.01150194825788955
0.015272977528355415
-0.0037157525027853916
0.013568189459323
0.03355542271899306
0.020569753044141686
-0.014879179449995283
0.004118135246895305
-0.013388325095327046
0.03246755590927377
0.010941093155097479
-0.002329314744902937
-0.011380889209762692
0.005304513782944472
0.01210365805273965
-0.005887113593348411
-0.022806504731808654
-0.0118058077189916
-0.013063646287558095
0.017226292914299203
-0.006546943355196468
0.035801652195600574
-0.004174706770173675
-0.013237581722482412
0.028077648092731458
-0.0006650901976439165
-0.002975666554631007
0.020778210842296287
0.00837728610503686
0.024783585517955318
-0.002590618606200609
-0.04072699218876099
0.012304273296462259
0.013066960337506851
0.006453521350305285
0.010304783669368349
0.022551845881398334
0.015538586729516293
0.013950594978171143
0.0020696080918977825
-0.003129993710521632
0.015568616347599507
0.013841296666911381
0.02644582775661667
-0.0030832754874176842
0.011079016799033791
0.03295622787145665
-0.002978476797972378
0.002312531395534218
0.01901411011951784
0.008921379183213398
-0.014205863767321376
0.002909637997714024
0.011023019442108511
-0.02825537726373832
-0.014642475740226278
-0.004707144234716413
0.023345314377870834
-0.011262587193342615
-0.004532375107085021
0.00042140006569075985
-0.0010051478664529646
0.009796203982910848
-0.013658376023226594
0.0006219782569874995
-0.010818672098916612
-0.015701881230650565
-0.023306112711284546
0.001122777041580137
-0.004634402167480584
-0.020954859822931292
-0.0021812815386331955
0.006528975669555563
0.007966964718895589
-0.025078431383092473
-0.011924705629936859
0.021152383182251128
0.0029387819143263764
-0.014981252742117784
-0.007914780185875367
-0.00392106844269105
-0.015420497525634966
0.006941725711438524
0.005163886047261378
0.008927999650453997
-0.01180156346446768
0.021238009440187867
0.008907872719774952
-0.0039039857456749805
-0.0170211865204045
0.015863420711294735
0.004676098513526198
0.032101655551702954
-0.015912584997888227
0.010096857018997997
-0.003924759863859574
-0.009158162464026325
0.01874175826256427
0.019137618275632998
-0.013937453597783166
-0.0002998380555012895
0.011402262799037652
-0.009640649537585002
0.007626143663010059
0.009445348072382231
0.006270459622149871
-0.0009206386683214014
0.02668665182165196
-0.01768940951721585
-0.002661278104196978
0.0013954016540485628
-0.018549795257792115
-0.024907966084496292
0.0015419267002778278
0.006208669299303825
0.0016670965287332133
-0.008900402217659937
-0.012089807626594284
0.0033072972364504637
-0.02639413306602037
0.0407792319367026
0.008258012757402327
0.016547952059985226
0.02040670397947796
0.01624994289076427
-0.004701862196065061
-0.0010124574586631162
0.0028583468999506915
0.01684466290590963
-0.009543734759869566
-0.008213424528355674
0.01903011543620376
-0.016180941442086417
0.0006502880974873157
-0.0021276063976149
-0.0067024603077835195
0.02098618590940222
-0.027211117576692714
0.0016043061493004433
0.003773084115931651
-0.012967425661002594
0.02057124194076885
0.0030106799260761555
-0.013384458408135973
-0.019317173125707847
0.01563364558942326
0.00968659068692646
0.032374418817643705
-0.010792047454571279
-0.010415046671093577
-0.0028803306268524297
-0.02016714273818203
0.011335575222109154
-0.004670437715077221
-0.01622137886167133
-0.003019683471107747
-0.001137902183787625
-0.016756603989717928
0.013442046128721664
0.030230718291688694
0.01644511546411724
0.01045436835502317
-0.0042119049405856
-0.01328299586167759
0.012327103038099065
0.01799899366377679
-0.02399976713462469
0.008202370320456207
-0.00437631877432416
-0.01271079961598789
0.01499793703919438
0.021039480628856744
0.017157241341682575
-0.026353633687207285
-0.024136333472620244
-0.02774920102445056
0.017709323699443173
0.015435384585920564
0.007050212826733803
-0.009730483081115002
0.002084228935165351
-0.024020101385666084
-0.010263996859364008
-0.02526167852192075
0.007704696703102855
-0.016845179621364188
0.019390041943636985
-0.0014862777823880496
0.004080189043962032
0.04316743168892429
-0.026579246575123498
0.02428292252212117
0.00266234316029088
-0.006543758652816256
0.0005095700002966566
-0.010813133147914314
0.02537091617468982
-0.012474572938377825
0.037180006521053285
0.007710589626468027
0.01410194347363309
0.015403856094556538
-0.0004834673750873694
0.0013580605829306633
0.017852886702414902
-0.01108769600397645
-0.019012852760925944
0.01683887938609989
-0.015244897561220692
0.011938440722430884
-0.003032584200627139
0.0037870688079206976
0.005401644941242769
0.004274145429163767
0.008205265170945266
0.014308944984854792
0.0016413703399115527
-0.005774196503605538
-0.016789387397126765
-0.020294034267222923
-0.007252282139487261
-0.001306599364298138
-0.015422318301126382
-0.022044049221383026
0.012513200321405966
0.005968880654868142
0.015582659651781423
-0.01244907104156659
0.006195168164145171
-0.0023097586044746317
-0.0043892146354705015
-0.024434147795172462
0.011039328985625377
0.004517566212378846
-0.006852223614276343
0.025957825261561894
0.007351081433581911
-0.033147563430364
-0.0022978848664754466
0.011171142989146583
0.01184207255338405
0.03239251045174082
-0.0038161133940317364
0.009159668785601566
0.018825992246304248
-0.006544353151244106
-0.018285102293944824
0.006181998757424997
-0.009642214377899706
-0.02796149716108069
0.01643130785453048
-0.0202997120910147
-0.0030227774205634494
-0.006013969935407144
0.01242225355358988
0.0010456286963242863
-0.031002251040356827
-0.011098972532093377
0.018452609484613053
0.007808586136536219
-0.01243043757499505
0.013767584571267297
0.0005910332760731803
0.0028084589486430736
-0.008143724939847023
0.009575719574261034
0.019439444389971694
0.023457172394649874
0.01655478876000307
0.012633729117447545
0.0012486507099351792
-0.019483027197010616
0.027089096941461607
-0.024753558462921224
-0.004281926656347024
0.017349140251676633
0.004818172789065163
-0.01974941568030083
0.0201288778873785
0.00640991740732336
0.007960750979241607
0.01294790676698316
0.012455899918775425
0.020113111265167932
0.012125106170930728
0.009139204218746672
0.002661632000137141
0.016830371942007066
0.008117348867166144
0.005896930724997109
-0.008950681222287798
-0.001729572488407838
0.01887314056105025
0.009779262481243937
0.010165097610786353
0.020935280152440422
0.013674440664368464
0.001829532073109877
-0.017766647528640912
-0.016595264020869277
-0.003321970018393289
0.011375796991993458
0.012445156650512683
-0.02187611751306233
-0.021780625188608238
0.04532908895875294
0.01672590480502203
-0.007616190887941732
-0.011069699429134348
0.00428864257472397
-0.016769795421837798
0.023753494501377516
-0.006974216698022368
0.011537519848420141
0.0007886292898915499
0.017700904302213348
0.003492870120830016
-0.016893939783791348
0.022326016275755877
0.011593619262525702
-0.015338208277796014
-0.020061983654642773
0.002219361381419295
0.015812663446084296
-5.1577651773769204e-05
-0.020427346043746197
-0.015138230115628842
-0.020996381937323706
-0.005311301071078167
-0.01369096941209366
-0.03083207592849973
-0.017266901621529246
-0.002444936306077638
-0.0141148206225747
-0.006861678076440031
0.02408098543545081
-0.0021161181793940545
-0.025858503076210224
-0.0021690186043506277
-0.01215215752165179
-0.006287420503257321
-0.01961839076892016
0.0020164196093023223
-0.006707603322566209
-0.013623713499877298
-0.005753905344610509
0.0035842912755501633
0.0028674161292583204
-0.010437837389391864
0.011647596200790944
-0.006652929427707642
-0.012612233393812598
-0.0030715723527725246
0.011020742060089113
-0.0023345270911601084
-0.016752206274005
0.023235066407356064
0.003975805357762313
-0.03018733466529665
-0.011822565742623343
-0.003563748235139835
-0.022358696447723727
-0.0011030241912983099
0.013383429642615052
0.01887190901168554
0.019340302845960052
-0.0068283228268961205
-0.007408892102375362
-0.002441622992723275
0.013587511505902383
0.006831538391302027
0.0013279417547121877
0.020519918289962302
-0.02116510626972679
0.020350229632904088
-0.0028340147222909707
0.00826561738069221
0.005672750902622118
0.014555976459730148
0.01831527201231327
-0.0017023724443798825
-0.012532301546636062
-0.006824945193678573
-0.01567562641017836
-0.01934514432201713
-0.002567205405754013
-0.007982802532672233
-0.024434613857965984
-0.003317248606967197
-0.013566861168514363
-0.00209467113268229
0.0002087406667503895
-0.006483651883143418
0.0009283816406903418
-0.004684607310298815
0.007987339539482198
-0.0420968794487858
-0.01574818513065732
0.016293916113784744
0.014917609281024435
-0.0005849167609023017
0.00265520725322358
0.027868360163384842
0.01640997607643853
0.006135361195677771
-0.007528030194335169
-0.0011551633137749202
0.01926945889288935
-0.0026660084220667185
-0.01109474071144038
-0.0118017477027537
-0.006300218002648514
-0.002871306310453646
-0.02428146767085341
-0.0260286943130928
0.012012329445226648
-0.010616540771101786
-0.017005805481479
0.008531177511873132
0.016457907721313267
0.00436760447677962
0.03949707320142483
-0.011061292526560068
-0.022453320337173222
0.0030695699224203782
0.0028456468029734025
0.00763923759137638
0.028371728354429998
0.009434642201604209
-0.005679994368658646
0.005941482653738153
0.0023877705068245402
-0.021910681952572765
-0.01998727523926676
0.018746449761970704
-0.0054771050182036915
-0.014475316343094697
-0.008034544850689862
0.012745398924390607
0.007082593174699165
0.01932278621361505
-0.013684646535364733
0.001013681641956185
-0.00755159625265083
-0.002647398099461117
0.005499073831937937
-0.023591746980481637
-0.01470089765097389
-0.005072248085439583
0.009789207853673602
-0.009591921844501347
-0.04432426305346743
0.019490079433616896
0.00826386665355316
-0.018395134827150807
0.0064987434315030125
-0.0046892403474330935
0.002477995967539698
-0.014712246758149894
-0.018052964276170435
-0.0010003815137495063
-0.005126693533948991
-0.03012812468469084
0.0006927110690078224
-0.018742827441636557
0.010394659074810384
-0.012382350848987436
0.009128891547223829
0.0032215892226594538
-0.010656285540047812
-0.007786576074908016
-0.0066580940136801645
0.02819657392246447
-0.001942732132955277
0.007196018412940479
0.013456366381721775
-0.026537270410939378
0.004693824297861951
0.002008206972035399
-0.016359782809154642
-0.00289975107120427
-0.01150204157983177
0.003272770661472992
-0.0065139812111903155
0.0007109916676471088
0.023066276280583775
-0.0038661350828474283
-0.020943837485777536
-0.001731021553138203
-0.028040006381584194
-0.01206502574759239
0.027620211504589313
-0.00047876690030123053
-0.005697605735781054
-0.00046111570169734585
-0.014352435656197031
-0.001872021516500075
-0.004774267613406146
0.003932164857350583
0.0011396872703543642
-0.0002773229236926328
-0.01706725291136801
0.007336310554679936
-0.017614602329978385
0.04270228945827001
-0.021342851092262628
0.016138209241013717
-0.0013706956190567107
0.023592928379750112
-0.007109267931302454
0.016801647710876076
0.012742441985034084
-0.009198194141499964
0.009094535972511664
0.02845831465590537
0.02584348150244526
0.03617836143453418
0.0035671309785939055
-0.011058449052738428
0.005115206527267203
0.0022440025158774737
-0.011673106763710108
-0.01628057443984686
-0.01051636262319679
0.008409853318915396
-0.002141316968659804
0.03370491887371451
0.010786540703226596
0.0029234846566459833
0.004454495503015567
0.005856906515275399
0.006278700629046112
0.034182514964500366
-0.012618474933563308
0.0006316464056204566
-0.00657566919357388
-0.015700099668110094
-0.0033439324274565784
-0.023782769498629196
0.004990300567213311
-0.004937766039828866
-0.007206390891438815
-0.006646970322462125
-0.012428595960252555
0.019672378053659796
0.005850467358045321
-0.006717133383372606
-0.02418621196427694
0.015882830063634307
0.04862514342183571
0.0216920007793909
0.024159781728913556
0.01409631988816887
0.0012327447624194301
-0.006800033490616986
0.009362271416671796
-0.0009523390343772406
-0.017628245243205394
0.009839127702657248
0.005259981977218071
0.007782976048623148
-0.01796069560724725
0.024814110121843317
0.00030140460872591377
0.014414247199960081
0.012625361341401143
0.0015983270494001477
-0.007736068158498111
-0.0018674812674417704
-0.021080358634336965
0.006492203869376527
0.008217211634763556
0.015794704452030912
-0.013131761356437382
-0.024254403391394314
-0.015185573758458675
-0.010345483444876758
0.01774434478572677
-0.029134531309329983
-0.00928455760523475
0.001399923686292776
-0.01923477047382028
-0.0050199608709483555
0.005931625127932182
-0.010712627401039301
-0.02707821975036601
-0.005126759961151422
-0.004250274683185753
0.00567236578386446
-0.02004955497640539
0.014582629434991352
-0.023522538443148003
-0.002489825425728508
0.010445474669389762
-0.002671685560910554
0.014441943596993306
0.01599593896649857
0.008423038407755726
0.011263901376110582
-0.005526181033219267
0.02830532020486331
-0.010519306936512008
0.0018069947049776992
0.006211903457743645
-0.016054190583116197
-0.030368491167507426
-0.011647264138710974
-0.007943716790897523
-0.013396028141421391
-0.019403149060955784
-0.0037500803126121187
0.011682289237456903
0.018055059093192827
0.014655145284776582
-0.008505601715768763
-0.0014323045342431052
0.0027196005045370935
0.018931551816644583
0.009043448356716855
0.012124707869575608
-0.023155077601463285
-0.0017459099048802284
0.002788457179800509
0.037080915234766705
-0.00788107969903295
0.004797982812834604
-0.015966542818994782
-0.011105050583628224
0.0023038777464361596
0.020773744090554373
-0.003513901063482843
-0.005973053275710082
0.0017538186264059454
0.015153741306875001
-0.013264823257894267
-0.01769289385660808
-0.011657221720863552
-0.020238815276936353
-0.0333294925697839
-0.00407027333527469
-0.009964775118695616
0.009777862069172184
-0.00758476502984172
0.0265136654319491
0.006854795472584142
-0.025930490656386793
0.030692233029627928
-1.506359686645779e-05
0.008376250568568838
-0.0060182007674195745
-0.016838199900274978
-0.008655877175574974
-0.00853939113253382
-0.01626250781984364
0.013057345841311012
-0.01081054685977531
-0.01550353793397113
-0.02279529711296221
-0.03537647252143157
0.006906678699572332
-0.021530916273838043
-0.002647154397276353
-0.003260644702354789
0.009804539357868075
-0.012415942954372814
-0.01360374667011711
-0.00200012762826159
-0.01651629281914294
0.01858901330439277
0.016852829756806312
-0.031164031995499764
0.006048487590420403
-0.0064476006443601255
-0.023691593274719834
0.003968953791498406
-0.015203626506454071
-0.024966281674709975
0.008624798468290604
-0.0023587631035781494
-0.016052127945624637
0.025071843428279873
-0.019359681497355917
-0.011421155625335131
0.026170736011854948
-0.018369393737386497
0.004769259038817672
0.006552270824923874
0.0022530857429478753
0.014372566223529944
0.004141588324395811
0.0004438129963587026
-0.006804866029987599
-0.003198832583761928
0.028010236061324183
-0.010427070671100675
0.0034612189293264112
-0.00242057677906382
-0.013610721845999964
-0.03301824394475435
-0.01135720752217066
-0.004082193077045792
-0.0026864175805481356
-0.0193550078693612
0.01952990737231936
-0.03178520693554007
0.01751644494965759
0.007162080048077656
-0.009601787422907767
0.011301560591664627
-0.018161851452966497
0.008627235462147935
0.026847145797137623
0.009301381767287528
0.00347373344217622
-0.011795202861451278
0.014870898575246287
0.0014679995198705323
0.013478985089017148
0.001959770659003903
0.006534730966172478
0.007505853486192866
-0.012154459149701166
0.035924672217867853
0.012331313625945159
0.03823519506336093
-0.014225542367620376
0.006687158818743523
-0.0129623507286238
0.02718507797767824
-0.012333714819001543
0.027223280808207205
-0.006374950437980344
-0.03796919382482331
0.024247828008459385
0.015642767679580734
-0.0010166702196398852
-0.015901815555136724
0.0027378009254538146
0.007385353789930876
0.019559971047157777
0.006821568481160825
-0.03206053861017353
-0.013074636732460034
-0.011923990545182346
-0.01937823492483272
-0.021162824081683098
0.006094604345065206
6.521465322979129e-05
0.028258446026628775
-0.011705558242496162
-0.02580292016172395
0.006644606867541797
-0.004351534289280171
0.029865947748737336
-0.006763781767784277
-0.0005864307603330775
0.027253627694314365
-0.028770314255260394
-0.012710509017309163
0.022383355895511804
-0.005774128736421386
-0.009032685036664134
0.0032524935890603144
0.007213123999455373
0.011730938749782104
0.027955345394598548
0.01871759444811622
-0.005751645333028267
0.002893117899534433
0.004190935121436527
-0.03623144104759725
0.010983201768078571
0.022056501843190076
0.018060725993944777
-0.030126939607873784
0.043716429840092184
-0.019893760210711316
-0.004217770408128131
-0.009158319137335811
0.010112745565587975
0.019635981622703778
-0.013154569173209943
-0.004904607915142265
0.011163548135793778
0.002193833502416952
0.005026501607457422
-0.007699727190688853
-0.0077074783433206916
-0.011695109119658653
-0.006185346571861814
-0.02272195657609743
-0.017041078676620525
-0.014556876876096242
0.009038472051232493
0.0033470089744248
-0.021934373648532353
-0.024177541090224228
-0.0033294597206658706
0.0151777978893552
-0.02443793729025709
0.003676856822192341
-0.013330244755549232
-0.006184106268935112
-0.02161953809985434
-2.895746811022986e-05
0.00961654322261082
0.011153483929008955
0.025871686560284487
0.008734164750351447
-0.0021372736520910065
-0.004449107729504955
-0.003940168845488515
-0.0035563832018405666
-0.0017052598436899371
0.003164687290148959
-0.0024877018968225747
-0.027754016055583048
0.0019600050226872396
-0.01750593685875374
-0.010235303473022293
0.002229751427763423
0.028803973110662635
-0.002732745404056384
0.004185059818049667
0.01448278643219557
0.002408749543883938
-0.007886812883745688
-0.005969143620343282
0.04082850726397575
-0.03680657599314932
-0.0003677463005464614
0.0187891816858255
-0.0011532450224624223
0.021617258249702887
-0.01109130019579999
-0.002623485693046929
-0.01125046655360842
0.036534463928249
-0.005476712023151301
0.005192037992512166
-0.00414278451827404
-0.004088961950131696
0.00029072212883841063
-0.010227157720500986
0.0018542638998366471
0.002211360674660684
-0.0006682124776668987
0.027164086118420944
0.024016093209445026
-0.00019912234282146602
0.007091663541720484
-0.006290201505636154
-0.004837851393293259
0.013237401299154343
0.025248213312691403
-0.0065383656859488125
-0.034094087392496114
0.02892763582560872
0.0016045999891962832
-0.0015269131654553937
-0.00759680912585042
0.0022411358142359027
0.01115672143422354
0.02037404594785942
0.025661571698835157
-0.0076472958733680525
0.0019805752579221646
0.0012056637622500127
-0.012638771725671905
0.011903787578445431
0.04180826596418681
0.019931023986293702
-0.003484607362047391
-0.01598104580008871
0.0011117706015197656
-0.001483060004234038
-0.009270214670395818
-0.023187319561663616
-0.009398064891667064
0.001598261382635407
0.032551203611097354
-0.01732739920243179
-0.0055988487376539605
-0.013010193176327772
0.008271435255854432
-0.027564706428155054
0.007121969018016743
-0.015211403017416001
-0.017814558282119794
0.021355546283762815
-0.023733484345217205
-0.01876455398121976
-0.03906342953674267
-0.013893985777444742
-0.03423861032868403
0.007958957819528278
0.018825804050982557
-0.0161842894848273
0.002614910337009893
0.006507355844709201
0.0300370528749805
-0.011659058050027081
-0.002357658052084693
0.005625871128751591
-0.021059100964709074
-0.005177566457248588
0.005320292226865184
-0.01144735413941717
0.006149391075593986
-0.0041517611412985825
0.006138693247523103
0.01275194547871724
0.0056305780950422785
0.022534742350472738
-0.029212895309352647
-0.013785983393873085
-0.02199815567260791
0.0166210637787532
-0.0010450481264363196
0.007756821821834495
0.014172389924014215
-0.013940831777644514
-0.008435420497287245
0.005694496827381983
-0.015118702495137887
-0.026302502570019377
-0.03691834573932108
-0.029957021092491327
-0.0192006103854577
0.003883050718770941
-0.0059804940586660905
-0.006202957893960732
0.013720941967674875
-0.03141015361606256
0.00926307105678148
-0.0023330712736275554
0.013310099195638608
-0.021234271603903225
0.030950345360399013
0.02315775649541351
-0.012728737745452646
0.015374642238121801
0.009934492412821221
0.020470069147340876
0.004046032902817891
-0.03917225757127084
0.016283080458003085
0.0048328154812076465
0.0010168065449135126
-0.017385153314000687
-0.0017997133998706527
-0.037126042499455975
-0.01126382525490268
0.021001703203066085
0.004567645450607318
-0.025379010851897497
-0.015419768969028563
0.0026765089811940958
-0.015055229464930271
0.00907034544759186
0.008261922209141135
0.006963144961180542
0.0034071019972406256
-0.007232251363002098
0.0006424497613873408
0.003005411868277852
-0.0019278161081595106
0.016026190113871637
-0.030882364268831
-0.01310892506146731
0.013905378326444567
-0.009712837893255935
-0.003656618733403642
0.00809939700784679
0.0016914270668168113
-0.00991044945631869
0.009841185420425516
-0.006861972278548671
0.01817989374163181
0.00989265977991635
-0.02369301784628482
0.05043699798166926
-0.015928009737787914
-1.0428123941340524e-05
0.010241485916348079
-0.015214753442652247
-0.008611795455830434
-0.004730446475979515
0.011500156248002455
-0.00839397717314155
-0.013122181517070891
0.024095291668388075
0.027118521454023155
0.011595494248328932
-0.0014882613910021329
-0.031248176160273575
0.012759574953797205
-0.014269723960061851
0.002095827050378717
0.013054130686728909
-0.0020032051142332493
0.03657747383035278
-0.026772418862573734
-0.021816267725714454
-0.041882439771190244
0.0033460190841286715
0.03795275715093484
-0.024901344529551252
-0.008655233220825695
0.009413502715817151
0.007402556736243673
0.016085274534230875
0.007326226450294649
-0.015935379016669433
-0.015066127585407632
-0.00617982429258861
-0.04174246881543345
-0.0002822791951265797
-0.002791981153343665
0.043577743773459646
0.011977533165947385
0.0007500862614166423
0.009794405280296712
-0.014646755983607514
-0.006208041285864704
0.0308140907135014
-0.02175899253949947
0.0013293999186523818
-0.02182118670436109
-0.008788379804517457
-0.01791443748569677
0.02261248339197154
-0.009906380916387323
0.0032196607118830855
0.018513831983181184
0.0009222959554258483
-0.016174588820584843
-0.010040161874771705
-0.004259682574276981
0.011355345660114593
-0.000600786515569004
-0.0076359376256959
0.028063196778891384
0.00997846026891882
0.029495926863856603
-0.02182653510502867
0.01595379260860816
-0.001036319497683175
0.0018641656298734395
-0.008055191733822891
-0.005419567529207289
0.00940017080804539
-0.010165666999031724
-0.014458045790685383
-0.009471488128382088
0.008929143123590394
0.005194869159525042
0.0039025986777076905
0.020158024175219266
0.0022369192020809704
0.017856229989486504
-0.021428064491011582
-0.006990461517849887
-0.029220916510630218
0.019926150357851558
0.018548323347175953
0.005155356965307641
-0.010133368041887098
-0.0065412113933023775
-0.015906684873315938
0.025485554154892003
0.022031791218240605
-0.015982062294570068
-0.017310807313922164
-0.023174987028322807
-0.019065323148810823
0.0007157827047630187
0.0016222299879074292
0.004585351754821615
0.006421105513516346
0.009297073030464885
-0.001914486428935873
-0.004490573022474346
-0.03224094347336265
-0.0068516218443938105
-0.001968861124578337
0.0115935554619991
0.008103373758803219
0.024622118543535087
0.0008149327481012172
-0.02111116058226124
-0.00680648052490106
0.004834762062467871
0.0170124903511042
-0.005378830357852258
0.0014033640732974816
-0.0231636754115693
-0.015105517619787632
-0.021260556097045705
0.005708507986044355
0.005383041244727209
0.008345121698629783
0.02019516141183421
-0.0008632846911700506
0.02350134050949825
0.012509359974615573
-0.010001459999519995
-0.010700582029833088
-0.04350134834388168
0.019407466476504653
-0.019078405155442846
-0.02710372990047164
-0.005883887705818036
0.005571515139494081
-0.020362404249747845
-0.0029764971026551568
0.0015452153878234066
0.018276294587385885
-0.014718115052012322
-0.013034323791638679
0.02307099436724409
0.01119090097983457
0.018156171973450354
-0.007623744547969342
0.009355893286253265
0.031818878522908184
0.00429857865498006
0.02989170551537529
0.020495169105780572
-0.00416190404814621
0.0062107987671760284
0.025526279362786754
0.021484066843861234
0.007033020885296737
-0.0016086789463940446
0.007720814529701556
-0.007692961495701337
0.014840196551453334
0.021818062875070827
-0.00812770082327231
0.006465131639615699
0.029308981245917725
-0.002093970039842524
0.026837492670050957
-0.01277767290584478
-0.0016136179718365985
0.016290779669252936
0.003877312216004118
0.012881384463556448
0.001417349801081792
-0.004825702730575114
-0.013828783236430667
-0.0059556330164641895
-0.007865406323992831
0.005170371406970244
0.01722674834626618
-0.006411715816687149
0.013564973692227866
-0.01661256709430628
0.017583638969879824
0.03982284002033858
-0.011184584920711053
0.02573474649157943
0.012773141576263216
0.005634791381998818
0.0006892800748819865
0.011210352040514793
-0.019276900177609763
0.0005964642722593779
-0.0037490254770364438
0.03299000891173673
-0.003869358389860099
0.021404844141676135
-0.024397558518924188
-0.0052148299076689355
0.0007516544916191768
-0.005815648576700848
-0.006014898135174845
-0.015180180175281487
0.004078115310964598
0.004241187163326193
-0.01417779430407319
-7.32207351802211e-07
0.002751358529800944
-0.02143190990443189
0.008206499719224894
-0.0007126687248224163
-0.013982139057159155
0.040098978320010345
-0.004997250283194318
-0.0002134023271661567
-0.02591776071277911
0.01728988531806607
0.007251571284998445
0.004305687599519135
-0.0018728865786310422
-0.0010340360483843429
0.011336326768638777
0.013051807633403342
-0.03779482584267188
0.01266583386670918
0.0026766567337350297
0.02098173594286686
0.011991249419879564
-0.01709985539281701
-0.014439465887143102
0.02629187450910927
-0.010240387375392259
0.0015774610760055513
-0.006207760603135561
-0.002488986051349322
-0.010202032861665022
0.02408692368905655
-0.004357912573833058
0.022828208904096092
-0.0016671249788376633
-0.01846425706133154
-0.012695399015340888
0.019048593328963134
0.030092419285418212
-0.013125011192708513
0.02118676346143863
0.019018074908608188
0.026155999451493918
0.00777702202634278
0.02574858470327223
-0.002733584705862672
-0.012762427766006544
0.01900434552909778
0.017367221021657914
-0.013199108588071783
-0.022314632338244485
0.006711871574648913
-0.0012750033691032447
0.003807846567179917
0.001626450654100834
-0.007534825967719112
-0.006700820926049905
0.01257992350080455
-0.017571487388307397
0.015560288710353913
-0.03965993397089068
-0.015082392124399093
-0.009374682308965942
-0.003737635834841886
-0.011925755583341845
0.01808881922555393
-0.03140795691981439
0.005952908633598811
-0.005149153364978568
-0.0067988863968216785
-0.01658083147882669
-0.011130943569818037
-0.004249557552502526
-0.015114391650057976
0.02577369299175478
0.01278771085832604
0.004499182612238469
0.00899083486080399
-0.015495275674961893
0.017465061420722454
-0.01062001758846438
-0.003004889356433638
-0.014870368436184087
0.029013283568631837
0.00772452696388048
0.009148296957661856
0.004322028355986617
0.010439841222089592
0.02056321854037655
-0.002018686738133377
0.02259158867865821
-0.005368429673505317
0.009993537448762572
0.010239607151900358
-0.019827362270750288
-0.010492171308590037
-0.017374047803725916
-0.018598996458339356
0.014403116317487918
-0.007672748134049345
0.009448946921103842
-0.03442557442226914
-0.0152973803080051
0.003402265674889192
0.041476162503279804
0.007468238148905088
-0.003760206386596908
0.004583606428918476
0.01271888858875918
0.042390551343757826
-0.03065979046907369
0.00396555472019243
-0.02216554028367558
-0.008476251828206115
0.007559577420400454
-0.017011939328769824
0.009209838210432905
-0.025319211848042124
-0.03722406229554316
-0.009923629335886577
-0.02355233935553011
0.0015863622947718892
-0.002227195307726339
-0.009239438608932286
-0.0087276258954947
-0.014058338538271145
0.01622601662868898
0.020533996542356003
0.021447548512133
0.006327805007756312
0.0026259306156343736
-0.023723260303808436
-0.016462739869671457
-0.011186658697183374
0.001167851504504179
0.03145735850373458
0.013253384495118255
0.00404545060459997
-0.004315461257023801
0.019235027269587975
-0.0040410020546139645
0.02259532316491457
-0.0034106587133875084
0.0036094282637711595
0.00168840816517944
0.006630100304571927
0.013314136462736048
-0.013601832500710929
0.015028301909479883
0.012360765185995878
-0.008987540547349635
0.02190173733577453
-0.013123377857523084
0.009678214289030339
0.004967468361183307
0.004820442024286436
-0.0021717680269536313
0.020968694508181777
-0.00910800176675414
0.007283850995261246
0.00708723427014195
-0.011557086907210544
-0.004518902566033446
0.012342097028568264
-0.004813550902545952
0.004815807105674048
-0.018915727068862843
0.0005669729822919915
-0.011979516515420922
0.0092887919961486
0.0009930603708225155
-0.007077754546852723
-0.00014874438018584995
0.0002725957942527023
-0.018748184407259325
0.001794262016104848
0.011978153363083754
-0.008432881224555355
-0.018143975705998083
-0.009381075100294237
0.012927456186823512
-0.026348169187066513
0.025132903463867595
0.010584485011523504
0.016082060208776044
-0.00276807002574239
0.012332749692204499
0.011470962805816776
0.005486609988350764
-0.016514402495333792
-0.019872751477936164
-0.013954985123753316
0.019219415740963797
-0.025392766340318767
0.00985388349919034
0.011221625947865877
-0.0027749045657507005
-0.0003779607445357899
0.00500217788175914
-0.0021479493294689622
-0.007486235935134499
0.022212738925434593
-0.010284840247841378
0.017559999074682708
0.005908807640659958
-0.006738101025813018
-0.026940942723653258
-0.00043222741645400613
-0.006417264642340931
0.0091960992177954
-0.011648716441759271
0.014401004455288843
0.02827829944120465
0.0010828872512191434
0.01646119232563848
-0.007715967461605879
-0.003955007708298664
0.00984665050594024
-0.008767328352744923
-0.004567191106520398
0.026707220014992077
0.04682747764001051
0.035245918155570405
0.005951652237322876
-0.015735525813857627
-0.012878450387899336
-0.010767051698049849
-0.006556479453632554
-0.0038035387991106717
-0.009841216891291568
0.012113920260547731
0.00967973994153576
0.002959759881498207
-0.006684468454383339
-0.010035170535425724
-0.024341862133717952
-0.0010637604349204178
0.013447792913052106
-0.023051354132705582
-0.0073427727412066724
0.018122573660452966
-0.004311220821621605
-0.0013040774553219232
-0.003605011125716602
0.000904372714521269
-0.011294409431397475
-0.01108264700580665
-0.023348159866779628
-0.018100285749206198
0.008614267531617802
0.008225589316676617
-0.01118469226837966
-0.002337522905637412
-0.024138878736935588
0.010944137670950366
-0.025266792460893597
-0.028068033030134547
-0.012508439804811776
0.01558030620608856
0.006870575368060145
0.0018396902140281326
-0.010890741887649479
-0.018433223930666695
-0.02380856781819073
0.017863138590731124
-0.004755302236030962
0.0020984809121647368
-0.0034387437710299623
0.012803080109215182
0.031087931930488914
-0.017797559838137193
-0.02678789816983472
0.023761374944146527
-0.021856379164062925
-7.462873519017109e-05
0.005205584956984114
0.03080526496274514
-0.0004940636130403278
-0.010096854909400193
0.004627480958367382
-0.001641624815942025
0.012587539453489506
0.004818022247778889
0.0087558320355157
-0.0025366218947961315
0.012223757878274615
0.003154992607483107
0.026259007400519015
0.009327329629605037
-0.006596124108905659
-0.011034113763297243
-0.01569817280046179
0.0016571952339414359
0.013167757928254878
-0.017679797862982342
0.016034716083104573
0.010084436478604896
-0.016606611536594026
0.027082053197712883
0.020171104496885965
-0.004210756467786509
-0.025425702737885338
0.006317935260152317
-0.0006923490875256587
-0.03339229520579281
-0.0038493576512389494
0.016435345021840783
-0.012938291041322724
0.002159105016609812
-0.015084244340117358
-0.020709854139690283
-0.014258101068364035
0.006324972760866375
0.008631788848834471
-0.019091402745840345
-0.015522098445767574
-4.913739336975592e-05
-6.32014769934631e-05
0.006191664689574796
-0.004093523379573944
-0.0030370072626755007
-0.0027197528181005987
-0.010605201732201875
-0.0018700508028283854
-0.0022085387952225487
-0.006519284595362012
0.02617130915817583
0.004959761013213344
0.01886649239637012
-0.012077665429466202
0.007849749207457696
-0.013610638285721179
-0.00963500998561023
-0.000565071465001581
-0.011081850834130103
0.010663454814542894
0.009658403484804935
0.03772345987221668
0.036481121495648604
-0.008168002399204783
0.024584966581152688
0.0064314397576308215
-0.01448814887054636
-0.009985276749514646
0.019367790361324837
0.00796362657850928
-0.012696226483409442
0.00575913097669461
0.014852095755624307
-0.0019336505153540098
-0.006549154642793422
-0.004800648252424799
-0.016606711732352175
0.007717533998405482
0.0029737011689599073
-0.025497244857438373
0.013329585805378935
0.024216323934825975
-0.016496475314023797
-0.004581290740730502
0.0013940883110851437
0.016363163818931936
0.010920263750428566
-0.016513861740723702
0.005771498578184505
-0.01833227672579925
0.010321397649027796
-0.028467121036487374
0.022732650660210144
0.013639078722424725
0.002730258354391866
0.00047663060437729996
0.01097674810574823
-0.00338711389630864
0.006759281293581771
-0.004978007980610744
-0.02055698813716464
-0.002286613837934992
0.011593873273264846
-0.01806416831255392
0.010666096296134023
0.0105044099244136
0.012350566157591423
-0.008838120116212825
-0.010423495951709619
0.011606314444790114
0.00998724192874545
0.009795253209610028
-0.004876109694255627
-0.0019615974589058498
0.008942926117429903
0.014543654163164176
-0.025211601700928957
0.015328447531033677
0.025818217726874166
-0.0019473677143580226
0.01451381425122211
-0.004718379682671808
-0.019009816335143835
-0.015724278632831518
-0.02181146525750474
0.019900983863860744
-0.011320745223503917
0.005403946506882964
-0.006444885629620202
-0.002559637954367473
0.008048279951964808
0.007461155744832692
0.012045883247861038
0.013723339662162692
0.0016758163553888704
0.015164150859985513
0.02253130661392618
0.006594274658850157
-0.012516474094188355
0.0020440723243145068
0.009597993735791496
-0.01199776699766657
-0.01634010594453307
-0.017072211850880332
0.02143923890827844
-0.010893820240194571
-0.0029376480235121525
0.0027331605042592334
-0.0002625477746689628
-0.006087606579397524
0.00839676092374892
0.0088123371581175
-0.009762586263325804
-0.017698856601513713
-0.0014184001034457348
0.00177477372304043
0.027556134718336334
0.006278265283461343
0.0030652531047212182
0.0027289687352210577
0.022430892584483046
-0.011683016031398633
0.0061280323786743335
0.0055896317678028684
-0.01771125835111855
-0.02257050962914061
-0.012260099857257848
0.021918685059910813
0.009298218717589714
-0.005510606068355283
0.007999420001538155
0.006401456014774392
-0.006074439637066793
-0.009047637131841254
-0.010032081801783829
0.000629705039264055
-0.00902051964161626
0.015051466889910986
-0.022573701250775707
0.02737041967646324
-0.011985557687995758
0.0077265417257463415
0.01148484300879609
-0.0047222696879197735
0.031095054034173637
-0.0276657145570124
0.007343115644622349
-0.019864500574860645
0.023346012239069132
-0.029305233395103512
0.012472304124866376
-0.004342350777830079
-0.014003153179004486
0.00043130770246334847
0.002963960108661935
-0.0051469125698475025
0.016846024418645404
-0.003803126310313914
0.006804248812715408
0.005404136014986745
0.022880443644489955
0.00711922997091476
0.03824257739132711
0.027096455484611495
-0.02808938288212206
0.006315227255760124
-0.03758698843073322
-0.00035088977902216194
-0.031929489662646623
0.023850384330100904
0.0002182464450795514
-0.00013221056921086313
-0.009150157384883085
0.0032821218366189493
-0.017254736775885522
0.01631232987836756
-0.0012995098381993284
0.02041298005410504
0.004189426212579812
0.013754991660567784
0.04428352004455645
-0.019502680552315
0.008903258253142268
0.010342998602502283
-0.021781452529945976
-0.027528295306108123
0.01886335475855791
-0.016252301270230633
0.04724049339491024
0.011085023009485427
-0.01620864686389694
-0.02041621990360514
0.003920096387688457
-0.016942165691634557
0.021939620441035895
0.022733864176645163
0.004360838893128523
0.024707500842659557
0.001037689796223186
-0.02754840545626913
0.021782977420608363
-0.002807126881306432
-0.005877038028243265
0.017480387883545914
-0.024476461817928286
0.014068086454390977
0.0010521936874453696
-0.013286451973583194
0.012494102947295664
0.022952369724928232
0.0015028959532682837
0.01761240430178975
-0.025090822807005992
-0.02068747672139312
-0.01599896114658928
0.020346552856786673
0.010067467480104828
-0.006562001698192418
0.022019366626624598
0.006942843063421494
0.020114501653159665
0.024327595873846197
-0.02220454493346647
-0.01983843278760195
0.008364934584154375
-0.013518624997570672
0.020077123176604074
-0.02042499280899997
-0.008310219427681865
-0.02053512670190215
-0.002031725881462748
-0.005636289084673764
-0.013497551337247431
-0.00734512012300487
0.009170402897635753
-0.015843663175261445
-0.00796244812799544
0.012606651263515498
0.03259157792946736
-0.0074254536608824515
-0.010117915947624227
0.030180754832187368
0.019688277561174278
-0.005164947453310704
-0.010701961488126998
0.03259282523172046
0.01921975447939469
-0.01453853231782699
0.016663635218974567
0.030641514647998556
0.0016658425532768799
-0.006297685367132548
0.009682287948206459
0.0026563620551772783
-0.010651336305637901
0.0062719008293928985
0.0018735935856920918
0.03369648710098375
-0.013368124942234544
0.004522622945456764
-0.006556244267456447
-0.024937714746921802
0.006828458547044013
-0.017627781524741787
0.001397151486135442
0.016485517722637635
-0.03703409329574062
0.007647081131962575
-0.009057219935481156
0.018029954702474045
-0.023489385444790928
0.02026535638178185
0.0010782057217729613
0.02892785455999533
0.016428393859322668
-0.0023166927247113703
0.02302672964732559
0.022210379818382444
0.022289583293355793
0.002884582331950261
-0.01723154453767945
0.012296246970309612
0.00459795851816542
-0.009985676312694163
0.011550677534170415
0.014865360078502098
0.011773415954130631
-0.01658943389765846
0.0011969007990770292
0.011061661209886572
-0.006859828661076332
0.008536187993028717
-0.02235252186470984
-0.018309465908234058
-0.00941226195234523
-0.01538749547079514
0.015573168721118065
-0.007555558380047699
-0.01586405967894036
0.022199539438664158
0.015723558026520413
0.014286758789826704
0.018575259950275813
0.011449804933956094
-0.011176916387165973
0.00231612930166682
-0.00014378928963001449
-0.009883451956806113
0.0028247122090170086
0.001414354011281385
-0.00285210532302819
0.012569624922257662
0.0015051903557779574
0.004850598936083063
-0.014026690682323746
0.01894402692320561
0.0019292383739936726
0.016342387520882858
-0.008997529123168315
-0.026425124883290775
-0.014740879289407257
-0.002852863592459658
0.014741529905431521
-0.01465223078488911
0.01716687440569503
0.015187922447451202
-0.009980185819785657
0.018662056474645396
-0.01850005327874864
0.011711421415611638
0.006624108864563713
0.005663445716727859
0.016326621199561957
-0.02133284577292357
-0.020538009395981174
0.019769767091399056
0.011727362910431922
0.0011591321711566503
-0.004334247018986654
-0.004441930138408494
0.016967518517082034
-0.0012529260803994212
0.0004581639748886708
0.011994358967965212
0.002983172425216486
0.0039552049923604485
0.012146312082789157
-0.0005324059878619239
-0.008191136412672847
0.011637129877946628
0.03752392128076892
0.002506260113597627
-0.015335005594215634
-0.0009785104880033434
-0.011897752834430085
0.00997577275453186
0.0013138088658722555
-0.007142295285187608
0.015336473414938103
-0.014142078764729556
-0.024200625781290796
0.008574719950635879
0.008493935849767067
-0.011414390556959024
0.005211420087183297
-0.011353344539295398
0.021347320074663927
-0.00019082313725377748
-0.0018605826003248315
-0.0010084265659700935
-0.00863625126105187
0.02965066218651058
-0.0006454503010323038
-0.0013651342016995985
-0.01465462169693594
-0.019472874783936577
-0.0032073018338131185
-0.00963383118245297
0.013182300880774593
0.014107694129623254
-0.006757692173939161
-0.0011983751329903277
0.015739721367185957
-0.02748751428435134
-0.016287497713849765
-0.01110728775813225
0.0011913179988781407
0.017203865595408135
3.634858642836275e-05
-0.03266004112043775
0.00806717603706638
0.019999736135912993
-0.006589524809722899
0.012251160986578906
-0.015442319414838491
0.003452883017237101
0.0004990429274116491
-0.0020864031761331087
0.02481261483153417
-0.0034156966940826704
-0.008601149552640268
0.016933582912854465
-0.013006195315248506
0.005240122952307304
0.0038867922067815424
0.009367339073399712
0.029160426552583774
-0.02350186612773634
0.014468443002664411
0.00437135082152798
0.02882037804799705
0.004413113706784693
0.015423595418883728
0.0014272237318605852
0.005899029599062307
-0.008325280477569598
0.008586445369852235
-0.012575242886637994
0.0015427826750447089
-0.002639299229453782
0.0020087071328796606
0.023452843681240197
0.03095705419704556
-0.005795946573209275
-0.01850917744757029
0.015415910294514378
-0.017616833325738566
0.010000225932141232
-0.008238334180313542
-0.0003097986057972405
0.00434554589129587
0.0223440400948504
-0.004714682907836828
-0.01680763358128191
0.008585427568398005
-0.0033159096827836618
0.0011676640236108287
-0.014340313320421372
-0.015365094058641528
0.03716342744588031
0.006412108116940156
-0.007960365557673058
-0.015402138741651417
-0.013732865266585561
-0.00899513002992901
0.019535951413569494
0.008588803026473402
-0.004576544557190343
0.010431061642406814
0.0009590589568289603
0.003121790558275492
-0.0100064469564538
-0.0016091061075566813
0.027876591430432737
0.022070127685593712
-0.007826874871383928
-0.0005899484486201478
0.009750723786147409
-0.01183227220864149
-0.0026686232022879366
0.009754243395745776
0.006649063376311726
-0.010321108627546888
-0.003933055089515197
-0.016732732408294267
-0.0384754051519349
-0.02138348827635788
-0.020671514076189654
0.019168499835207825
0.00462165103504547
0.007403482853512821
0.03066261139344913
0.021206029514688685
0.020209921792201633
0.008483476552836256
-0.011285881461620526
-0.014844955915493166
-0.0007663999519770424
-0.007249683302520002
-0.02897130922525403
-0.003088046628405023
-0.006784626236701735
0.00596908522821452
0.035580094765809075
0.020428437111782143
0.00992737454310786
0.00611563722505149
0.0005417146545096466
-0.017841301715996346
-0.008994901475625676
-0.002683941010881744
0.006735121346835773
-0.015601974050311511
-0.020200186709684032
0.0030464844722980413
0.01589314048457583
0.00682431999829313
-0.011169010244800529
0.018284316819719003
-0.01827631027427173
0.017359457769002693
-0.01049692427424837
0.02198949284464053
0.00922720222467966
0.00671209157413161
-0.023910333671042377
-0.009085842945447035
-0.01288698004540088
0.030456249467312284
0.003839986711707981
-0.0053014428022106095
0.010225798378790698
0.010675932431667685
0.002388769081017116
-0.009656174630266716
0.0210861434234039
-0.0017746173900844502
-0.01506977114025582
-0.012363958552450541
0.021985870073565787
0.02444712720566536
-0.03789010659851723
0.002847598305367515
-0.0032919262366038152
0.02434848488795045
-0.02448424414767906
-0.01460291838013102
-0.006537696844918283
0.016042916796005745
-0.014638620669323988
0.02017921621528861
0.01636308147060144
-0.013877457666971751
0.0054406338799295045
-0.0027845353160551646
0.028508560120496265
-0.0031560815875452987
-0.013858577462997911
-0.0012248449993111123
0.002738606858826102
-0.017467326354726333
-0.033528721177589295
0.009144275371494554
0.006480066898510371
0.005527380781077819
0.006485603453433869
-0.021236611654081593
0.03150088956315668
-0.017467708339288887
-0.009402770837840725
0.0037725026573521316
0.00576407900811725
0.0022453074777404438
-0.004818734584515714
-0.0025769780713415114
0.025580259590947417
-0.020664820479278617
-0.021105302984908335
-0.00582772632936298
0.021535848193554752
-0.0007429485769866254
0.023371209120496447
-0.013991903132913812
-0.007662571206182307
0.004113785695977538
-0.009572542496548181
-0.012843200662635008
0.0014485315416176373
-0.032705511351806216
-0.003964513445377784
-0.00783763363548553
0.013760150623941793
-0.004717644991722204
0.011602465960515555
-0.017824144198039207
0.006519810820676644
-0.00023885120275163535
-0.017897322672606655
0.018191675587304716
-0.00855118040390102
0.018798706628831072
-0.007547939250846201
-0.03403831578420236
-0.00282773251063262
-0.0014273347269445477
0.005070394131142944
0.01703506938249431
-0.000573722616222256
0.010366856553699644
0.009516651556981936
0.009608772238225611
-0.007666682823637774
-0.0037773680759876065
-0.006780888653285891
-0.014882650753774764
-0.014484857282857243
-0.011699755594480762
-0.016927887262687617
-0.01807182000472029
0.021491831426223296
-0.0047058581987805565
0.019961040957976704
-0.010439089131575662
0.029262177201418903
0.018064033852599522
-0.01733236447756338
-0.024289970953996105
0.0037118136717039264
-0.004899115922992751
-0.005807784348653063
0.008808215895462356
-0.002157025259131618
0.024473440053943633
0.004998665183530556
-0.000677148525659952
0.017448062306712146
0.03276927403357401
-0.009971409222329112
0.030529037351224638
0.02172329029622606
0.0274058681852099
0.019762607475661755
-0.011575865552505287
0.014755897379552178
0.003309078266843377
-0.013104525093087058
-0.0033220150633529125
-0.02512857285448932
0.02895581044316253
-0.003011561927793234
-0.004951872047992623
0.0014320000268353392
-0.009820523256957673
-0.018407639504980082
0.006170570662717348
0.014896682929481297
0.014325796609297826
0.0024592965480995307
0.011874057929352151
-0.015665824582564644
-0.012763344367585906
0.03324822981516773
-0.0058523588232067296
-0.008159350903665789
0.021170639526363912
0.00669847255304345
0.021468499100795777
-0.009637724749676484
0.00963899886130665
-0.004589353452041946
0.05264878181538419
0.030130112672863626
0.011824575881862823
0.00861095918287021
0.009424778773873333
0.00518868546849264
0.01682881262201851
0.03090862113805473
-0.011891997534516687
-0.02182349814605849
0.010159773954336218
0.0020951170990758826
0.025702740613584005
0.011647503616756403
-0.011205911550521388
0.02519955244752583
-0.007142699012502047
0.007312068600426341
-0.011376480283044811
0.005295234975751722
-0.002259398689624048
0.00894296737090796
0.001847256548740294
-0.0025850198259931394
0.028813246102772177
-0.019238796338336625
0.022610271365162197
-0.0048911829573775305
0.05127688741775967
0.0029353050623825774
-0.01916990447167683
0.001196472666169351
-0.01292758246638756
-0.02094994606306753
-0.03301664352788524
0.01617487446482595
0.011045709468776645
-0.007338916474321504
-0.002143820361702598
0.024094584928983618
0.013382630444684436
0.013506183910967019
0.02264237899152831
0.0030063095642624323
-0.009693776891286863
-0.006628987990284366
-0.0006680969860359239
0.011338851578081547
-0.0013993332844835886
0.006388237595214295
0.0152148292606606
0.017650454201271037
0.008312464649129797
-0.005585641468328566
-0.00340125349595787
0.019703993026169982
0.011446842522820714
0.002936895791795398
0.014732199985574512
0.014143867648643043
0.013284770733225964
-0.023966225490791637
0.016289710167964287
0.008377548198783447
0.012466752605445594
-0.016769522403786725
-0.021370775538811032
0.015709375320541508
0.006377142459361912
-0.016739752814350847
-0.012808965462826024
0.0024390371197350116
0.01708882421210195
0.0023459226394429017
0.007413927292172615
0.018674176426719348
0.002136499169331209
-0.017654335224101304
-0.0013166438634688426
-0.006556770343705984
0.006042751338806926
-0.005195396607949507
-0.0032463393540494243
-0.04810652988983881
-0.013278466624139455
-0.002234304511883194
-0.0019498409951245778
0.00950312642228568
-0.016044585868145528
0.007040175380047664
-0.003955004177728483
0.029439884552101565
-6.931249180839628e-05
0.000701322833367591
0.008072631882056525
0.0004910254975524408
-0.019936884370686782
0.019848027279934906
-0.009054250785571696
0.01293147967804192
0.005456769341531383
0.008599945930904615
-0.01102817720828724
0.0037312570351082383
-0.019809739192432382
-0.0017875034249018578
-0.0023897827405811103
-0.011068983718920053
-0.010194807600152608
0.0097147194175894
-0.012813313879164342
0.0012379152665739856
0.005340890121379958
0.0029130461180077736
0.011659963270495156
-0.0009567461114025635
0.009823739264030028
-0.0007861118864634774
0.0052291896584831556
0.011516798741862067
-0.006782977333107083
0.01800668933601653
0.000622419021639199
-0.0054133003020505705
0.0004580375766595132
-0.00935402077362748
-0.012460670237577291
0.017381120706492174
0.007198130499095499
0.01461195641480752
0.009741323150180869
0.01778128081383381
-0.023931175495175098
0.003038109893576742
0.003883710664792727
-0.0006508899508667187
-0.003323135016658282
-0.015418384872202871
-0.002519579175471399
-0.00975786058785412
-0.01204191534874242
0.015241260304239586
-0.02338740287699572
-0.011817178738033417
-0.00928858321379248
0.012135663066686425
0.011583467347737453
-0.002899501026812891
-0.005863552647659953
-0.010950787116498313
0.017733223461742362
0.0011160299514450418
0.003611194088337327
-0.017689966625722087
-0.013721608287082191
-0.012779799808724127
-0.01395720818529887
0.01614451591355699
0.001750486640888194
-0.01814938357165108
-0.009466556333859316
0.0028211158882702923
-0.004464562676508341
-0.012433678433532335
-0.0005308691097233673
-0.017318318016325267
-0.0021073889260912406
-0.026503111314997232
-0.011526235041004924
0.01640129850611936
-0.014172251503117069
0.004419796874329361
0.012485968761601669
-0.01276201083094743
0.013312312905630216
-0.012500570103629476
-6.047240072291557e-05
-0.04204660527012519
0.0017123987484101554
-0.0026469509753630077
-0.027742540876169657
-0.012664671336691281
0.02024132313544584
0.006981935493121318
0.007119344569237846
-0.027757103667145632
0.005951495423095521
-0.031711343022199315
0.0011019987533888009
0.017649233817283328
0.013910262416221005
-0.01656008723460909
0.008373104279291853
-0.005401925940924051
0.004490956305650282
-0.00906653706682083
0.003462014127143434
0.018086640384057683
-0.004174081674655766
0.0015528069079910004
-0.018623490740202933
-0.02733254392256719
0.011725890151580801
0.029405514217894307
0.0033616555359235554
0.0004932646736948518
0.0010120410411840058
-0.0017996810302879475
0.006958006969764577
0.017302430504438516
-0.01311927682170141
-0.0022851554043191993
-0.0005952350671941525
0.012263683252879826
0.0020918374806560957
0.007313717205114016
-0.0006548837911997066
0.007146158832115052
0.0077319249561886225
0.01133861096117703
0.026423904262174856
-0.009985271221074978
0.01297157562623422
-0.027277184291699806
0.0032453405933350566
-0.008008288427692746
0.004701243305528676
-0.009226631089236562
-0.009776071509769117
0.018060526650577745
0.0203113789654628
-0.03000136138379144
-0.02821199885617507
-0.010278107267032086
-0.03235920871409656
0.007365695388862472
0.01423272485955376
0.0018744802592169938
0.0027567618569595363
0.011213086216068677
0.01701682589513244
0.023320940332553435
0.02494678940726804
-0.01776911275674601
0.008177337391694461
-0.0038085789940982516
-0.007591690803028829
0.006953905751938923
-0.009556974432529737
-0.024865513720949424
0.005028357072897982
-0.016944633618197986
-0.014966970371688957
-0.034228684878341076
-0.0003982294718269559
0.022233995108678635
0.018834495026432304
-0.024448620902727605
0.0016803074984446742
0.02440129102378955
0.0066334604511077856
-0.014783591475815304
0.005219974787453518
0.021112305236671007
0.0294929875828559
0.0032006429379823533
-0.030826448296434373
-0.03399473975287011
0.020872803040974424
-0.001472042123247014
-0.028987155548128373
-0.01200994711367457
0.01324032927174347
0.008248011686810964
0.008942855630773072
0.0075079659671045415
-0.009795825649826369
-0.003389020798677392
-0.014416008701921426
-0.003402891453086771
-0.01090009715068438
-0.01986425705707473
0.014319101811095102
0.002935160424333709
0.005532529179893407
-0.028960288501584358
0.014969557308016999
0.003578299705543302
-0.026230502417359698
0.03139916093057178
-0.02276382425041116
-0.02269951841093576
0.00322891342233023
-0.0002765837947425829
0.003957560087537273
-0.036982183812438604
0.014908886487268375
0.011745181684734117
-0.016094070417901753
-0.004675579197621446
-0.004390624202741102
0.01451610281010109
-0.013133858973414923
-0.006089296993023822
-0.0051852184752917965
-0.01975680594323713
0.008342855926734524
-0.0018666963443242305
-0.006990090164513499
-0.006614124252180721
0.007583215874772798
0.007091185356460968
0.005474656209485627
0.006395951152287454
-0.00016986407568708728
-0.011080491021831347
-0.002870248648382652
0.016346772634159512
0.008175713756226952
0.02178628024615787
0.002236266725207257
-0.03397150430187035
0.013947813733698713
0.01183875326561676
0.007532893214860881
-0.01555738676880257
-0.014083980967505027
-0.017575995460143823
-0.001286806820917587
-0.004033256825268159
0.008236514961437298
-0.013993342591160918
-0.0003045609945973083
-0.00879652706031349
0.011139767434434279
0.0008462097238720497
-0.028626964189311536
0.0029524650830023563
0.01119118485577097
-0.019713358900283428
0.006382278785992068
0.00026924184499493853
-0.01343234476939728
0.017771307571273973
-0.011895510671165838
-0.017868813891613135
0.019475428322540775
-0.03084610884250122
-0.011248458084002828
0.0010107013329581109
-0.02573448213010569
0.02295263418655722
0.020954643228477492
-0.03132881956480131
-0.014266826049814536
-0.0028961352886134484
0.008722432464653708
0.022200735593611843
0.008415868395998269
-0.01151222385929985
-0.021443705367249728
-0.005222096437289308
-0.011755232640698957
-0.014247425699431441
-0.015881465102400485
0.003394874321511721
0.011966125640341052
-0.010851627458640031
-0.010421544572727051
0.020255077232538794
0.0019069626023544336
0.0074438872199213335
0.0024816852159281685
0.0292310128366534
-0.006707923721627461
0.009528580135144873
0.022704658408734743
0.0030567592736563017
-0.008433069500643696
-0.0034870873888915442
0.005909083204894749
0.0011593220227980848
-0.002035407475093791
0.013783983653335278
-0.012499304416600491
0.008326535912630863
0.03100028084619376
-0.008975580671350939
-0.015633758928891475
0.017449148251184023
8.291619002328936e-05
0.01952894274711272
-0.016926102834684036
-0.0071201666349389745
0.011281017220191899
0.01941600144682759
-0.004557081901945745
-0.021129766849158307
-0.014055198669293537
-0.0035611310767433347
0.01543689109766233
0.026626954625740253
0.020670155612547227
0.012918226487590116
-0.0016916041707794316
-0.0016270237892552532
-0.022786266515767376
0.017895530295286052
-0.00603572269489599
-0.009000140912090856
0.010320529604333356
-0.010428277418719208
0.002885930325065218
0.011813407204747647
0.0027290185169146167
0.02031231176558762
-0.004541676064504908
-0.002153993174408078
0.005926521212108283
0.027344597398415375
0.021800195261884866
-0.004175929132536371
0.008502248296673544
0.001655931581518692
0.0030088160462355407
0.013792624996473015
0.012008617872101378
-0.00390851080063666
-0.036874694493365626
-0.00914637444774615
0.010103059715147668
-0.014911894195396078
0.014220687191010824
0.015142890072162272
-0.004054575473481051
0.0008318776426229879
-0.014758367855328742
0.016169557125566825
0.007084905654067953
0.000736709009903162
0.0026291235905691497
-0.016144106238186115
-0.004464006198139072
-0.0010361034541615465
0.00718850731195796
0.0008324358377781102
-0.017138243770339283
-0.021674698630986367
0.008481911203582205
-0.020548242438593226
-0.005757106385295543
0.011496103021265195
0.022070344423331414
0.02818875744103508
0.0005945178247987507
-0.01023506193387955
-0.0018119688985856809
-0.010157675313663198
-0.015116802357929254
0.012634777482812005
-0.00501166190752236
-0.017376889189447613
0.02618107019468531
0.022401249307447354
0.004060342150941429
-0.0075929912736302715
0.0024832321531165196
0.0060198029000714075
-0.016002122612127218
0.006495410525063661
-0.022740142368595936
-0.021577932520408658
-0.005816085442078153
-0.011029369982623917
-0.026278196245191784
0.007169565987522761
-0.015267845745632797
0.0072539628134642205
-0.004547201666680559
0.001575180463943976
0.003389264302968112
0.012497406757390153
0.0008800135563813236
-0.014446451138795311
-0.0007959526054062901
-0.01440654917666253
0.02427996441757246
0.031784420662285935
-0.012824921330531192
0.017444607598378695
-9.273363147280916e-05
-0.008893034048519415
0.004067269965869955
-0.009100923879095751
-0.005923564708734837
-0.0008132585696590281
-0.0314570486081435
0.007334024927397376
-0.0037714702385475574
-0.010778408160291712
0.008129601838201786
0.03592455882259995
0.006576367898054046
-0.004848906226086332
0.015319723438040967
0.014453258421598263
-0.009396069663210212
-0.01275809882833991
0.009166019262287087
0.004188943296614631
-0.00569505902510954
-0.0013386314075368617
0.006553494454522445
-0.00660040524137573
0.020204710481200806
-0.008585226071678819
0.028420826653085957
-0.011480822189472455
-0.011487716672165388
-0.02022755479267005
-0.006955662162082866
0.012444714735506185
0.01704499678861008
0.0052200987534757985
-0.008962377289846757
0.010311086161732605
0.0171240921888833
-0.02828764785153392
-0.009511239659293912
-0.016793260595292295
0.0145973495298288
7.949741044322041e-05
0.008367022445309262
-0.0025464861697638425
0.004314678993591529
0.00561207279931809
0.002871735222104721
-0.007673742363867041
0.027676934888019856
0.002633116063461763
0.008979266563674374
-0.01318384363345264
-0.018107664793549458
-0.024004518943191354
0.02687721832391208
0.023046890477043225
0.008419653372362848
0.007196623309743005
-0.004285872994585075
-0.0048231303517582026
-0.006483953328967405
0.0062440022360066355
0.0237406041816477
-0.005366663566624422
-0.005693289278382132
-0.017236714965138965
0.002166355762928296
0.005857259921265707
-0.025087928827835868
-0.014131897934582489
-0.015113418798398821
0.010754921498191707
0.005761603278788708
-0.023004216556789678
0.01886542414918327
-0.016109691035533356
-0.012183512013952088
0.0003621830508104139
0.003630145709319456
-0.005553738152444599
0.0023409672050581564
0.01613070844200375
-0.0059372822800370035
-0.0008878087520719172
-0.02179431212595248
0.015153981388467436
0.012931342715840989
0.009540471239583894
0.01317579407301369
-0.005229196934414583
-0.011997959233818394
-0.028573584941070006
0.0016133660713045384
0.006694524293230015
0.04077770689598012
-0.004023772354343196
0.003030360942745989
0.006658419818890009
-0.021230772965030214
0.024456022547655294
0.011175394888273085
-0.0064964937726020005
0.02999168525620458
-0.0015240970791134563
-0.019837274099483555
-0.009830560491650878
-0.0036578844931746384
0.00078739558276623
-0.00851267683529023
-0.006518078449927869
-0.0068972251537650475
0.005677241037138125
0.01305367205017532
-0.00703952036762178
-0.005328070083587568
0.009440632505661965
-0.021474278931860744
-0.021592597404918257
-0.00016614414524943055
-0.00670171841264112
-0.013045254711664102
0.002813636433191178
0.02896592851307929
0.012827836133487822
-0.017279032734299274
-0.019253386739884477
0.007742978899095568
-0.011837147013447274
0.0007883223364600501
0.024525529345717934
0.018668398449088335
0.021744697540050376
0.00010386204154896363
-0.002233612621523051
-0.00239700797171828
-0.0076516994991385825
-0.004240211455018603
-0.03353846827612956
-0.02611496280655401
-0.009010279862894467
-0.004002871781063667
0.006111401998774295
-0.0007149524944265631
0.006727232739635816
-0.005444060184100935
0.031449320334724744
0.002059916886127155
-0.00019305069432336633
0.006067279595380193
0.015078017161552604
0.009535965158880142
0.001769535860897477
-0.00718231666700276
-0.00047801235458100333
0.0005512646316815882
-0.03444156209833615
-0.007154226224559784
-0.028284564818982418
-0.003269005438680331
0.012626529789172366
-0.002987715093462913
-0.016940080512687753
0.015472795833636196
0.016357952344424696
-0.03029758742664453
0.010823011758803704
-0.010981331491948566
-0.014421732823013768
0.004933815534571402
0.014534913401201166
0.014835544762932166
-5.6111755979915134e-05
0.0035005955276510865
-0.0007780559325714256
0.0019149072828108828
0.03492762979073652
-0.006509915099442841
-0.02028198725558378
-0.012983376333995707
-0.011007191502006054
-0.013350219005379083
0.009031236722716694
-0.018141756366464146
-0.019247286633256682
0.014468547720676848
-0.0014887042152280736
0.012740096912529801
-0.007324986575573292
0.0003012325721250906
0.015986073562270806
0.021259504268365845
-0.015061159032167325
0.021081452746441673
0.008825013863454786
-0.029170746523926882
0.002401459583870935
0.00290093324932275
0.015540594799698711
-0.015062857301957118
-0.0034147139768355914
0.006547492070939118
0.017415610557710393
0.00025356797273755165
-0.024949559728674194
0.011544838559844343
-0.011474892463876174
0.029473104128811302
0.032821874798385026
-0.026411375876998388
-0.0010119291966292016
-0.016963933509392043
-0.0012596298557292862
-0.0014079350925989909
0.043039105222757855
0.003973925904767197
0.012680103320432252
0.018465118953100712
-0.006334787410959807
-0.020896026902057375
0.003219924132009097
0.019159725872602194
0.0007141877799874399
0.020331257658519612
0.005617013298825925
-0.012305166832156902
0.002553590417425461
-0.01862780549420437
0.02604506746570825
-0.006568245515859808
-0.012105952101795615
0.034066147831768034
0.008738080287822324
0.020821104875862965
-0.022882799980556385
0.00348064834759768
-0.0019461170784224515
-0.000609016617275327
0.0038775704182057967
0.010143375906471167
0.014896238080086534
-0.03652314879059111
-0.016438890607162273
0.02873744856376575
0.0031702800865355896
-0.012649664521207537
0.02556351644149583
0.03087246051880404
-0.008565848845354274
-0.015269439008449619
0.009996866703534387
0.032544479578344714
0.011069305335694784
0.0058958276689326915
0.007264425984597001
0.018557040279406863
0.014859963312147503
-0.009468234461831749
0.012597703619347473
-0.013105675267461661
0.012649754161422585
0.011264262123777381
-0.00410613676852419
0.005196581923838155
-0.0009906714937726576
-0.01580001774556271
0.006541673704510472
0.0019230167596331407
-0.005415824746392
-0.011598794768955834
-0.00023740066220482203
-0.023087595799944478
0.028250405139911273
0.03107823739447498
-0.021636513902358948
0.0021209374269236976
0.0014265068194000228
0.019224910490269538
0.004776472210038607
0.006386087685424695
-0.009159144315199416
-0.00968173493424177
-0.009462161299187581
-0.01463555644501768
-0.025114211260788687
0.024790964740635454
0.0031608401044209357
0.01764488165431917
0.02976586915624044
0.03158730886691308
-0.00611667739289074
-0.0012048039763478827
-0.016226742374062533
-0.030872946771496827
0.027788579193476694
0.017543207153800495
0.010779088760181115
0.03158174943759391
0.006417425134334381
0.0029259858504581022
-0.0013105948511115753
-0.004214592754543084
-0.003582367436619407
0.025056214696370184
-0.010882326603847303
-0.02491828872260782
0.005864211869568436
-0.015762881436953643
0.01992532033042981
0.013477304079179962
0.0008116610645872201
-0.002411672617262134
0.020677663084607292
0.00015740307347939832
-0.04059025085326454
0.00714196605957573
0.013059819634042097
-0.0171726844299947
-0.0019246414635800055
0.01641284519823917
-0.020136062297618107
0.022351119821452582
-0.04517281383613819
-0.024224753735859104
-2.6021937685380067e-05
0.012263415253945207
-0.012481775417295293
-0.010715573723970646
-0.021752201389129717
-0.007688322840225708
0.012162371414187398
0.024731976684937797
-0.0016915428304362257
-0.008569726294114057
-0.02097087362720646
-0.005822229522211876
-0.007659177862214039
-0.008476343881675133
-0.018788768389863736
0.009831805469290945
0.004129529769527716
-0.005917643866986389
-0.021943221959114245
-0.0075611689381575135
0.0035154752915753686
-0.00572038161555187
-0.0022804309310944593
0.012344574213317592
-0.00015194761576141358
-0.02133668391452869
0.004249055600215643
0.023099364638364407
-0.01430732438759713
-0.005923501794626821
-0.03086680878863717
-0.020622361234040286
0.02221360050464782
0.017369432281690213
0.025181626961563223
-0.01857086090954208
-0.008443756513346223
-0.002513371363753219
-0.006287187623250558
0.021654669600509123
0.01125652481464734
-0.015893287797062994
-0.0026200654769363988
0.020051678557658326
-0.010861582817996426
-0.031322318327808324
0.005723496024122283
0.007298314895018189
0.01814054384592534
0.004832218771013728
-0.0074408564760767675
-0.009700088383044985
-0.0027539937565624686
-0.03898677680888374
0.007699057861683117
0.004737600528972455
0.0030803480178503637
-0.04973339503196815
0.0074176750904045245
-0.010948680215655178
0.008810685294243689
0.026321084442816025
-0.0027291298452816097
0.013849513795837279
0.006213173465625949
0.008208152959065608
0.002176226075267334
-0.007562220411713684
0.03191538642741458
0.0027727993111526794
-0.006112155600900933
0.014909487570527517
-0.010118170251284631
0.0316139146511549
0.016691579623613315
-0.00029681827360915087
0.021095756576735444
0.016480755804478976
-0.007708041427282887
-0.01582074694499262
-0.011385745744816999
-0.002270024798522885
-0.024902562573069283
0.006945642413246
-0.02090964389264123
0.02741940097739137
-0.008439019602938391
-0.0067209904617812465
-0.0011309479467888103
0.00926946496120764
0.001355866603926191
-0.000942169187554659
0.0003096398493342284
0.01442873952708702
0.010831788164276625
-0.008314333990677717
0.004997641794169304
-0.024702511492161287
0.013704123147680493
0.0047971189419469444
0.0028108535579787776
-0.007627988391567419
0.005425905128633892
-0.004114450461537982
-0.0035313175511895133
0.008975421031928664
0.004042183939365824
0.01688854339208073
0.033461130829375615
0.01490376199314513
-0.01149871362672638
-0.015327759041923026
0.008602652517740542
0.0007279831075243381
-0.000610161747947216
0.016039130588362233
-0.016777290966328552
-0.0013927049343732522
0.04284959841852211
-0.0029164825163728314
-0.008717683473013722
0.010806418076776816
-0.021494844212872066
-0.002396940594498916
0.011887011546197718
0.016547766003101094
0.02081655270176215
-0.012201986298323331
-0.0010282279189548328
-0.03184208764593246
0.014466607478335721
-0.02393284432668967
0.003908446551649819
-0.0274136905829282
0.028054894049089098
0.0008994017336288724
0.0015589215625348165
-0.015326616078987394
0.0001612407737944816
0.0050630857709323554
-0.023485790772313817
0.0006352506665510006
-0.0068918051572843305
-0.006147134373988226
0.009802035555800696
0.017321989145191986
-0.025548352827996237
-0.022529037008472304
0.019926543077896607
-0.022089495048770356
0.0005374590555224891
-0.0004412788687394465
-0.0005697609204852235
-0.02119150229502307
-0.01683916401937542
-0.022600879857659944
-0.01741129519673128
0.0028496137716485914
0.020810869889014184
-0.007199316834568734
0.00851448071981329
-0.007888720653156496
0.004087104307459236
-0.010528175678854137
0.014011414128751863
-0.002656071923712332
-0.012796366800470202
-0.01088195530197855
0.024297415807767078
-0.015029007126547062
-0.0011647248553604246
-0.011405256823691621
-0.02253710938590756
-0.0013225348969777935
-0.0025410252382306485
0.008883477163479456
0.02862571507357876
-0.028863418374352287
0.013522657773376818
0.010392951696615603
-0.011866583475854151
-0.019536782348774158
-0.005457567205533606
-0.02708380502564383
-0.0032010898293088966
0.027427260142095983
-0.01426816106409866
0.03942892341540796
-0.0014014654572834374
0.028832811841014508
0.015985875168775497
0.022517128137855804
-0.009218563787317077
0.014964138736063413
0.02878443222150383
0.025202875794370506
-0.005797570600700547
-0.036850619405688914
0.006831176694146216
0.0047820605362426175
-0.004687485953373537
-0.0037614548103454626
-0.02213815346806335
-0.017848759827690838
0.00019745112059191055
-0.014558643258332062
0.005575793814924853
0.0015159940130841515
-0.01689525576186209
0.01180805026808226
-0.01747028268286832
0.01286813085162438
-0.002091278706033761
0.0015897385534928317
0.003613199378844541
0.0077837684882781765
-0.008032863675343145
-0.0012461407598187855
0.008559069788847958
0.024098415364171528
0.00508423116714005
-0.017316291671576906
-0.0011685240088128276
-0.0328855964727965
-0.012538159166045355
0.0023677194961731823
0.014048244940417474
-0.0199414178188119
-0.013502062577302177
-0.005902485324116361
0.014671661237318142
-0.01526262293215453
0.010760888962203214
-0.002199422527298201
0.02101931120997967
-0.009762849467121613
-0.009053210479001967
-0.005887390275908728
0.007292858188970528
0.004266482561676815
0.0008690222971340484
-0.0025652821668992612
0.02024153850172313
0.012364874493057001
0.005070825741152257
-0.020853157286728694
-0.040887739249808146
-0.0031809602647661778
0.00032694105034094395
0.016485594155229218
-0.0042189910612147295
0.020366358876781152
-0.003995066971385864
0.030664780741096725
-0.021108844907037287
-0.008153848123499185
-0.01932115580455357
0.0011750794141442084
-0.005822514048344687
-0.021587691599645423
-0.000946910314582397
0.0020907139855596574
0.01051268967440717
-0.010642648221204677
0.03319214845686702
0.026021095872633324
0.014663956964497278
-0.012666191334721164
-0.03488849618036986
-0.016587870662936995
-0.01834663748833399
-0.00726904767854251
-0.021385689452169163
-0.0002817150259304948
-0.001745144391082596
0.026346809292010352
0.017270014657860086
-0.01710436388698587
-0.0433853829775282
0.007085162859798317
-0.018442241331082382
-0.005926449317980939
0.004264576243390845
-0.010790083366791676
0.006136514720059077
-0.029251972713981687
-0.0032037748775299094
-0.013004777585086686
0.007635314136168565
0.010252860877369013
0.03321199431801447
-0.0024367045780313845
-0.013024692956254282
0.02135339188248598
0.006604131818077293
0.025749027951889342
0.009300431354896084
-0.0044973581736888835
-0.0009929723691168423
0.008950147936307691
0.04975781326205538
-0.027462188185739263
-0.016266902918129718
0.00088500542291963
0.014301586301393759
0.0005994147678685903
-0.010639583945695991
0.024498913861013064
-0.02372652177414194
0.00502082780292756
-0.007234567460673812
-0.005409219920372613
0.0006321272455593256
-0.0035901648567803323
-0.001152989595647661
-0.006588057651330801
-0.01464156716043775
-0.004013161904605851
0.047667913155684694
-0.012334811533977013
0.010135935500828384
-0.017563930406647076
0.003839758309868221
-0.018566068469542393
-0.02282524845440825
0.006869821533378777
-0.009857515494821452
0.02598700571675848
0.02234794078071313
0.005249481812717876
-0.008502894793478133
-0.0003757560368831273
-0.01204270892697185
-0.008702078789136149
0.001579668117653787
0.0134964749856834
0.012571413548814424
-0.0028994823308337043
-0.01791885885112244
-0.008304848882036494
-0.010424463156156059
0.021147908252378403
-0.016033977224421465
0.013114490880494368
0.04584590333229635
0.007633094350455153
-0.022406698316988962
0.03776994438416366
0.006945281796932568
0.012008618816286384
-0.005630915812578701
-0.0022935042677411878
-0.01322881299802217
0.008650702309691252
0.005330407159659442
-0.029480573382930867
-0.009595308516425288
0.004097534031056692
0.000355358314983502
-0.012566658361756772
-0.005131355537966812
0.005328387740108727
0.015127652818444522
-0.021066532535235726
0.016678445339491012
0.014031288028046145
-0.00881031274611882
0.012082970241904321
0.0053082790323517835
-0.009847968457827372
0.0029808295454946676
0.020862133103825044
-0.018000629967716085
0.01747550148986489
0.001948357737248978
-0.010390803350276027
0.0045376217342008585
-0.0029271546002924333
0.004104570413962352
0.017650357611915135
-0.02605068519429979
-0.0005050005371129082
0.013754702581237909
-0.018487351595217118
-0.006554579378463062
-0.003493191787067542
0.001761123023576552
-0.01953964962266355
-0.02358568682611538
-0.0071944893802181956
-0.014974882052267262
0.0002668074365456967
0.009358222354986675
0.0054516666138860435
-0.02270709986664953
0.04556121498426389
-0.02703716907360557
0.0034796663366806896
0.044688709385252476
0.0232133383684247
0.03134323002643766
-0.00038949018596238366
0.00944889724512204
0.022947681538253155
-0.00040802542419999914
0.02892278061203384
0.013322049246551521
0.01880223484764452
0.0016260791862157155
0.008772622166201213
-0.018312186568940916
0.012928072623050391
-0.0012906740551600422
0.004719064183676061
0.024584410305406503
-0.018092953788257697
-0.019848208395755
0.0003464524947258494
-0.023611381907868063
0.011558752085205749
-0.00016514399981528566
0.004862837602925977
-0.008947629838339334
0.010625065293621835
0.006449588939689063
-0.005603126082711889
-0.009530585143406295
0.017301232914899923
-0.0012868503994403744
0.009507793406528969
-0.019135209577792727
0.007443419346758651
-0.005363465394302399
0.00826663665818529
0.0061175058384062096
-0.014218966534098664
-0.010451659412303882
-0.01514344156866903
0.009920087305276768
0.04789221630162119
-0.01348635444117374
-0.013851740106899133
-0.012138155377278283
-0.016046826218260375
-0.01970692569078777
-0.007430263333625274
-0.030673799218647775
0.009758258184367912
-0.008330945838759676
-0.002855151286870055
0.012779355480916903
0.02061667867780611
0.011462514541406099
-0.019778661381773473
-0.014159038593596471
-0.00900117299269785
-0.0037249401303531488
0.013417351934112845
-0.011804405283552472
0.00417477553210583
0.034671480383179965
0.025977205562061848
0.0009432223862569193
-0.025506986565265493
0.014363910113052653
0.01231158294881601
-0.00122318425225242
-0.004050281062389492
0.013668552296386936
-0.007312798442664315
0.01414524641338019
0.0017152800467703216
0.005499772982232099
0.012946670850703647
-0.02724006004400593
-0.031560231847587196
0.006239078899505865
-0.0015449940864375369
0.005466009165583777
0.031860313438093465
0.028534479182056413
0.007734990767738871
-0.005448826978612936
0.002285233374095334
-0.007701342420069311
0.012306711675147481
0.012770453287123819
0.007766966672141358
-0.004231733466166468
-0.026401842363471612
-0.010603059076378818
-0.0006524156521416496
0.011473336867748807
-0.005987923146962859
0.0091465554850501
0.009095006272859104
-0.011743685316674938
-0.008369935459964565
0.02284607245383423
0.01186855080668457
-0.012641140192432494
0.018574585436191966
-0.005528411056464136
0.017680528532932307
-0.02053977072780313
0.006674435768062507
0.029165942959704518
0.015796249755814163
0.013717393755597239
-0.004364909122295608
-0.048929296167821656
0.02007801974876668
-0.00042183902713235043
-0.02201555389824488
0.0041794238326391744
-0.009159553245438613
0.0007727132135868803
-0.0011862831844791383
-0.005332389365189866
0.01956599105019574
-0.0051143978402793475
0.030245004838250857
-0.004144909912759957
0.012617816090724236
9.991526877145031e-05
-0.02648998773694447
-0.028547766937547923
0.007693564033711941
0.0155593163312403
-0.004718897855149898
0.011915109497438651
-0.018906535419517943
0.024451432871366804
-0.018200750379712693
0.006678139640741494
-0.013202890376738236
-0.0024897369933756927
0.013725020869113118
0.0005739920752088814
-0.013974697360811115
-0.005708213013509517
-0.00573888868407843
-0.011547456438955446
0.011394264030942873
-0.0031808025130714585
0.002179945629855594
-0.00127450889110896
-0.006144647946363865
0.018741714769469068
0.003795156032569977
-0.008778369807812577
0.017192822568474594
-0.015941826080184095
-0.002532975351528642
0.007242295762852299
-0.0021879169693662234
0.02727449779578625
-0.014662321905547372
-0.022276213929541468
0.013474721753726035
-0.02444377144351912
0.02037969074455792
-0.016316687775718552
-0.028858149074821524
-0.017190856016078563
-0.04065478095616332
-0.004726014632785366
-0.004626645071185903
0.0204580447579538
-0.010428365602367424
0.005950355494726382
0.0025923150288606274
0.02572402921976322
0.023476920016035206
0.03527822841186012
-0.013360874587752106
0.02514384984185922
-0.005081820088166555
0.0010048978806185792
-0.015048570132552007
0.006678657793516855
0.0062999304619911975
0.010806129643303039
0.017870089569994984
-0.03589979223714819
-0.003579047669602559
0.006502700677749636
0.0052312251626692036
-0.001472833709588316
0.0018361975718927486
-0.004458050434102483
-0.023153015215311455
0.0035629375614104654
0.012389652387425535
-0.007795891749335215
-0.019668422318989902
0.0242733934912557
0.01770546405491027
0.015571769907725705
0.02812371756665485
-0.013047016368710447
-0.008797080512466091
-0.01730269716919526
-0.016751402710320617
0.024286097389150094
-0.00647602193909614
-0.03566865995128745
0.02085841944886077
-0.010600987434597262
-0.011849295095396803
0.0025162359230808
0.02718291781157797
-0.016852836780796264
-0.020133549254546832
-0.019156590630011367
0.003936491339482543
-0.02379511106799618
-0.008818116068485293
-0.01582946345710355
0.010807918337063122
-0.0176279576926028
-0.003073956914052123
-0.015663117706624163
-0.008239402941253148
-0.008271215006199088
0.019351941877071302
0.00013233195766881867
0.01125421697543929
-0.006036229316004464
0.012018285257366304
-0.0010054285620848709
0.024620028572901832
0.02002567174009697
0.017087853056915396
0.020099696990932683
0.031021390584651923
8.910251009199184e-05
-0.005547421559962176
-0.019229168974142417
0.011793400242445132
-0.007639067243681387
0.01721986832749795
0.001909133145984599
-0.036449191268796845
-0.009109773683890949
0.022082922944804226
0.005807033328496806
0.029596778431759826
-0.049808579035797884
-0.006006794967260021
0.025334669651627437
-0.00016403716439051044
-0.0038637224406908484
0.012555185537844998
-0.014981450875863212
-0.015509753146045739
-0.031400558070900725
-0.007906724073734451
-0.013270842767719358
-0.025988975459539487
0.018424572594369294
0.0009665958220051556
-0.008675639845336331
-0.0019903035614881846
-0.010785812622757785
-0.01786284061304204
-0.0151608069278247
0.005196817818775382
0.0077194055594528785
0.028637215656899643
-0.011019179418771181
0.02257835449473089
0.0012857642797465948
-0.013223971063800135
-0.0006293982696035139
-0.00944609775722598
0.019508004643415754
0.004700037461003105
-0.02123583475731592
-0.011670978693336685
-0.023302017304552086
-0.019986171877247015
0.005747435202397393
-0.004898187871366304
0.029598206851216162
0.01555762773722267
0.0018781899570586447
-0.0039210557311625
-0.0010950369272363404
0.01967579965826156
0.020971200343754763
-0.006270994440510306
0.019549080204789963
0.019984622387919433
0.005728787215872885
0.010094418339929953
-0.010666306740771762
0.006952239704242273
0.003266830316230613
-0.0062728442605688665
-0.017280135178059753
0.004790790273701221
-0.013410931683200143
0.016749327899028815
0.0112323067893006
0.005893968466617468
0.016729750064852337
-0.003034916515983147
-0.008098616291483892
-0.004164634498228367
-0.03456963611868382
-0.008382095959076321
0.01039138278215083
-0.01307164544765907
-0.0033829984461368357
-0.02727246872927581
0.007953674093042084
-0.006527852093821639
-0.004942903487019535
0.010429792811005135
0.008839328834402426
-0.007004144452036632
0.0046274550040840984
0.008752182364520293
-0.004377182379474367
-0.01799067123797609
-0.008200007547363011
-0.014970525444985196
-0.002757405310167658
0.0007293729834749081
0.007683086554135913
0.004956245754708079
-0.030325293854598874
-0.003759193224708428
0.005513170573836828
-0.021197283126432424
-0.015939096310093683
-0.00018761894080286234
0.018185804440158486
-0.017999146230330318
0.02218703055719812
-0.007971773323882783
0.0036336066820159612
0.0034541552071533743
-0.010610357634055163
-0.021728006592069478
0.0008969970239312971
-0.017276102700800808
0.0026305486631013984
0.01168528849173031
-0.0015331559569619476
0.0030452329715916007
-0.014790232990245084
0.01664292792941653
-0.01025075640135573
0.016667625939530178
-0.013430924971602426
-0.01996442110635182
0.0068670278361770065
0.0002741581144027772
-0.004948591024872422
0.010003714562925153
0.011762251440436914
-0.0051942482442519635
0.008528914122515155
-0.007083827861803768
0.0043563399406952655
-0.005205561708216387
0.006065150525900801
0.018908187936988334
-0.004002235469508831
0.020602642144524896
0.008036922096897603
-0.0075855599153904045
-0.024255102378729472
0.009979723237193566
-0.012435145377789968
0.006215559540080523
-0.002943348818188935
0.02171515940373938
0.008143875208597265
0.004128716588507204
-0.01896028257179515
0.025093134567850808
0.03146732761568985
-0.009559498459384141
-0.006748813692594452
-0.00675479222065146
0.029013938743909274
-0.0243471104052815
-0.02759245246654119
0.01709954701750223
-0.011879292630121583
-0.004372815563326015
0.0006985806322096465
0.0019919623799080815
0.008237262210534306
-0.006475472266919049
0.0011844592725023702
-0.0032234485846098643
0.00929378678382557
-0.02339155348951484
-0.0032382742380085983
0.006847951373035725
-0.02336198967140679
-0.003591047642479998
0.015463047134986562
-0.024828865470365565
-0.01629515154529026
0.002174535508857815
0.02155857475822434
0.02734522272438516
0.0017069351719929092
-0.006875590744195857
0.016192668464082405
-0.02081849582293687
0.005720131111049485
-0.003407139578433079
-0.031567120042879426
0.004176073080046642
-0.028665427714433235
-0.0020762403800904713
-0.016082117960076074
0.012976367002554934
-0.024509165803710778
0.032812763078210426
-0.007454881803568413
0.005066584549013693
-0.0010752989801139602
0.01087951054594482
-0.023802632893247445
0.01441392781871978
-0.005894681702036411
-0.022985485445305574
-0.0130624330869878
0.006697278331177319
-0.010967503237618536
-0.0050617396172777124
0.001791186004798622
-0.004439971262060044
-0.019487547174352825
0.025006391470735963
0.003026867838658862
0.015010035943363404
0.015053607211952506
0.020313293389081687
0.015509347158583204
-0.0022907388528602933
0.033680829994442406
0.00839688644208614
0.0011445415211302837
-0.019873847039640728
0.0030256903398295674
-0.01811625900533241
-0.004942960431662931
0.013037587999087991
0.0020917518511186332
0.010838269026891651
0.01676234565614599
0.013500048123430291
0.0016423736917984448
0.00714964600693635
-0.021280082152967412
-0.027722164272104742
0.020520827940220435
-0.0033123332185087187
-0.017384225425502296
0.002806985513873526
-0.011009327609026174
-0.012233183078109697
-0.003001619501335811
0.024225014117355552
-0.03607096208800012
-0.02695881508278332
0.009117002473037652
0.021348354085209884
0.029547518054950497
0.014098023941460154
0.015618927069928578
-0.018149937175614986
-0.013374159211686845
-0.0018338741066793191
0.015146105015804719
0.008069136697521552
-2.9141349809616926e-05
0.016896028005028926
-0.046380846801828426
0.0013893120775711077
-0.015435015804927229
0.01196667471725974
-0.016265914791794196
0.017409947596181738
-0.01808116531857
0.009351214080061607
-0.00485901684894496
0.012199980547806076
-0.017308420807540782
-0.0148040054512568
0.015458568096331476
-0.005705591065089414
-0.005674654435834408
-0.022138558720191135
0.018838726486456736
-0.01580726014354735
-0.00428011125606228
-0.004252776151650723
-0.002197373526075547
-0.00815050088311833
-0.0036330444341335817
-0.016455569632856378
0.008275812575330227
-0.001317750276625217
-0.008582602952162025
0.009579012859353444
-0.023626956641978798
0.005762369737819485
-0.018050726679131553
-0.004867694686111286
-0.0038782844820931944
0.006463820407590858
0.0018418166600884054
-0.02637011760856929
-0.0022207445617682376
0.001858758284062562
0.004464033515831806
-0.021368642669056647
0.011834501092152522
-0.01237500901281808
-0.010926948499579453
0.002253652367465464
-0.009017956195710213
0.007762810882528489
0.024134681076911482
0.020558300012443236
0.019845954765315837
-0.010036163350417295
-0.008129756351626289
-0.0045003179204964085
0.001643097441746466
0.010072083782167382
-0.011511148836135814
0.0158130195560549
-0.010091266449400125
0.0028666666985523188
-0.03010461015741685
0.006385227324605423
-0.008151041960274613
