0.4089013874737698
1.0969053838816691
1.1579814445348748
2.549973235279497
0.6810674043858567
2.6456961633965688
-0.2002364929853251
1.2558096414299953
0.20944432502946697
-1.3574718251927322
1.6322561635082824
1.9331515482421227
3.611177590282858
9.652046738114842
3.134818645632438
1.7495169368323387
4.67477312195726
2.4991020641437665
0.3726838186667636
1.3337577860391614
0.7743789333303285
1.1229353060870493
0.3557981359357686
1.757266815210183
2.7843649031878845
1.9601456573229994
0.547349638642411
1.2608951635416463
0.5283675782846841
0.2840557027890046
-0.587240872586853
0.9317804761421253
2.49254296889649
0.9526574426820473
1.1907419518126248
2.708378032891704
0.3944371298196102
1.8018111960718413
3.5221235581999286
3.4631141272640398
-0.2755273503191955
0.5363878180303994
1.4381634988261
1.1931420569136952
3.08130386462038
0.7792869888513637
2.3256264065880727
-1.0383841846660697
0.8800167613385459
0.027982847601925154
-0.20149275020890567
-0.8522059717750305
-0.9338724525560653
0.801799274085039
1.166000754075143
1.7193355163041297
0.996887556200087
0.10030496688956658
1.6402461911656234
1.267389714408933
3.136270545836627
0.4010359431790448
0.6936749329302404
1.663382050602444
5.059457840751634
2.2429025595374723
1.9586053919663036
0.5561893528755018
1.8170226757788113
0.521386988280753
1.7450314870785744
1.7640246097468535
1.5002200716499545
1.168765429819049
0.9938508769518775
1.2863770060519881
1.1913972687760874
0.6518521983626823
1.270520928608529
2.67469401858037
0.5979784824628052
0.8236694911104288
-0.01877814277862999
1.9170677296378604
2.814600742508355
1.6792080662518536
1.2991154079383014
-0.2528916072401777
0.7458298088264101
2.664304355178876
1.8284969469220147
2.1277090534967975
-0.17547135536792258
1.415456156048315
2.755512443609412
1.698594542310456
1.3640967430660964
2.1716438966957847
2.1332084108018625
1.1662253113378627
1.4314170543125972
2.1475959790155787
0.48407915846218963
0.6120442529920084
1.1910492649138793
0.7258170619358195
1.1873967206336302
2.0131038448898404
2.1616805824163707
2.1065781782291126
2.502059646563046
2.6985655495218968
1.4865941214289728
1.3682584004037823
1.3120779410025873
2.808476438616058
1.066880180017596
0.9624842074233756
0.9832660414889495
1.8721232076370824
1.1943211811287169
-0.23030242164635428
0.3845076622689252
0.9306816297470752
0.18013341035072217
0.43054800492589806
0.01147845502202205
0.7905601341330841
0.0050198004896280235
1.5694832129237266
3.5748313062689707
2.4426142281710383
1.5046282256991756
0.3807905967451325
1.4448924456422858
0.8968163114039737
3.2981492497661424
0.803596474022865
0.8793759273642147
2.5498013136957987
5.077272184751149
3.663916792306222
2.5999966716608207
0.8586600138707933
1.8054666401992234
0.7034807734551796
-1.4735423509810617
0.016772931995032936
1.8971597216278462
1.9830001998451754
1.5466058704449288
0.45203605106486877
1.0292192714794612
0.5985153349175765
2.477127931295912
0.794910049759497
0.9819584751456627
1.358017600645474
-0.16475508221600976
1.0078333159180661
-0.9866210412358567
0.8519846477682341
0.4691827327366461
0.3482212790600514
0.907495297100985
1.2844566384879048
1.3502460697704495
0.3176070129263253
0.7967845826820692
0.17908320818825207
-0.12093845379694179
-0.19827399126057577
0.6881506977224503
2.4488539371701608
1.5738783079789709
0.184101107270651
1.6871172874609912
1.6475659579695978
-0.22411231977529655
-0.3256717839333001
-0.5284671280875806
1.1044261663807153
1.3787932315537597
-0.09684429731116784
0.5253848466942543
0.9423961330228949
3.574983213585291
1.9877850835093422
1.1851467318653819
1.9967725906479732
0.525416764574779
1.4075594100794968
1.4167462008969562
1.9010506128435722
0.6425238743745212
0.9899627274306184
-0.27668841715815984
1.0279481022100985
-1.7080566868951061
0.30997526353222027
-0.2609061450183767
1.1505876556442303
1.5044083935071983
0.3831551551446004
1.3885577418141366
2.132633630897039
1.8558717949582428
0.965997988143252
1.5422936688684579
2.0240171869514785
0.618041831167339
1.6265126607419782
1.7779253742052457
0.9442660288612853
0.26092533481604263
1.4967971850478874
0.6014889832099206
-0.9286708413412366
-0.44290659099078034
0.5962238466969452
1.7932913582398573
-0.01793890687005728
0.5345250458676666
-0.15883667457799144
1.8096599598764602
1.441398499214531
0.962769141762272
-0.5872363624299215
0.6012183246615812
-0.48637586126964316
-1.441600903910206
-0.5900031753494142
-1.347466879406952
0.491084852606154
0.08622289201526767
-0.8939297525194545
-1.3751492221200197
0.36343191852216894
-0.8780428344895159
-0.7732643245466768
-0.952810576634789
-0.7062394787867627
-0.47144937181846025
-0.7106270271139419
-0.27268228749537093
-0.2580219923752185
0.146082485198178
0.4986344167581739
0.17684021938886918
-0.7050820906773674
1.6082459086245282
0.7570558977329078
-0.3082574345758107
-0.06758239951095701
0.6669467152548947
0.205463927976148
2.1387650312971846
2.393093837910836
1.3336420063167571
0.29072108949834563
2.242111781536126
2.29126463218354
0.8316002724297673
0.3647334940025343
0.8605979588868511
1.7549811322348972
1.9613448211038684
3.172287688255342
1.5134394422494521
2.0944778117300173
4.2074461562949255
2.157284964911816
3.0779564495666514
0.8896725822882395
0.1636531003910413
0.2015856964940711
2.867419471028666
2.768345927897972
2.2852205132132
4.455100165758873
5.2475438581621034
11.48230753434552
2.685649483497018
5.0196445776000225
0.5991732690704613
3.9959076746635334
6.204031600368495
2.8299402927283275
1.8583056495369497
2.762008104258997
2.5578680346218614
2.001125652393962
1.9295055721189098
-0.09708122304114153
0.6853815875608544
-0.29279235109814983
3.6210188019823124
0.8449077947164011
0.6062876795969254
-0.34026100899548695
0.7021375724292074
3.2820198532165943
1.3182398665104609
0.5105027766666621
-0.24882629379088494
0.9859471971695644
1.8885640482834192
0.27160783201594385
-0.4610917071128149
-1.3278758006247027
-0.3568549478516645
-0.21206504303469687
1.6637069931933666
0.9548714058725166
0.34039224962860215
1.6117880064239285
2.8312383195741906
2.6395850254574396
1.018825661456677
1.0647737484519015
3.9655611730035987
1.900495568208659
0.8085431155507947
0.46287074377693316
1.6992358410100001
-0.7275655626656479
-0.6920406019993561
0.7396343836429015
0.4164019027680481
-1.2068532161261114
-0.10584851157799413
0.22642854556619885
0.9755433060793466
1.6710486424624298
0.5997384164342242
0.6769104697295032
1.7561714738451055
1.4432150078126988
0.10028793332650865
0.3284016666598869
3.0612808970331753
4.441409403285505
1.53179297037352
2.2501109093442775
1.878953375749671
4.536228152480066
0.7241370082271734
0.8087028956870495
2.5090391798574077
1.4106721326995775
3.9226765693428156
10.352026233389537
10.360682458756983
26.26750167972539
7.816814967309367
3.4316336198146864
12.44164129231075
6.121636064847465
3.7738756919941876
2.257393464907463
4.3532615829301236
3.152054640863378
1.7820749259310853
1.714859981462068
11.306037326301514
4.873359456770674
4.451416131184967
2.5410880152818143
2.0750083022827375
2.8180810480114538
0.22906053984160812
0.9193136088932997
4.3726122815813415
2.0517181970269363
0.9510717435116114
1.1013464212799449
9.327946019852362
1.9435433182092696
0.7281497031676264
4.435705788895557
-0.14412122200731825
3.442302610038048
1.1337347269113023
1.4557169387521915
-0.26392161382779733
1.6457660398087837
0.8201916152078991
0.3509882975024923
-0.5382577673142472
1.2195119236129242
2.013009375152685
2.273222806761288
5.245221130085917
0.8008535612928817
1.3286760071247359
0.44392912716262856
-0.07441086591464785
-0.361154603719954
-0.7809623875616034
-1.7351596872444675
-0.41615306691771803
2.1569067771703
-0.21835390826569867
2.7553382687855015
8.506828882412137
3.033658438250621
1.9974483692340086
-1.0674558677800823
1.1476046817745345
0.8165139801586672
1.6245793918326963
2.2719478033490983
1.6159624031829232
-0.021358085376260716
-1.07207722649881
1.222113500137488
0.0177924251583087
-1.2171087556188245
1.0831352010353326
2.281894150687705
-0.4987428497036499
0.3438674546540398
0.3677371132369772
1.6889783808434768
0.6661607932953452
0.8838182807482257
4.906667460859397
2.292925437806095
1.9289447663106378
1.0479622449988575
0.9024267423107043
1.656155248843451
0.8248999297356302
1.3125264727021584
-0.8003493599790761
-0.563277325844052
-0.33310814915715836
-0.2809200514374346
0.16827348503216166
-0.12880391370159683
0.8209350548444345
-0.03496241590939486
-0.21019235404022285
0.05514153835974267
0.2936381467297239
1.648032041306036
0.5665671132569914
-1.2581643255653732
2.7163931202833247
4.451355704626479
2.356205556011796
-0.023503088017654772
-1.4656057531976168
-0.29095270185888134
-3.7987585173794436
-1.394543324077846
-0.5705581648552924
0.4480238338475998
-2.0861668857939066
-0.9572486509371558
-0.6590823746276226
1.0155389527025693
-1.1458085945785923
-2.410908785870059
-2.407322249900867
-1.1713782605051142
-0.23998243306117284
-1.914263295562153
-2.5462852229808397
-0.7913232748520782
-1.2204459635333955
-2.398080747252327
-0.5480520061810559
-0.009719145804452323
-1.207091918144457
-1.9089154702887399
-2.983607910224107
-1.7757302109427702
-0.3676034709105762
-1.1388101981866035
0.25432062114229026
-0.8243996638570437
0.047418597693008824
-1.5396005368599193
-1.3351804521767043
-1.0276115636026897
-1.419408687300392
-0.807868449394848
-1.1630465068763143
-0.8658422476857079
0.056754107778805296
0.5960054712144713
-0.6716280003865602
0.28554799611318604
-0.5761053554077629
0.3903918662450858
0.7073848716339034
0.8385360897859517
1.2721441802455007
0.6212862411772831
2.476292944878968
1.7610245662616517
0.1181196187700978
1.8453573581512523
0.5332657204975718
-0.9287438247489213
-1.498664272004457
0.7124416423035289
-0.5997173123423167
-1.5616849749941442
-0.5078820416462517
-0.17587435011250108
0.4040254631665434
-0.4284243561026533
-0.5359257801900716
-0.45322959636837434
-0.6455054718991129
0.3603062458561813
-0.6654796551790128
-0.7572471976729038
1.0709243162299122
1.9248162389994605
0.8239087483905332
0.10995871260555756
-0.15235860050854355
2.2477036005307056
-0.52004621151834
-1.4421664990359861
-0.4706236705923963
1.2380675335949354
1.7415790930696136
-0.19232305336655076
1.1682743384706504
2.458662555433385
1.5737763913306768
3.1447479324871868
2.8351827450172307
2.4789596696259277
2.2611431758986065
0.060949345492822826
2.127213638030017
3.401072963695808
1.6310795764922008
1.7595298296108983
1.0584247028013385
0.528617146851374
0.6935871489355969
-0.7534919184641498
1.2164659715214812
0.2560229007667463
0.02665198254308765
0.11779994781114511
0.9218007329712176
2.5445108439067163
2.222959884056762
1.6542111750335677
1.0310268961220934
0.7042083314846195
3.3078534863987263
1.0666474894036484
0.4273805820460739
2.074150686581385
1.8183615271036775
2.0963127839707143
5.0398510331153
1.47603762810618
3.0213228130921803
0.8332223534299712
2.9663383913758152
4.1104012819023374
1.4729829614809549
2.617445808470068
10.754277912453771
4.090926467905156
4.607063312574618
2.495343833290078
1.4757768841574923
0.7819069587543785
0.7578077390954661
-0.9152736474435841
-0.08492317147155348
0.05127703876431633
1.0638786201577513
0.6337986208210472
-0.24375680580767045
0.4291152544217528
-1.103369526365416
0.7891165367389513
-0.8332181877066329
-1.0291856239768453
-1.431750277059208
-0.16190121663223667
1.3368362424166622
1.5109728525364827
0.9807410982669684
0.2658654974516318
0.8367982276282374
0.664737392940888
0.8659144065775638
1.46382993161379
-0.700511640870124
1.0841265259923278
-0.4907442075916939
0.5722305996777879
1.5267657971802284
0.41820821409667974
-0.6833980825434893
-1.410321163127962
1.0753786294437815
0.7960852929289741
-1.5270167344359549
-1.3425365401046596
-0.5195227647719569
0.6693199535727159
-0.8314676592228882
0.19208326643758256
1.1461746798042696
0.4960389746302515
0.744008545799614
1.4205283305320218
2.2860668161045696
0.5906324203654176
-1.3852386912442713
0.12614706559949307
0.766509052319555
-0.015990275563636303
-1.307256578237331
0.6889636822763243
-0.2143287456796492
1.7041244768714812
0.871360320832095
0.8299336753977552
2.039676722477255
4.570719071928963
1.298850705517245
1.8569322320105437
0.4725354139349309
0.7531380406084163
1.6469275972342126
2.4881180916062604
1.5154885817873929
1.3334574715647087
1.7198063409196822
1.445857709467598
0.4000990145188196
1.0483579265731886
2.3236538433760545
1.5131243297165216
0.27198605238565676
2.2449946953165254
1.9420429019523273
2.2011375413682512
1.2376527312933456
1.4032833346294311
0.7906570243171736
0.021668106325727576
1.3196267781033857
-0.1714603115998674
1.484298671567166
1.212789421909434
1.1970012839352466
2.2222444656091707
1.8053437404561363
1.7088097634881945
2.500631039122065
2.3327459814572196
3.3239577213765705
1.2245777100657946
1.3866256151323861
2.3518377392314473
0.28788952658781086
0.5858441531014336
1.7528719774419466
-1.359760229846228
0.27850639396629207
0.8454152602350333
-0.04585583063731691
0.7800968214277268
-0.26672296979756416
0.6048183652317445
1.630395798264919
-0.39837949711049436
1.6102590781750765
1.101296244024549
-1.6507746167703536
-1.979011704599114
-1.608071958789794
0.8625038065171435
-0.42226204591543404
-0.9154181490157767
-2.065644369178042
-0.8629654583011321
0.011140451289709974
-0.31980190958410093
-1.3929115086187833
-1.4845855912148371
-1.071327611033699
0.038250020912749316
-1.1525729999308267
-0.47764026368818224
0.5839053215845842
0.23007571481081124
-1.0870609041900101
0.27853468482443267
-1.1268808444179252
0.06325025378237559
0.02896279839567939
0.7888571403692113
1.6944748188255632
0.588150123739061
0.8449426398950501
0.6334584015066661
3.2743680107775646
2.7594413180738453
1.6289692393655093
0.12940226466485516
1.3837429862671136
1.8197787863530368
1.958597769569375
2.6383725980443717
1.7381117757265598
1.5335320655482616
2.2885111441074577
2.547569055927303
1.032253729077548
1.4053063981981602
4.224024629352255
0.9079810485757213
0.7861880127132715
3.8503977523613524
1.6143361832511314
0.5931501531421743
1.2796429044198494
2.4207662445545894
2.453209516516245
0.6364827591179236
2.589969853405178
0.8563406369132293
1.0414387035666308
1.2436080790114978
2.355968238766245
0.7363785231244309
0.6842698679504953
1.4899142178555702
0.883559556709391
-1.0246351848674071
-0.514563558367521
0.4216322615493884
1.000587918659251
0.6883749607777796
0.23842140132109302
1.233075214810512
0.04373572150926708
-0.23191756484998516
-1.098611528087988
0.6882607118872135
-1.6205436220993508
-1.4023703363759257
0.13597387751362355
0.19176688201451042
0.1450323685472581
0.8320020237687574
0.645469662172062
1.1122670397382972
0.7981097675628579
2.194930034210615
0.33703198664398326
0.6999914247907476
-0.5541484521630202
0.4142629118807608
-0.2581124001094195
1.530931658038532
0.9129225831789552
-1.6286079365639146
0.8199476035755099
2.2756296969499807
0.4350092364622349
0.5627511152081056
1.237415455173515
-0.061804558873582716
1.2586945207613942
1.1033919939884553
-0.21863926985957538
0.32063158819700144
1.095941488215641
4.811921045910854
2.5905525828596883
-0.00563296393431556
0.3655552137141852
1.0172775300374928
1.57544584540377
2.0621190083601464
0.4427683609665928
0.05966684410682155
1.6283217984709164
2.337417004302347
1.5524190941759566
1.399806603343192
2.334883176482596
1.8482625142756555
1.405496426153681
0.26052785262441436
1.3750007876870018
0.3325247294993464
1.7525170781677368
1.3319731491232853
0.5926428888738895
-0.3878955009169389
1.9534219098532946
1.7595624868952884
1.0962705304528308
1.6963338947573623
1.9020447312877855
0.3724134216479844
1.9237763781378194
2.353944584710172
0.9338533332827931
0.6642718200158558
-0.010943720308446814
-0.11824816043951047
0.260889157950444
-1.2084735556577506
0.798012839930345
0.6576987519796967
-0.06735721406277828
0.018963740034709575
-0.038599710056915315
0.9249362471090078
-0.17291789355378118
-0.22443858860029975
-1.6254087412448541
-0.9682519955210174
0.288794094927312
-0.4520664365122382
0.12781862327685722
-0.026814288866211733
0.010395595096535426
-1.5855967409348897
-1.697989024366478
-0.4813807098690428
-1.162602099717183
-1.3154430862201059
-1.0686731965421163
-2.1531958530377904
-0.9090395742342183
-0.5758262989191185
-2.1582195035130645
-2.947371473098039
-3.697066312999599
-2.130028220547426
-1.8559522539029691
-1.981251980471742
-0.936935470763359
0.09934602893928968
0.6925171471203464
0.1875024387900921
-0.09415434942026724
-0.7822658984386028
1.0413436359228934
1.3020935990691105
0.24617471963652626
0.02671589519427997
0.23151289309249778
1.1081300378115109
1.2557281718418305
0.4677724112428834
-0.648858332616983
0.6548361799751821
0.43458078514458487
0.054803458808781014
0.28048772126066956
0.308635106935366
-0.31799414443462526
1.2951434333508118
1.5496231775478435
0.32989856812735485
0.9600876991565341
0.07798612577688391
1.9331084012068405
1.7860721999752094
0.6250449013591991
0.20908495993990062
0.3308975543175341
1.1215232889978939
-0.3187491067231816
0.38864435236828576
0.05055319874027675
0.15605917634507926
0.8904596238321537
-0.3591060819911718
-0.10126110854550308
-0.4187940281037932
0.8937255403491737
0.020291960652760066
0.18527284833628166
0.02515928387785238
-0.5681207246916802
0.07540127059116764
0.29091892350158166
0.5737950330817195
0.4120242863298438
-0.0006184136700881915
-0.6616513993755799
-1.1372881019983283
-0.1825153262696333
0.27044088441236613
0.5956576962284013
1.3165620447080841
1.1368201487179954
0.7250323057552359
0.6457645595748935
1.0903260245323663
0.19886781384655705
0.3263331623580429
-0.7525793058211545
-0.04069110403784881
-0.13087247667393154
-0.6851808049096366
0.17982170614638504
-0.22659004723272047
-0.5626956322012764
0.3711631981864856
0.5412375517216315
-0.11183880164842885
1.0923345399462463
-0.15433102140399702
-0.9835093609518879
0.26514372178824697
-0.7669777447817898
0.78323040293417
-0.6372795479322177
-0.8759314356526382
-0.10938005560741493
-0.7281209528862362
-0.8736928705715854
-0.4769511491102809
-0.0850572074107474
-0.6562899222747798
0.25519068342171036
0.9415689217114099
-0.49045275920258846
-2.3915162143218844
0.37733044427802487
-0.5789855916713804
-0.6536051853263052
1.0110561606855741
-0.6028712223431518
1.0679174530613398
1.53407680156782
2.388589715122497
0.5116955615667483
-0.579780856495979
-0.8425753578791264
-0.9012452055225519
-0.36496218412856396
0.5015904877092893
-0.43405115307698816
1.2494593603766235
1.6396968950692699
0.18896852765164296
-0.7700727253236572
0.2826691802793998
0.3448177297558239
0.275476539740823
1.9895980961525481
1.4855076159111267
-0.026028833432868215
-0.21778362679553287
1.21129664017105
0.8664352410141176
0.5576827156112745
-0.14221678487774359
1.8955704988202657
-0.028017629553930057
-0.6321190638052689
0.207074444201654
1.6863851719417426
0.896968659031094
0.4853891520468333
-0.07660127912775638
1.1266918022772592
-0.5483080953776391
0.3762847770679211
1.2866999042364227
1.0164895380208872
1.8055044575549934
0.3244070056005315
1.7325035290553163
1.3537158281939334
0.7782323427646661
0.8635750952540778
-0.23093441391151437
0.09874309728101416
-1.2380622415584002
-1.335023200060704
1.2498642745006265
-0.5269116085324059
-0.3741168856760615
0.9026656976615244
0.12386563577445553
0.22530327801947392
0.7605772252255393
1.071956136406351
0.777301158585582
0.4985877539708824
-0.46784573562154397
-0.22650671625205954
1.6178804923619525
1.3175128640617406
0.6964582789752318
2.2704626791037343
1.618190369291694
2.8614775668666415
1.6861980064032456
0.8540183665565461
1.8091989999455356
1.0179942985356858
-1.0017795075103746
-0.5276205545727626
-0.47433967472277705
-0.10639690582491013
0.931125954166543
0.13652831494805084
-0.5345192490283774
0.13971333042220968
0.8183495163710242
0.13006129568036395
-0.49111191735727067
-0.23454710861532435
-0.3427104220269823
-0.590953980583462
0.7752833488315894
0.50935941465975
-1.5228635987973482
0.813537279659641
2.2634019746610554
0.9642421868622457
-0.5400290092630784
0.4630824516030134
0.7720834609937268
-0.6104030359571746
0.4971227631559765
1.292004498120777
-1.537552902963923
-0.5432457464634759
0.9752667788015529
0.6375172040537476
-0.10025107166383496
1.4122073386587455
0.11824524013167037
0.14452690983550143
0.06030860709444397
0.9621521130432729
0.26285375007194167
-1.4783661849594019
-1.9256486536518125
-0.542609786156012
0.3341674025241286
-1.6580013048800866
-0.37524900681613005
0.522746290033999
2.1190275447421882
-0.614332893321768
-1.0947554438666733
-1.7027237700686464
-2.5042648506513405
-1.6220972748450508
-2.7127604885627585
-0.5423736047837344
-0.3581441140279664
-1.1975980250935976
-2.1549920571926404
2.414675484457112
0.5488817173777085
-1.2935742101285443
0.7858019948175026
1.1377891874681314
-0.8033074668112248
0.671398362679345
-0.6750976832241766
-0.3260871485100991
-0.11825436951095791
0.17893353799830058
-0.890962318428888
-0.15929682216656826
0.6866671264385054
0.7981346145030555
-0.5530918383351371
-0.8869392207012528
0.4175375435007437
-0.9778938759943632
-1.494242007193038
0.7518303938896447
-0.04396929211021905
0.5185178438955669
0.09595056984467676
-1.3722465542699545
0.9944989696365827
0.8353425658850524
-0.007430339808608855
-0.2778689197727071
0.6647015081134857
0.6537966175724582
-0.9952609246068227
0.47362257569532107
-0.13249949831654284
-1.250157983311511
-1.47431406336019
-0.19222857380192337
0.6310749812696483
-0.4152194690729365
-0.8439901095369753
-1.5324137073584687
-1.6440396310086736
-1.2322462456844558
-0.45346288016686165
-0.49565473285378325
-0.9657804397418344
-0.5043049845108118
-0.8954148695481043
-0.7824015035261933
-2.5400911522912373
-2.2962272271121784
-2.5375957254036945
-2.186570481266601
-1.985267932791443
-2.2369570429324312
0.7024891012303698
-2.5741091545340957
-1.385300300238462
-0.5919364193026575
-0.6153466777706504
-2.341472207144931
-0.1867609931419132
-1.7659872267524483
-3.8498433890043113
-1.5127865636925288
-2.3341006450269526
-1.6781948271027263
-2.177021779338122
-1.403935511251666
-0.02768637822670561
-0.08207931394625856
-1.7491635961419711
-0.43186727928438273
0.9777606412466762
-0.4158364223424311
0.2298956437652001
-1.418481973200151
-1.0555602690077732
-0.3528678211109231
-0.6438725145360946
1.3809220781812181
-0.22865078417375084
-1.4245225735357958
-0.8702041353524983
-1.0103652368688936
-1.3825013710955671
-1.2806476395112947
0.9647547492362271
0.697955306525833
-0.4906872900761903
-1.19858680452985
0.09342832523304567
-1.193404097308163
-2.5123178790063134
0.08754726557647885
-0.09602770226161095
0.18382750916088375
-0.11895176404901431
1.3962897360591149
3.0970241562857996
0.4005906946610156
1.0023801370369516
-0.7888596235421348
-1.4368145350076875
0.6643287950791953
-0.30200924409491336
-2.4599511594588432
-2.1452531402923127
-0.952935391296253
-0.30916129668838344
-0.006221511074207653
-0.4101991834379939
0.15742456271838956
-0.026436863256263043
1.7415325278556457
-0.9732872630774827
0.2920102068344038
2.427453363132794
0.4424248778926346
0.28620613858969535
0.7509721692319467
0.5157028005219984
-0.16852521779477203
-0.15476523000081044
-0.785913680277377
-1.0610672866196258
0.43938442412257417
-0.4904861397210565
-1.1235790362124072
1.2093164671022982
0.46388888415149443
0.2584957113245032
-0.3663935385648778
0.9654991810877196
0.5851309802589921
0.5128620035948515
1.1008764411524723
0.6468741421363857
0.4532312594883193
1.068191594600819
0.03449142649395509
-0.85354639952961
-0.7882569307660439
0.6753853982007321
0.7375553467973752
0.7304837385180915
0.779148394030253
0.4036144774751321
0.7151397772615617
1.716658208449069
0.2092273631257372
-0.16361760912363676
1.5306045575548428
1.527662268796752
1.196949845745165
2.729971999977824
3.1195570278088622
4.537075656363802
0.8259959271153621
1.8976715946812805
0.2361071445058116
1.6720772192270155
0.33235853180020225
0.9574584514756089
-0.5912749275085627
-1.0478702066572634
1.212876386384075
1.2190889941888987
3.377766555618197
2.371582785712535
0.5003542577512586
1.5448514048741244
1.125135933669189
1.7041246068050326
1.6351860611046354
0.526981056009943
3.1666146353503883
5.056943143837685
1.1310592114487807
3.7000965503450987
3.119929670679948
2.443815404207239
3.1821041091616764
1.0621580626468172
4.405429357290723
2.3388412877754257
11.293498433917911
4.677286973066185
1.8991608721459536
1.1149651027169567
2.421950770685155
4.668868445629686
1.991989555500918
-0.0931662695039901
2.568998920716699
1.5130741526145592
5.021801274035416
1.9650381250577929
0.613731368116893
1.244707240299885
0.6794338519296523
0.34044309152064933
1.0369004638804116
0.8740063049765342
1.6495687910332126
1.3079812596546636
3.4560901688816044
2.1349153953375515
2.1538294789830754
0.24142111099534114
0.9042196955477836
1.5542545540926689
1.1074750796706214
-0.0848093061345061
2.250394637395627
1.3807884969245414
1.6229152588345714
2.3272729143276267
1.6559669853684111
3.069030766347769
3.438667709070031
5.372358466086337
3.230121393162461
2.534445836989852
1.4679998537289136
2.0909299761061813
2.8525248611447758
1.3151478540799422
0.9177642381311735
0.5572465920363255
1.3776003957951808
2.239810550463673
1.1802538171735868
0.1486043964875685
-0.09403863010333158
-0.6151937463268287
-0.06741785753061347
-0.6528746397713172
-2.287493553136669
-1.5125453407543543
-0.7517172746922005
0.6695778565719073
1.599918067514079
1.1345688025835718
1.338285449407924
2.122975252332493
1.3152239124828105
2.673506622818098
0.1548551337241465
1.6407286168959334
-1.1201163502416849
2.581734554421279
2.8559894464707387
1.1628502423474776
0.41653112116861146
-0.28854962892884517
0.04963136119264322
0.03514792438919834
0.0798460170527967
1.781787831815282
1.1591579283288767
0.19489836850797082
0.9095102130662573
1.6202516605329769
-0.011764475395332319
0.1717664050773915
0.09161108392172523
0.7669817378022461
-0.7194609477848177
-1.02831045197307
-0.39715399258640405
0.012551738509636534
0.9281612995261386
-0.18502480692798473
-0.802894035536003
0.7389863001480019
0.3203254054275303
0.5248423337698538
1.7432549570787872
-0.6501706984573421
-0.9666615052414966
0.4588714538896693
1.337932574397083
0.9930244537525645
-0.5369703421596648
-0.9610524902869271
-0.2041251533963513
-0.05909233018628757
0.6861441206871903
0.6760156317942012
-0.1507026169780845
-0.9974365397642913
1.4748825065490279
1.663712796003949
-1.0917789138893075
-0.8316517937587915
-0.13638888332625965
0.5208703755113225
-1.082835183597322
-0.05676198800233245
0.48776292595436865
1.5016306569694025
0.8459419597931864
-0.1932672585353512
-0.11761217643190047
-2.211127531161576
-1.4636214919370651
-2.000465368768363
-1.8692808425756855
-2.230512244851992
-0.9277531545051578
-0.4716054523323354
-1.410737454646613
1.5895136196206068
-1.2333004617076164
0.083467673575231
1.2482139776821979
1.3622254903939028
1.6482993348242658
0.47186444106960235
0.1488816463380107
-0.9151433325529346
0.37408983056089695
0.5985672445333237
0.30050936699564523
-0.23331514164179668
0.3329216867167726
-0.8816839953691
-0.03634466393861757
-0.4006203727300912
-0.3915252260499176
-1.0816559065658544
-1.433363257346815
0.7039808325945668
0.6153809938366355
0.8022366152649897
0.7910417646395705
1.0847001891591461
1.2461133518459582
0.4130017825794109
1.133669968735075
1.396600313982916
0.5470616043285814
1.1262134867647973
0.49451717098446213
0.7654935062708939
0.12683018371330368
1.6514804495720061
1.3454037662999903
0.5767788812860086
0.781495920208818
-0.9559297536408984
0.9540339084843668
-0.30167891274227543
-0.22241508394575282
-1.207313746691018
1.000105815648709
0.250099050100697
0.10404465373587046
0.7810877866662933
0.3019602142003315
1.4027401799566555
0.4884550853226488
1.0037718762196521
1.462393016637856
0.92900222553461
1.188565857217487
1.6549301874965063
2.682628950491468
0.3002188942834546
0.9887486383885258
0.9268482418239324
1.0412581491259376
0.18369287206511686
-1.1166700923610966
-0.4240976342271783
-0.01788771898612307
-0.7217256209647112
0.13517043103071968
-1.1236362572704777
-1.4579320686171262
-0.34447894779638033
0.8015017557459384
0.7197031576090035
-0.5624689123127635
1.2606865590471865
0.6885091908165344
-0.15039859954328705
0.9929601369217356
1.4288290716566399
-0.2214995471780492
0.5541621293180521
0.9353152878288078
0.6600235505512679
-0.41968527333637495
-1.5660653433338063
-0.9584029148420765
-0.8767605481832677
-0.7907242399307219
-1.820576471912276
0.06130287188425576
1.7261435534353253
-0.7231271021244718
-0.5529919911731953
0.8257166682291418
-0.18423839062318859
-0.1986178562268761
0.9223420680692169
-0.09413983625694433
1.3701618083944784
-0.5618462645267188
0.44365126337459293
3.0557989400910777
0.9421341134752446
-0.015523637917314481
0.609341531602625
1.070192642021184
0.6142132813894918
1.2098797415570657
-0.15224138408450183
-1.3799452746206735
-0.03312402814932591
0.13997727945860416
0.5099963514450858
-0.1274052046514198
0.5233490124560711
0.23972277088718774
0.7627291112300059
0.1537789840789161
1.2750289120380673
1.2381561774199803
0.9121486232131429
1.4372989763479826
1.903677365069309
0.8278712953666524
1.7380776246500227
2.098834308504006
0.6241066399763703
0.7951373662235501
-0.1616623832882318
0.8327896374288044
0.05861145495973785
1.3281582059999066
0.28496207078369995
-0.8737882334070779
-0.30035394936185966
1.1889834105016548
0.957649522299734
0.3178774170745966
0.22117686080630206
0.8769845123011863
1.6510466458504016
0.16498400964977977
0.681913696516328
2.184946513895102
2.817342022182913
2.1123383047957525
1.3338955535307762
0.9588392070628756
1.8563060182399753
2.2679216159975573
0.9710651631275289
0.00999865298791125
1.5204256296300835
1.132910672719103
2.15924216780442
1.4045591315341164
0.1114277917760147
0.8580910120750568
0.4426308717304006
-0.8976262259413816
-0.21538772519283045
0.18576697744180415
-0.465384657205981
0.4484312006476875
0.32883974474942823
0.7113103756405164
1.6183566859949758
-0.04850806053662593
0.3234732151759224
1.3972578176185366
0.2411325232375804
0.4487839458554147
0.5197705233020316
0.27621948695084
1.9624331350419224
0.7900693538503624
2.130427435327678
1.105428850818332
1.7638899819359328
0.6397402878499485
0.883040659150695
0.9716495762475444
0.4815292168310823
0.5026619489314206
1.6937449616282865
0.745116856125912
1.232837456277988
0.331277618732427
0.047211772628718895
0.6741203105767004
-0.10609962762397585
1.2090530736627432
2.035485091576882
0.2904622532566967
0.6497466619443798
1.4206746451696213
2.3048650373466066
-0.019168106692573073
-1.0398479254547475
0.3995089104563547
0.029277712628218877
-0.4331349655461887
-0.34839092741258515
1.12421297492828
1.8379827266422275
0.43606068628516104
-0.0978097561086444
-0.47487301195672105
-1.411772820195579
-0.6490122188044527
-0.7746948895044865
1.0799063151794654
-0.10684217111818706
-0.050252575432999214
1.5504073425691616
2.1644822501170182
1.885828286696515
1.5439653361557801
0.7538450486686092
0.8834207476409103
0.8430821158727866
1.1291633395856215
2.4506587712023746
1.190103140039178
0.427638891086615
0.5814719540650081
0.3436851448607605
0.8825363650231155
0.03506091463461258
1.476238465094037
-0.19711743692926076
-0.0037386800616845406
-1.065776453656392
0.542774184923593
1.1493345062777258
-0.15980234206552257
0.22127466787666306
0.13546684502215234
1.4125603586861852
0.9101492832235593
0.05204422301320166
0.9415174408958972
-0.5613291924530552
0.3793729704718869
-0.29645758482419127
-0.021303692250697503
-0.23343701230620084
-0.8109451305193671
-0.3946108887049511
0.17554454393792096
-0.29439540753441396
0.12512037527669095
0.808570248119213
0.6641860309168601
-0.15219844061269905
-0.8100860613855332
1.1785775278615906
0.5045227808344763
-0.5221723401107894
0.002134644201567615
0.7096874799503499
0.8783393767608358
1.1225598506923888
0.9045344969621452
1.0531151681144246
1.4949210189078836
0.5737669854579479
-0.6012995073983778
2.230920436167633
1.870609918628215
1.8171457680205982
1.2112883462227853
0.49975245703591165
1.4092146950941133
0.09454818774605978
0.35750976574753157
-0.7834834543726159
0.7988120852167714
-1.9048090468888454
0.2504419436546461
0.07275602093831157
0.9406386790266434
-0.5359231701748972
-0.17992270143674038
0.9827576839113629
0.7563053466966209
0.8453291652323309
-0.3468634099307306
-0.6797531477102441
0.7393652234716872
-0.45552301387851846
0.9419387393516293
0.6060781335550478
-0.25052908704448074
1.0665877981737524
0.06824908384536088
0.9816739152489727
-0.14492990988436727
-0.6197975555405917
-0.22473960241550417
0.32537755625836273
0.7994415368391015
-0.6055462989291953
-1.303410744810174
0.20345246651283255
0.49510979126381327
0.52090315723156
0.01281375064102841
-0.393161026894169
1.302553861307066
-0.0024518394167916124
-1.3984910091169218
-0.9090903954451988
0.337961309795616
-0.9365076171609505
-1.4854643572932837
-0.3854426999819547
-0.9418983201070106
-0.9324012975301994
-2.3472682344093583
-0.247860538810305
-0.21748598502453764
-2.362335509820499
-2.720541218232865
-0.4793112332189089
0.3954620361889122
-1.7070725706004337
-1.3047242029221682
-0.3627347117164932
-2.296354779185464
-0.020091234387249912
-1.3631448847462453
-1.5014076757218007
-0.5419675797081418
-1.1397655288062958
-0.8206252638549016
1.537943978121747
-0.1560788050510724
-0.14341294808335325
-0.5119146926560101
-0.6406966912101588
-0.9755865754376438
-1.0409193932159422
0.18546159938934803
0.04312224353848115
-0.4920388022875921
0.4301947211585663
0.3748924110735863
0.46194176413472965
-1.0032517074282468
0.6992489084870843
-0.16085313619029495
-1.0186051125672955
-1.420533012989667
-1.0059395738715144
-0.34130060635217374
0.2592498699881205
-1.5388336305390733
-0.4990473084869467
0.9694750787840702
-0.5510204609179179
0.10378435421699439
-0.8722677296925279
-0.12867196695131922
-0.02123651727275422
0.006457517714583583
0.03771138723858947
-1.4569205314641565
0.1991804708321805
-0.9871564014478449
-0.6615956188908787
-0.33560478787722414
0.6248782690617493
-0.4178949072712408
-0.03170287509981384
1.0379512214109663
0.04269674797208123
-0.20164856247405782
-0.4932020306708649
0.8121354693615587
0.5457808031109093
-0.4746104920419214
0.5250474511051655
2.100937770549062
1.4139535901127889
0.8385027380682375
0.8939311033904623
0.7505171440127438
0.3473743138188513
-0.4257634174454161
-0.5493704418702303
-1.033207186420821
-1.2706202310641634
-1.4828289612619163
-1.1813766070177656
-0.14438390995244066
1.2892591796573973
0.34271681384584496
-0.015391114623866109
0.7078010593295541
0.4555593865575075
0.24120665117895812
-0.7017655346843896
0.4298392048787659
-0.6446666527033904
-1.3254688000984607
-1.018054374682229
0.2396702567246276
-0.6581452314348788
0.7928467605583164
0.5370471490397625
0.1759359184093463
2.2447420791990638
1.385926335656071
0.4213603344457014
0.4093380171007188
2.294558517738485
0.9579113613820546
0.2790275983467292
0.9276609550026671
0.5778928843467696
0.819184811308075
1.40992825621101
1.2047533207109604
1.465235176574421
2.4630507111003705
0.987206777265535
1.0783666386028719
-0.7862116458007216
0.12116279128926111
-0.4132908173477401
1.107332611992714
1.0796459641035399
0.2094019890610601
1.0525062414601356
0.8850520678824105
1.6441844671503436
1.124045283897356
0.5199257368479764
1.0994212843123885
1.6466634258792543
0.6106900103650115
1.210955225391417
0.5649890460682228
-0.8251289517663836
0.9140067303160497
0.5457403257166699
0.0999706921325011
-0.9725056063054629
1.4353109106641326
1.5937898795033099
0.9354806445631852
0.8553557670398311
0.5134785715450947
0.6890036967524137
0.7887492875764694
-0.9171441698096563
-0.027215144184365325
-0.011422775544881913
0.43449495645636516
0.872169530318684
-0.22593443195595597
-0.12457675992276074
0.2965245967033435
1.4254941453652819
-0.6335384232861192
0.4964542924933333
-0.4317016175758366
-0.07171623155094053
0.2149656881266231
-1.7239887182735765
0.2227584733017327
-0.02123650644049846
0.5391909231456515
0.9212049394740905
0.4275652246783457
-0.07409703116500022
-0.06792303497300511
0.5467229306040787
0.33669500934806285
-1.1417332044164286
-0.5677031423500185
0.22548292109648416
0.3102637003180677
0.7105458776855124
0.48727146946665323
-0.7463141417719623
-0.5414979013498684
0.04839302604425588
0.9748984223131596
-1.161630602661936
-0.3242002878152097
1.8510731661984452
-1.19764892048818
-0.2993308682333171
1.7279447531449155
0.21160675669243934
-0.7802548218069938
0.9284001109764751
-1.5766884130486076
-0.49788410336729116
-0.6612523318626742
0.6699267423507709
0.6240724046608827
0.2869361645867339
0.9343859375899604
1.6469240444945192
1.0736117190672079
1.3079614962252697
1.8476090426202605
2.3344589540623613
1.2004913601865697
1.2112930276765062
0.6511480671782384
-0.23486282956277105
1.1113782899167761
-0.49157476073964546
0.448208924411183
0.9646649139961707
-1.0017251540618335
0.3529796241284092
4.983684608558258
1.1804249994312013
0.42454427614513657
0.004629677216848815
0.19596240041574065
1.4982094561734218
0.5570952545667779
-0.08495453788342733
-0.1287167483922118
3.04753543395493
0.15784837392116324
0.11118648163019074
2.1081322115735706
1.0911554759661017
0.6774954402198272
0.34912941600736447
-1.6218521143929125
-1.0541585116199146
0.22755313544523859
-1.0197837379614345
1.2652229169327671
1.4682195170390782
0.3545124455063443
0.4869702896526823
0.7360769073228384
1.0154256099762684
-0.23101746253186772
0.013462996679319272
0.17487988690607426
-0.8682366494666509
-0.735902293319697
0.254838320797381
-0.17291715124095686
-0.3892860537434202
-1.757941913568681
0.7407331556026875
-0.6517839965753403
-1.3873753472572958
0.5234011941609389
0.00013938885089059827
0.1591701813924975
-0.180479253713685
1.6567298227800005
0.8887742791063609
-0.44337729649698665
0.6701310464633572
0.2972234353720502
-0.39959821615004243
0.0883803919707773
0.3304080681338578
1.8915652180387368
2.1995869501449103
1.1852364586114688
0.5258782754529701
0.4049988514892414
1.4883480169420968
-0.1338943838689317
-0.07861009670831964
-0.2213165882561028
-0.6106735288544698
0.48901669960584027
0.7127205184636606
0.9000335225723882
0.6438780104613404
0.7018619267545928
1.1569894130898037
1.2079987655126398
0.38263180032252275
0.5887332209162879
-0.764637916649157
-0.5526846286638278
1.0316965771929434
-0.18669377568492296
-0.0626119515484247
-0.4653318180679604
0.2148244748301359
0.45660944647816293
0.5499019681821963
0.5069765098025009
0.9874647586187314
0.09453337856212363
0.6911569708978079
-0.36235104382075556
-0.9591855724946126
-0.11733164928245543
0.38789362882594924
-0.7368492570305718
-1.340121647389171
-1.0859701535877417
0.08845705046170793
-0.010452379408061319
-0.7150179220576698
-0.34130640410758906
-0.24747167805544268
-0.4042197381934125
-0.1639406113291224
-1.5623350104973475
-0.231903349329033
-0.012392779746036808
-0.7360605285549984
-0.2026739705194074
1.9657189897127503
1.4066281130380383
1.1008507088616308
0.8812394638300824
1.5671297223091436
-0.5181611121023615
-2.0303247700722458
0.7158419013071813
0.05677738927359899
-1.3047926403843224
-1.175974311879636
0.6282251079614982
0.572137382352945
1.111062135386207
1.4634730508634954
0.9648407173517669
0.24325420298687683
-0.674550978576332
-0.2766916018411778
0.7035039412376045
-0.15738359981937866
-0.48945406900160204
2.162789409973611
2.706361161408688
0.952144938207382
1.5226890129645883
1.3183242049833945
0.1870836082352978
1.7200511584287916
1.5330998380211631
-0.19910500660450414
0.7962259415066626
1.3786461436313968
1.0013920537004315
2.495044143534386
3.1959847457328943
2.1374093368256823
2.5706532920901815
2.3668133496428823
1.2915741859050636
1.754797929415704
1.7221492129558755
1.3523222258321068
2.0526651793221244
4.544732933576519
1.4043767218419902
0.18947784946369695
0.6856437725742328
1.9467616819344902
-0.15141928195921261
-1.21480025448813
-0.26570481350435937
1.3631284530913028
-0.6911955003700734
-0.7111753992739855
-0.06313300925842169
-2.6180345221996126
-1.662970009343272
-2.011944895642335
2.6421843558450773
-0.060063263788888044
-1.0171488657066248
-0.15071632787252875
0.5974517965078101
-0.4659201911141806
1.116147290576662
-0.755657404166667
3.3230083502941103
-0.519589787732232
8.449946172545246
4.724329001460434
2.0634639348322006
0.9725264849154673
2.9971947970262143
4.45859874515709
-0.40227203605242123
0.12120826581572952
-0.6709778485231817
0.9764384617725472
-0.022652054023956536
0.27351428495480956
1.5514659995998359
1.2312514997627002
1.2360037016751475
4.688985346247298
1.6519335340404313
-0.7463694896240929
0.18989285408395096
-0.9858403255831838
0.982215898816341
1.0700488536282233
1.3335107312498464
-0.21417441586882813
-0.2942041025303317
1.2052386406039381
0.5143358398556155
-0.41463664565003344
1.672092187435263
2.354364060948061
1.6470428880078263
1.5228821882072463
0.2093834346876371
1.0357341051729219
2.9786574624409186
-0.001087141814957615
0.5601568840544463
1.7464367852278389
10.807932772787463
2.763363210994781
10.651339751689695
26.577101726188253
3.1646787680693653
0.9378299126314835
11.421767439469455
6.6252485536760375
-0.46316465596662737
0.05844461562173131
1.089309220256871
4.75299770112555
1.6170048712505265
5.068011291831107
4.152794258290323
10.475525373067171
3.260719683963204
1.5881963696359347
0.04522145083892237
1.7941459849100814
-0.2083001506528941
-0.21680876471059052
0.9716924377095819
0.5680419872782076
0.33804777836382394
1.3473865422117117
9.506074404820973
2.9589175618669454
1.0894469365179962
-0.6913332865987918
0.8027818052307583
3.78678730143785
0.5704821517137897
0.7537231462791044
0.6963385237551964
1.957666484463958
0.8180267192627098
3.342400833190986
0.9994650479799357
0.445813059205718
1.940425579339405
2.877862268905754
3.96971170667909
1.540299373077707
2.296938785454871
5.430709322552645
1.5109647860478996
1.7659167812185832
2.6658256033621486
3.3119561553855648
4.591152859272139
2.23935933345855
3.070282144966135
9.424145678183448
1.614066171788577
4.340259338357127
2.002164743657362
0.7762705163018502
0.5915618735068349
0.06946071122806363
3.8015312589496943
1.6439488053653082
0.6673244844593165
2.395654474740306
0.9181389948692364
1.7209408686762484
1.4167066942689908
2.6130367587533394
1.8760971307771563
-0.15214414522248676
0.5722552939836165
1.2616692161483454
4.575849438100862
0.5824493326075928
10.006054440306965
3.3215942423723566
0.22754402667649565
2.08442725705857
5.188838037820625
2.3161036781981945
-0.722396705699192
2.245691718848292
0.4857899348992768
0.88359511817326
2.9702971066135317
3.6871043766239735
1.1005352849180097
0.9592040861011288
2.1339293607542755
0.08892383368948487
0.48595142215321496
0.9785364361337919
1.7224430018650732
1.4128767111677925
1.1232400831014722
1.229732819753053
-0.10346161061170989
0.4473711442316438
1.4487782434548802
2.0858051908480837
1.397307470938501
-0.6438018053697969
0.5077458586029207
-0.24829102269170056
-0.5856537275368572
-0.3766652338605241
-1.1273334380153197
-0.5769003531530219
-0.11020351797124195
0.5282692174508472
-0.0053981660534312415
0.06285870615956779
0.17122349389975788
0.7467230714572363
-0.2653703168017243
0.5376422453283849
1.5323449347951232
2.70664248062202
0.39583100408121696
-0.10718426501918588
-1.1703283998208431
0.021800201415921983
-0.33617934118073056
-0.6834589081336204
0.23606279521061269
1.0797644423904247
-2.120384284201337
-0.6817107317799385
0.2781496880977139
-0.060012932846401634
-0.17093068583878646
-1.3514952907600901
-1.5882555884332636
-1.3376573270534324
-0.3192088772696027
-0.9482495165946065
-0.46840392490645777
-2.759040087455658
-1.694856205464304
-0.5318692116603423
-0.37510233149009387
0.5807048747988847
-0.33924597521456645
0.354680721903033
-0.026325986474537766
1.344685234299662
0.7235299065324916
0.30561223109174607
-0.3553884455941203
-1.332268971182867
1.1751795737161976
0.5165749008550803
-1.5919673285515317
0.3328824797887504
-1.0489580095597786
-0.12918169438026994
-0.9589250020086597
-1.2453184700359916
-0.4796415161745591
0.26808226450183514
-1.6357498008176732
-0.32971845863856153
1.9332920443482213
2.0362889552882013
1.1637066887290974
-0.08914575985063244
1.634274435763912
-0.7127892540655076
-0.8033672418156255
-0.057357453953507775
-0.60777224975116
-1.1963111040762922
-0.6008261949673588
-0.8112717878752576
1.8794567747995377
0.11189691561088655
1.250793426250829
3.612864649498824
-0.7444500646974073
0.12944963417993705
-0.28675287505916724
0.487150204429032
0.20571573455387182
1.1831203824116299
1.69616108000627
1.8986112390991137
0.3102155740007041
2.133360354217447
1.817307527467792
0.793002435780802
1.3274841408941522
0.4955232987689512
1.9541346819183982
0.5004903346959065
-0.04558126278712482
0.4319084147816252
1.437188985107602
2.311614401332226
0.6889672551700456
-0.06587237635609489
1.0605599099488383
-0.1778239151733949
0.3275200839131963
0.6184444225528439
1.2742621488229906
1.6251095949387895
3.474228935658086
2.2690870116896793
1.6435306385330684
1.4593132115149077
1.4819257749312609
1.453613670655654
0.30961418216317993
1.3490803076540971
2.093240399922064
-0.6963954262153944
1.5035623777764848
1.7569050614279296
0.9661566062474971
0.25786059889955315
0.025576654608913896
0.4539760446063734
0.06726653825562934
0.24103836072780482
-0.14345546144452448
-0.6453184857353971
0.318570010545973
-0.020548832490182134
0.04736485027490733
0.8312901683864276
0.5757856279925317
0.4284462553861541
1.353453993183233
0.15747391416772505
-0.711136078913676
-0.4433870118569967
0.5912422171157496
0.204795648293691
-0.22969914686473625
1.0276387012951655
0.5537507308641259
-0.34790001259315173
0.7800936600608046
0.9140417662388387
0.8559782802825764
0.26177079503395495
1.3336874480695002
1.004343305410425
0.24092889011904517
0.572502468158817
0.5621549837191464
0.4726354647915123
0.40119569119064413
0.7434121530259961
0.8315322537958394
1.214814146813819
1.6580013037302126
1.4843982429544633
0.9268082543405315
0.874731102457631
-0.028286081106037697
-1.6974297217652103
0.7840634470097281
2.4713192367867647
1.4550456733948907
1.9161768558257117
0.9557628861926413
2.5250828657856426
0.7208563340339127
-0.060828909078117555
1.9881183442020423
1.6593367977271058
0.7476756057189331
1.37211065178149
1.6217225854175716
2.9022334437488704
1.0957281086027522
2.046935576336774
1.0122520494164533
1.3289949947302424
0.7880641281300226
1.127876794115813
3.0166390326833095
2.7932531926103783
2.450931546341412
1.8909134437907529
1.160030867132199
1.031501022486015
2.2940604098371757
2.2548805998270605
1.313819175864171
1.2794836634454894
3.0082132136115587
3.091950693655907
2.2507015569859923
4.23636094788939
0.7368123896864692
1.915001600374548
0.738522423974582
0.22697456313901776
0.6231032791856508
2.0026597479581225
1.5644870114317992
1.6229170779656519
2.3684820032660303
1.0611353172762723
1.8455239881669963
1.9175458472981561
2.2586260202748383
-0.41312540747575976
0.4668833089623762
-0.46158376727535133
-0.8927350881289984
1.3018170057883671
1.2802647775383176
1.715205505071224
0.9641596006457712
0.2987998422216974
0.22278704171223918
0.9941832343103215
1.2607896648594803
0.6645837183867964
1.242358924558416
1.6855323951813936
0.6232463321725852
0.5774903104045042
-0.16811097032176314
0.9187006854813038
1.7138387946778768
-0.4810907763891734
0.3930387922863835
0.05180539850845156
0.758239964657022
-1.5863080468730106
0.6921557778364598
3.732526841492239
-0.5015602507013266
-0.4092805741481065
0.6122525981437399
0.604795032799565
-1.236681587974215
-0.6433659595315162
0.22559261297248723
-0.06710992074300504
-0.3980753420239884
-0.23798753732498867
-0.010158472191437173
-0.36177026018455605
1.2804899372702716
1.4004531006924077
-0.7484844486870321
0.3574901483707382
0.5249387909215208
-0.44753719012472315
1.6192444246599538
2.5906593174172103
1.7694955643206027
1.4260802427452752
0.9297619180130781
1.2660328143001236
2.667354175622192
1.1840974627349472
0.39104920461286385
0.9175604244677236
1.6114608201890694
0.6280780347545791
0.5739163129893138
1.3065638526401346
2.1013008187016498
0.686400440447511
1.3277723302396025
0.9735629337165882
1.2246784758896567
0.7751272815860336
0.6191946391226413
1.037078314107684
-0.13038940880131222
-0.20021124303237103
-0.6370132323723874
1.83517075269015
1.5682513098890034
-0.4856584557043244
-1.4438689878972517
-0.7255390948306017
0.4110100791446074
2.0038880612803087
0.7262956885301788
-0.3329316132850981
2.158597427625856
0.6192032748417358
1.9260622236566458
1.140214388292065
-0.2218587138070407
-0.7022299319811103
1.1957769124396074
1.2785089195742032
1.2589437412591036
1.2825021890662966
4.156712847440449
1.7867272315234988
0.8012676111063582
0.7125677234195615
0.49508881088056544
0.9064685102051403
-0.4813037129626152
-1.4581860760639156
-1.3773245440287067
-0.018703966453669896
0.4499819868333911
-0.3291375099754901
1.9020040778686076
1.3091664819393374
-2.1059239623153085
1.7819724409135511
-0.39075351146908766
-1.7490265760221715
-0.9023458664712856
0.6150940313192796
-1.9526236232241478
-0.7228144762047595
0.1673864785146435
0.7511578833881435
1.8083279127727394
1.5834742465040708
-0.9285597963299632
0.39724481204414375
4.308027784253188
1.7209702763242773
-0.5007286757776634
1.6580700305412783
1.562494350824103
1.7541079921716818
1.65659761049503
2.652099211420391
6.276076281616786
1.6181524184016869
11.43310933656456
4.392458004572788
2.8020113789574426
3.4041804083398577
-0.13511224936110677
2.599344704840788
1.0571643651947527
0.50944991524477
2.6369504538549084
1.0057053791499095
5.405175473587043
0.28079206655195565
0.18591033808339574
1.4439637578109465
0.72308482444682
0.35896555511837847
1.239460415601731
0.8775418197161975
0.8293699352277255
-0.318085620336622
-1.166846874454499
0.28318819749015234
-1.3394051207398228
-0.602122184686505
0.37040243724933153
1.4085493435874958
-0.12791451737112625
-0.4142195973715195
1.5345530654195323
2.163900069838922
2.4423031493817104
0.2807481637694327
0.11040847425341205
4.134467806503967
0.10359896459466655
1.8104420841647335
-0.2558601726237584
0.7099447267292442
2.2104939670515424
0.5967123355665467
2.7776721820140695
0.7742765128157738
1.1051150855023004
2.573067740810256
0.7111909746064933
-0.06527368382566334
1.7678203693911583
1.070264465241863
1.6770627093063608
0.9445976062674879
0.1574305988550585
0.954618960579513
0.11302617849372676
-0.4756603861457427
-0.7864084888225631
0.2722831126326458
-0.928741953133571
-0.4510023296316017
-0.765564425488912
0.46842844474336465
-0.1997623146534011
-0.09517379112273217
-1.093142771127238
-3.0410713649643446
-2.314364615556734
-0.1828644070639711
-2.21668152502099
-1.2800191716655385
1.7856738470009907
0.7327231026699774
0.25459806389937567
-0.30174071526149504
-0.7070084173939395
-0.7036773055513028
-0.9225822266255683
-1.4790625875744432
0.1573398960818264
0.291823914199258
-1.0714948549959482
0.013177471250619854
0.2816447234092766
1.4425225342880927
0.2825033631999577
-0.49041991164318044
0.6937402826076153
1.142235623510977
0.7422528012669228
-0.11782054298905864
0.5053799757941281
-0.079600147285118
0.8361893164391068
2.679658878229996
-0.054774639621995025
0.11630564343763572
-0.030690990182888678
1.4857254398309254
0.30059158605376723
0.0683529720515823
-0.21202222386114733
0.42898580478880943
1.3652799485109934
0.47606411192674103
-1.0230163934140335
-0.694965954054495
-0.28825061850127565
1.2372346596608645
3.0608878224633957
1.1960007636180379
0.3468057480696255
0.07187575935167767
0.6041286004546913
1.957795480243635
1.9559797940073675
-0.5637680752585672
3.0723710931343584
0.4917440849638176
2.5956375464876933
0.3177278413286574
1.1873695899751668
2.2417888987479033
4.396543815366956
10.566847706955745
4.5245175066367835
1.4519641561088723
2.458829883970715
3.786157788083749
0.6755472631868773
0.8645748805651496
0.15422325571787077
1.620538758128705
1.087034928353401
1.3213161597799
5.002004865540733
2.1628941597838036
1.6640131191078464
2.494888362790865
2.793930830017386
2.477323290702944
1.9993188189238824
1.8905888538112823
0.4022122059610458
1.1473637422661664
-0.12279945736874676
0.7579657784425976
-0.5796671912865325
0.4716733827892631
0.5946332020860574
1.604360581176102
0.1585050670123802
0.42029651542613333
1.378552034740879
-0.2847850569710517
1.40324014527086
0.7128327092126608
-0.6790814909352791
1.103330190673619
0.8937566073325651
0.5280860624876024
0.3564147070892313
1.5008888705907686
1.8190423389338797
0.30687358261530706
1.3142321003176258
0.97471812702813
0.5933425263668044
-0.3609169365941116
0.15247402403040333
1.4628320587410744
0.0747116495766258
0.4250000758811052
-0.1202232894733084
0.49767000972440667
0.5840615894845091
-2.1507456242315675
-1.5812236792689789
0.6749743687144767
0.7162012864821142
0.9495491073704492
1.805474193590452
-0.5476648108898028
-0.6839910041061308
-0.4237472710694241
0.7081523573997757
-0.5007784167544791
-1.5083853203848516
-0.5365819746460978
-1.2795270778068755
-0.4408027490954023
0.012184823136608736
-0.1602903193028562
-1.1193169315917872
-1.0770545999667633
-0.08988635270604961
-0.3064103808974621
0.4189571921142693
0.6846923536234821
1.4678243415161303
-0.014619171057508984
1.0389267242271072
1.4691105117068655
1.967933335773285
1.0157781690186283
1.4884442913209477
1.365920184022821
-0.6929164698908143
-0.40117776704685304
0.616071479239999
1.6078837684168328
0.5128887157594955
0.16252520581300856
0.9824471888559047
0.38541403623634285
-0.3056285175807163
-1.2011984203908828
1.6799199924219144
0.948304546018701
-0.317472156779139
1.2418344867361757
0.11121177401893534
-0.16693797576336267
-0.02658631720380389
1.2746444384475264
1.0449409476554075
0.5749153189788101
0.3363988878794504
-0.2847224666010961
-0.1940875608297299
0.38910371095986873
2.4947572935682745
1.4648804993693247
-0.12058425905670522
-1.7642905584295367
-0.8248800569780219
-0.39033038059574166
-1.2118460110981597
-2.1337258131339345
0.04694029261727384
-1.7014984986892956
-0.8239420120629106
-2.561431420257225
-0.8310559674018414
0.40022699010998786
-0.761243634589144
-0.7333126615512557
-0.09945814153194754
0.8796638388613746
0.29117220465586524
0.9159561347685129
0.9009333045835022
0.6227609723599583
0.7982137281348423
-0.26071588798174705
-0.7508386544628893
1.0133283397609496
2.228738601403334
0.05700562651160601
-0.5367731634711241
0.316297577250811
0.2867637114360404
-0.3637373151440486
0.44226328493084954
0.020412102545883992
1.994542824607258
0.5358614614350465
-0.2879070373838053
0.35840103167527093
-0.00809096263594311
1.2684336392548254
-1.0842020349272055
-1.659633209007378
-2.013656859958157
-1.668198331226204
-0.3408639436115757
1.0093189327880856
-2.072563885707344
-0.4121254386610913
-0.7001750487540799
1.8257664990857454
-0.7394348943933655
0.5842564991367227
2.5312018055993173
0.8530531638405413
-0.8092448469730924
0.43649281074023305
-0.5018804004059614
0.0036386950751606806
-0.38261664771914705
-0.9723682375226081
0.3621908734659489
0.99953308145704
-1.2049860739478109
-0.6534557229881472
-0.829878369356126
-0.3969681437923982
-0.32276200250561793
-1.3919421209853868
0.8919935063195256
-0.607842660647985
-0.4388916618180829
-1.066959426557459
0.25581734307325554
1.1789307972900087
0.7715988723560288
-0.28845384290840403
0.7294744022553082
-0.033868714774879516
1.3218879969949766
-0.15867684052813624
-0.559318282677546
0.1251398898454381
0.2754082880483427
0.7690655475292296
1.3167035340476385
2.0584964688618523
1.7047195633312664
2.8413644757499066
1.5621983510005755
1.5343717243309254
1.8480947822581344
-1.1041540291067995
0.14513872296807617
-0.22403039918443834
1.2853445705872046
-0.39873320073401586
0.5329025129886433
3.0666426002453444
1.032465776775443
0.921709653431638
-0.09430496613583639
-0.2293390587856241
1.2567449743588024
-0.5615124966778611
-0.5881668959740409
0.0986209468740763
-0.20547497190113462
-1.5894419387955487
-1.0259897394603206
-1.3808312234630113
-0.8330217979078993
-1.03988696186113
-1.3171671765993218
-0.9831684717514302
-2.2507617529644137
-1.1340551902578073
-0.306104019614299
-0.2837633916934992
-0.6118777525716184
0.2509082192501062
-0.259076448936268
-0.14351217251240866
0.1404306458525083
-0.22875528103172926
-1.1175078867717692
-0.364528960539761
0.2537649045053132
-0.007499158860746924
-0.754285007939433
-1.8435032797397124
-1.4894329307533218
0.5533915415231255
0.8514270924550533
1.2222191942881993
1.7425803080366724
0.43032061604064487
1.1075090191639543
-0.07821331516230812
0.6973055352396684
-0.16289178379620828
-1.0690183162521234
-1.5231422355747832
-2.3568784206595703
-0.9661182894915896
-1.6527856773017855
0.39618936918686476
-0.29494248424544467
-0.6038757409191227
-0.49519736184377905
1.2689041483217167
-0.04775611134261948
0.5275848005669956
0.4861035147108531
-1.0726738325316307
-1.679417645496088
-1.9031134449898142
-0.6702729987159224
2.0724996714832864
0.2657261855235791
-0.43833300620379934
0.30227867443083867
1.5784347753671861
1.2886535320504673
0.7387978585526925
-1.1521054512489717
-0.15935090193587476
-0.563350970966024
0.3487030890942606
0.2597645630705909
1.140673220842034
1.9038982092323862
2.3339906593772035
1.8345991510354978
-0.6913547307477803
0.7277704678384593
-0.32125334495383817
0.10680636773982899
0.8280799638341921
0.33614613553737893
0.7478840854652404
1.8425783101414792
0.9573164837811983
0.7687090235258631
1.194892664952471
1.7817150090614504
0.3143833511274935
1.4283026857923324
1.8864432430673972
2.3286743192491888
0.30471604442687816
1.372566795971463
0.3830470020271166
-0.47164100627414896
0.00834910483579454
-0.7840271830632319
-0.8033623028300947
0.7398430100644566
0.8987111606505443
1.1804518044765668
0.5461105844574601
2.0561885617847926
1.1876546900079874
1.840542256651362
0.8271249716256508
0.06259056581927458
1.619863733962639
1.4030519385793458
0.12238898677826959
0.5220338776496798
1.6974071208819033
1.4506847051335574
0.5241678825996436
0.96969444723459
0.6755468294740072
0.06543282526714389
0.8291584233414317
0.9780377701816385
0.6972965697900162
1.8198186425119014
1.4224655301833287
0.8362424801362395
-0.20695299487793717
-0.9399448299768978
0.6035767414714819
-0.8327996386144692
0.2639524698703305
-0.020696589193326398
-0.7082940206752921
-0.21011974353427232
0.4685848958444223
-0.5400005093719282
2.422635740246414
1.9503410195701574
0.027616356780084006
1.6900365163341875
0.724804535097462
-0.3109262615232542
-0.5914186102455916
0.4708885292058761
0.2045846895804997
-1.0075544035553494
-0.4055177090613966
1.920847184188147
1.8391276897802973
0.04732878677648711
0.7656918865916137
0.7408897952150162
0.7737872845667736
0.799241445216169
-0.18238674395838284
2.033574857625535
0.34284841864684
0.7607192893198218
0.7524243519766568
-0.9146167807698666
0.35882821623595484
-0.5834131043590915
1.2967546476042864
-0.8764719049830818
0.3155714747467764
1.060823588545644
0.8208842589306432
1.679276333322806
0.6431798498928047
-0.08475691427180254
1.9595816829979456
0.8371690381278737
1.0655572361263648
0.3051939545088258
-0.18724142029585522
-0.06594478367911738
0.7717888186619111
1.4790184573226997
1.0423407695700124
1.368159545519151
1.8889387496291088
2.1231824051774026
1.1889187423014684
0.5061593962283008
1.7529984827458007
0.7976786398603749
-0.9940278914328193
1.6329711578023591
1.3034796118037475
0.9763681818930874
0.6406465690213732
-0.06465402657639796
1.1347901146111725
0.3746525635437441
1.1182330702888978
-1.4813047866588867
-0.7332332039852392
-0.5177926203831773
0.38063089131270234
-0.29019487846555236
0.6080621625888121
1.8148718348624122
0.5940536144666254
2.3139568219551956
1.5964852972578298
2.6277200618653054
1.1424377664910594
0.0848366024836148
1.5349940305343353
2.630393396477211
1.0777736450903939
-0.4040505138439574
1.27613908695874
0.8753862306560991
0.43703556379467745
0.5090495528059074
0.9050516051360183
2.6158016852428925
1.1918362814463361
1.189551282534007
0.9050694101244702
1.3572014728593536
0.15290869415738118
1.1719818910079163
0.28330108503103824
0.657425777709326
0.10270875577535798
0.24451999521856038
0.7165523163938075
2.1035946810914337
-0.22119251801861717
0.7171776295990506
0.6974383083055209
0.10352598367877641
-0.6628942624682306
0.133082200547183
-0.8754439656432083
-0.6036724196512278
-0.08733318281882951
1.147456860594614
0.7542311821656603
-0.8817895734581438
0.4135934849541584
0.6499920383140655
0.15002111633556814
1.208075501880563
1.9072227755672597
0.3684370528695504
-0.3062295091068006
0.16126649988615327
1.0953609120580103
0.5079559076692954
1.3430849573365826
-0.7610103371135108
1.7181235395213115
0.182644343718113
-0.8060574585393985
-0.39900628537352945
-0.11594114070298311
0.6719483165754413
-0.1860054407586127
0.40538607181461295
-0.6314570115394089
-0.5006094093847442
-1.0085499042741848
-1.0741931279989068
-1.1383020828764763
-0.8628544122361046
-1.4237396092632637
0.48607711281167054
3.1236382727996816
-0.19770074775258295
2.459741938358037
0.02747258445269718
-1.2056534360982036
-1.2909965896791586
-1.6024501228661086
0.0644405282020043
-0.49535311622425726
-1.6795201050211421
-1.0900159506984495
-1.5274527939405744
-1.3274285870739577
-1.9702909491096632
0.7711223602506285
-0.12647540265924784
1.063375634621161
0.7958798673848538
-0.2796927449656814
-0.43943662950729134
0.9864642621954737
0.48323545457935957
1.954679486543246
1.2565301434902452
0.7895835798334649
0.660255974442246
2.356864613841303
1.947804194916995
0.02464893824945491
1.146667553254091
0.47671909951862623
0.20583224538605116
-0.1691314302612168
0.9882936801596426
-0.3076624877307357
1.8908334704424203
0.7798275188295959
1.2447392093309162
0.1947652949414299
-1.5193919186163294
-0.8666173086218492
1.1489246720444206
0.19319963041706378
0.5423814098879508
-0.20836880488739884
0.4478752030736487
-0.36016078052937783
-1.3807433465097594
0.7446580477375131
0.5035521845698474
-0.6086524315111881
0.22213309153570693
1.2445671393739555
1.4825813568311734
2.2887702699726633
1.636382678950984
0.3482315137925044
0.10870611530271201
-1.475755682798738
-1.3882309928930243
-1.735975229417753
-0.9219931339695593
1.3312639585932509
0.4580976514776657
-0.15506123589966792
0.48529053737934014
0.47721916915595775
-0.27295627633160713
0.2898818560530867
1.8392345005357047
0.5480944526250704
0.2806258075149366
0.1101696377702811
-0.10480812420474672
1.188748667908649
2.0569324550941808
0.1820755161379195
0.11855649649463718
-1.9889151695600331
-0.6407053772228046
0.22276327080260994
-0.4641014146748266
-0.5358252121796354
0.05000792103386398
2.359042404505704
0.44575862278521594
0.856422139807957
1.2217098769370145
0.19316502995038587
-0.19379041271633146
-0.8831577549491565
1.5162349264854242
0.06589669895027173
0.9590134586155634
0.10498434089799058
0.2740377815870715
-1.2079483547565721
0.2140891972392901
-0.957937754995495
0.6614311387430581
-2.370963627054356
-1.5832847212434906
0.8256804775313671
-0.8733463506901591
-0.1447268837611999
1.46137157242582
0.6881819003381756
1.9581507070458137
1.2359350653462484
3.388023362777215
5.468163241730255
2.055886309331088
0.3952101663684616
1.560492266798438
2.3783310236998205
2.773840761386701
3.768030528848686
2.1722596555929123
1.718899925076071
10.27234561148393
4.942418778784505
2.454851290920196
3.5342671069045384
0.5578996503853304
1.0677768003539154
0.6823594484351425
1.3610086152589203
2.205397368818734
2.044243757895355
2.1318361065773113
0.5861052391041444
0.8671987402996163
1.0034514078753964
2.0494630096011495
-0.8211275486524201
1.3643731634290248
-0.7171447320559545
0.5092220381729888
0.3239151324063039
3.8471633508653995
-0.341897381707134
-0.5710360408638111
-0.5729870587124848
-0.5757222440138832
-0.07149091814622
1.0613761295354318
-1.1869907627715053
-0.46970471189572716
0.5073564110780275
1.8328467830360382
0.7342963755678075
0.14560056030681612
-1.3222190420945235
-0.8053160611124943
0.3612501574629242
-1.960904386740482
-0.5880299934534894
-0.7545062604260167
-0.9506447175498876
-1.8825951268650654
-1.5918859721557523
-1.5731717066824324
-0.283289245553618
-0.2582921851315336
-0.2266762083180287
-1.471057090027239
-0.4034043908664511
0.660087008719102
-0.27390118788151563
0.803287032241271
-2.3732942960669643
0.43593924070894785
-0.2754768735882833
-2.5269492611930917
0.01792763610477477
-0.5337654372091296
1.0315928547489168
-2.3101974685250144
1.8252478292639265
0.8288853945164399
2.5254220658096016
0.6522326372749943
0.8458133892102335
0.47980963122288867
0.08034794585072036
-0.6882920315893615
2.19808241115435
1.5649675992235155
1.8731446851644424
-0.6146888763591427
1.6715681624003367
0.3573438413488734
0.7923478129004038
0.7479942351089136
0.6141712281581557
-0.3335161094047494
-0.03999887859771456
1.4450108098858825
0.2133774972409982
1.4762555132393465
0.8708241402825619
-0.011072436462346458
-2.0663076166018013
0.3232421034895798
0.4012010036923519
-1.355977030482991
-0.6766262260324434
-0.4576802097717285
-0.740134344811662
-0.8044893365537908
-1.3939892551473778
0.38750151666968013
0.13948582127678844
1.3337340383237923
3.1511899268844927
-0.505867636680903
-0.6509996009235819
0.7124368663640598
0.10080922501835476
0.27231131494816696
0.23551817282185228
-0.7890946559159333
-0.11509092842088031
-0.9666485427620111
0.8507121658743299
1.4932746476504648
0.6017750569816127
0.43152470816209987
0.01960201148563545
-0.8920528360192739
1.423945183105953
-0.5584032991208578
0.7963961361191905
0.7105804153348416
-0.006871299286261179
-0.48132949551651194
1.5335638536994964
1.2935657135396132
0.5122526028476253
0.01723289420673213
-0.7447457293868054
-1.7056301656174293
0.413478053679217
-0.4221288823717
-0.9107160635669578
-0.5673975766995112
1.0026634626528612
1.7642128623376157
1.029716037770225
-0.04221061593792985
0.7250379470929531
2.554146169138913
0.9805442332762607
-0.010238917693524696
0.8326106285234895
2.352647016118693
2.425172959080984
2.212852289564352
1.2659946307320085
1.9375481748470655
2.408849984413707
0.5732509744781207
-1.1806802126545084
1.7032753472691953
0.038148451662862515
-0.592877173979885
-0.10079814870133741
1.6880656395950884
-1.3478156457572217
-1.244559442556966
-1.9607057368194711
2.1722560216185203
-0.37616127579256875
2.9958914847134173
-0.9363797597611436
1.4472495687779166
2.545380840433575
6.109548339033102
0.8852828403891836
-1.9829801502324664
-0.08761777148659844
2.4469197013920194
1.1133855338096192
0.6888680459211647
-1.0675104969433247
2.3443050573206143
1.9435474399285493
1.0070619423594436
2.278890568850878
1.392800520670988
2.3301293828250067
3.5454933999035583
1.8968659795836764
3.212245990458264
-0.04666871991888111
3.1220141185168955
11.754792595956
1.580813092112888
4.214782191903295
3.122833656674452
2.0625834878288503
2.3419639208482392
1.6923586698066178
1.7641620942085434
1.035718143081904
1.0461516346308704
3.3534701542237895
3.665442593708575
6.405620357498493
2.1430261935700905
2.4254476486701044
1.7878537483174113
2.615753155544474
0.9627090628944807
1.6162638417212616
3.6257341462072943
5.503344016556837
1.6274846845820767
3.5384818668738354
12.46579909109868
6.177547049674677
3.083948760499572
6.068791347536456
7.709124461707701
4.319283867259465
5.173717800607112
9.790040099581342
10.422795969635706
25.78895514629898
5.020662840818889
10.296916319148702
0.242478676209963
3.754890856369023
2.6719865646717738
1.4450650017241002
2.7378173480635497
2.3966676462626664
2.9062105095670283
5.98914204436129
3.6525983861591462
1.768030869189496
4.725731139779954
3.5224651402445417
5.095066756717641
1.5093493317881563
10.565234899252525
4.809600307494618
-0.5080492344387288
-0.686142738025731
0.12922767876821284
-0.12388217148525604
3.6480934179954443
1.5975392682722767
2.413363860871243
1.1584239734074604
1.2153008281634072
1.1711810043757998
1.7269447857481426
3.241510887262237
3.627610073382079
1.7049276837118734
2.3993241430498546
1.522089739683444
3.548131665969634
2.6248140605047956
4.0398472020528855
4.853081582325016
5.9413979731241735
2.8435715898902942
11.82902957880525
4.470495826943213
2.0043007522079943
0.19757526010993032
4.636777329673022
2.7042226941610448
0.9024002312750957
3.648538626576271
3.2119605182848585
0.7197067294208656
5.17345809294952
9.559706658140476
1.9191063355836158
-0.5755176830692241
1.8908410865997003
-1.277174247549095
-0.22048145454899903
3.595444100277248
-0.17421554516489213
-0.6014229884080502
1.9833918050289792
1.4565394487799774
1.465055153081782
0.886923099854276
1.3498792884694337
1.3344642692321322
-0.606565783035339
-1.7087002646635474
-0.5511369005010376
2.0521900898421803
-0.10597126833441539
0.9840715507002329
-0.14866595604100374
-1.6789740569666765
-0.9943911167684356
0.8673747129618845
1.0211617566530022
3.978709160558669
5.739937954470666
3.909150315544208
2.986671564415495
2.5312927959249403
0.18302348262123225
2.702879455492214
0.43802463459715624
1.8221645510415811
0.49065016291925334
2.9400274293460384
0.8005848924743832
1.2212441170618482
1.446345917122117
-0.6578569094626086
-2.3096459273481837
-0.28630775550337484
2.6752570697532114
1.2694285505850993
-1.4341715791808034
-1.1976943143419714
-2.952498383476546
-2.9199565530750573
-3.47193408108234
-1.0834349391567089
-2.979749025516802
-0.5430847997577632
-2.1046792275587323
0.17855071490220475
1.2283968091515725
-0.07369743334235368
-0.8528556064723916
-1.5389815005990721
-0.7003365605963543
-0.23383905212222156
-0.5649212492277786
-0.22292608364205835
9.284677365083546
1.944964474571478
1.4819973571257972
-2.0076194482604364
2.031957663176003
11.539762385330137
27.25914672007845
11.282400191413847
2.9480355328769794
1.6077310369117481
4.718724084839181
12.012784833414074
4.710198235542323
3.5170411637188357
3.359558466012148
3.3835664280370206
4.235890058867088
0.121492902071758
1.9394232458115779
4.9961841530933615
2.4783816584132112
4.02113660969457
3.800960694303596
2.951025723784429
4.884212137446666
5.026238515243052
12.910376008052966
4.78025390806175
4.535888114374334
8.29121205596611
2.59169396870182
3.1178918770794106
4.819684095127376
11.597987425434653
6.079753206564263
1.7388758356846143
10.371715067863107
4.731776969767482
28.140924911923783
12.177034090596292
4.44629362219508
5.444434941233043
8.72897448979731
15.40090240043866
4.0124757862448615
4.87683508437739
7.736838268418482
4.187656454736448
3.985330114891486
1.7421815732772195
6.0659217274506165
14.456922805963941
7.615929444134801
14.386618515981679
30.37997878460252
13.2270398489207
6.762609525525046
12.288137227373339
12.619745958549416
30.203628414106074
74.56493120083358
29.711398482887443
28.872237278774147
11.100392207631156
4.067221209545737
-0.23400871324072692
0.2437321481271355
2.743246027764336
1.3316812478243816
1.6573559375149043
2.95844881916297
1.3657689479716653
1.9841320903912476
2.418365587199407
4.080356088059023
3.1470785138487662
2.523351980227088
0.6536236238969988
5.513127279314758
1.5569868614350364
1.9297877551401954
0.529954523465564
-1.1788151135184197
0.8894757024749939
-2.064453243958309
0.4160868851250553
-0.042945528533410604
1.7635543847197028
7.645739447302218
5.43333425673069
5.338851771071811
2.025288608859719
0.5418624572712747
1.76390460520255
0.3258069828558824
3.8808307682419465
-0.8286051348436039
1.3550610411875437
1.9428440263336104
2.9025513829651954
3.917658807437031
-0.5575572200768846
0.14456662612888493
3.5198961030593687
10.761947206811636
5.976993504351185
4.199683215618522
1.6168377354030543
0.7942502138418693
1.1435381353351295
0.4385346819916639
3.193413413804731
8.585594290904751
2.2563122981137873
2.0055070404505417
3.632395408071818
11.38323671919078
4.5823817770012045
26.80665251568391
11.821062700869673
12.962283784726148
5.700933903696563
5.854358885338873
7.194327556512576
4.77644132998273
5.127305271339454
6.32557118990801
4.650433662160927
3.6374058973440655
3.0749843594758235
5.487404174936277
4.004996614508009
1.9168466651238287
1.1549007904835074
0.8486086202321391
1.200430016066422
6.1227514200998225
11.853504358111769
1.3737654173948073
3.7195087674420546
0.5163685921710897
3.9329446599875624
0.5720890136688035
4.518435943392252
1.633893340237743
2.3614351543246848
4.193301797944436
3.2998142831869623
3.5945526540588877
2.7311287641826345
4.169973111144239
4.3133923237945435
3.6920686676715135
2.1619232128359123
5.391554128087683
2.8519872083232727
5.260543792186555
5.878700323696984
1.8920555315204346
2.1810558360954597
12.190685348439276
28.59214413819972
12.61127989154792
5.209361481923918
11.750787559583442
7.464394909530241
3.971086976777099
1.348609501689763
3.383228543045151
1.9409302462125704
3.6064464538021115
6.210972372276453
2.1336546929284825
-0.2843045645624309
3.453677265901985
10.337111243856196
2.9481645128917457
0.6443309901131127
3.704198379424759
11.727767283589413
2.5263856474219786
2.163046566666873
0.047490666939090875
-0.18180570484119674
-0.19373079116086878
0.5365779118887684
1.2234448542212433
1.9474999932524364
4.2422166157133745
3.6006335904499047
2.1405352694213864
1.7036132584435746
5.49819521573417
2.961274637712048
2.105418599037151
2.708376395864049
0.2649172686711272
0.619347341691787
1.0305806586749255
1.8182715103815204
1.245230174228658
0.03150622048676621
0.663620099844433
2.1401977316086227
1.5214074491483436
1.5034905769945297
-0.010191060537979135
0.6951710887367428
2.2879725797458907
1.4581479139483766
-0.16877095592258384
-2.7133586866447397
1.393089587369327
-1.2258602266682774
-0.7772697984954784
-2.8677826029662783
-1.1303449176911573
0.5099290433191586
-1.7824034914816376
-3.1397915134250542
-1.22668589232538
2.5178083981120194
0.96419513060263
1.1636075672456967
4.580479561454003
11.276431607523625
1.6262913445874285
3.700685225092433
0.9953988893060669
-0.9056372100353207
2.6939469939711334
0.7066061217544937
0.04731445579497917
0.7733640888605651
1.4612245007148594
-2.990263895199766
-0.3312226432827923
-1.1573451485155815
4.272293276540104
0.3430023435605005
0.08174414624207882
-0.18091193218239088
0.4430524382836024
1.2710444106646506
-0.3742927112045358
0.8203165968415097
0.3308087652210523
0.9325333299133544
0.45604426714587354
-0.23292464771420418
1.162382315090042
2.0377449463032358
1.3661415858494386
0.18961436296825107
4.303020955431505
2.2108427895725247
0.6129550141685409
-0.08669063607407179
0.7467126814473038
1.4701366240492804
2.009898966047544
0.9650852622267241
-0.8802398116774317
0.34185085460223097
1.2526505448854361
-0.17292173927932986
-0.5757035361129477
0.7308335481634152
0.6547534824738397
0.5879017564860989
0.3080551612116058
0.8877982910716805
1.1985201571169217
-0.9576938968438224
-0.2925682355225272
0.727974380714786
-1.0822236306030053
-0.3110140090930045
-0.956536295020832
-2.3626818515440715
-2.6547879481781522
-2.0054751837394607
-1.1615006137388915
-1.8502123670422024
0.8356503855474751
-0.7736532081131002
-1.304322254708401
-1.034528435025123
1.983886379949019
0.939081225312605
1.1808137218638508
2.070527428524554
1.857550556065507
-1.484048851412855
-0.26855241179658984
-1.9961434071810649
-0.17506099533179698
-2.0293129395099725
-1.2941922702989799
-0.5648338813158407
0.7038818069560957
1.078647238834367
-0.20446340113976236
1.3155984805151155
0.35094677301830735
-0.3437617618706661
1.0384366939526768
2.76661155401415
2.039125798243466
2.031813418239854
0.039507106757760924
-0.061863556135058895
1.3021836848930124
0.17201191501447943
-0.48429749093459207
-1.2681331839425356
0.7826610867700918
2.3108533437077137
2.1974093322613344
1.5573128224888555
2.0041984015461978
-0.23323734583653688
-0.2691009199270251
0.7340380499545768
-0.5602103267418506
0.33339533262389864
-1.6345644369991823
-1.5047850733254253
-1.1774823604750098
-1.5014406570827412
-1.5020288574942802
-0.2298588735102185
0.7992703025026564
0.6381415121621571
0.9036844588831299
-0.7197735115468584
-1.5176622648854305
-2.5776236523257543
0.6265642657889614
-1.9434050967472043
-1.22574384768052
0.7851132215021482
1.3665504101462274
3.0383329924327116
0.216810284135448
0.6493158581512715
0.6305381177758822
4.161270339116112
-0.31970827187471906
-0.8266444511383237
-0.580124260100735
0.3355083835223803
0.6997680685711074
0.9308149622012258
1.5003605298023537
2.775451938480055
0.22313434048930492
4.1649788513091615
1.7214008051282077
2.653317969499689
1.1802523644889
0.5333661592825631
-1.0490763524959723
2.2780792483271712
1.368947371557482
1.1936321628430657
1.3454442270232714
2.0109213007321722
1.6784151882115204
5.5738552662315115
1.0804703685837496
1.709299136243155
2.3783392599546005
3.3141063458481663
1.9232299431465472
0.8862456620729161
1.8360110646678767
6.164692869987641
1.1185115749669823
0.5163405805373336
10.752862595796147
4.170828161564296
4.8387759676091715
1.4446439757308536
11.839796364644588
5.923785280062232
3.48358918602137
4.923769138660336
5.903096391546199
1.9415020520914674
2.8884183483168284
2.4047705449537604
2.294852546877868
6.277373785430847
4.2892827913135445
1.099273626982795
1.5084625754470897
1.4185036542545861
2.720917415995357
-0.6227624956508615
-2.4678812395731966
0.3859635907436494
-0.7318599277342148
1.059910229177192
1.009158583778554
-0.29211927871799825
1.0982019484737324
1.1310948513158416
-0.9522713117929253
0.2503134966245366
4.533647296532323
1.8925084895483657
0.6754110235664965
-0.5901345619152321
0.26386795320087586
-0.08800813834859689
3.7245344478371165
0.8532064442276244
1.5340069596623254
-1.1112690960211413
0.6701485969847366
-0.0019145126137452007
0.10930113778715322
1.5525539288379737
-0.594618941682064
-1.6611119632644207
-2.0259597158382987
1.0418319861688168
0.7322371136882114
-0.24131183923491561
1.4344152689618535
1.3529741460381668
1.279542076237568
1.0532247209571506
1.1529922254844762
-0.019991652646341285
-0.3315922287317006
0.26652320836735965
0.15831055990754472
0.25207037188340164
-1.383608756018373
-0.7431737653952428
-0.16844537013458183
-1.7243823619292948
-3.4331066865777746
-2.3373615023491943
-1.791324975549546
1.505833839787679
-0.0886706514343385
3.717561100288941
3.215785525284798
8.22840334673182
5.104697344793415
2.8994220311785135
2.6932640312535603
1.796313130551387
2.001929504248719
3.232704104756151
12.171187053053727
5.3349102002854325
9.366398102566261
2.4042943860718333
8.778268337501917
25.52742588938042
-0.007410628138478037
-1.663895571795682
1.9360624588246018
1.5233855030123977
1.3415778521676835
2.1197753341402317
-0.5879627674214074
1.8080124017461037
3.8770033999982036
0.9756061504743972
2.3598407589820543
7.950207447833657
0.15951914392115207
3.523085559041968
0.9174670206124687
2.9765858716093136
1.4055319351036692
-0.9545518801181527
3.781031498132125
3.725232385090161
-0.5047353540771169
-0.36713481918294955
2.951739104606412
0.6232804479422565
1.3027501667478434
3.0909682710318678
-0.8573010156884324
-0.5632155691750789
1.7021728922688508
0.7108179072706549
-0.7946039343726963
-0.031107221935317453
1.4371801707476677
4.170864429785608
5.697777458225084
9.671417044621116
2.3124411198358352
-1.3166307306491283
5.267139181160155
1.962987416787573
4.305237379436626
1.568792399352965
1.2828693758900704
0.8539451746728862
0.6652147286267927
1.3068963645899867
0.903404006764382
0.18916000959705248
