-0.6413704932187863
-0.7341633565446583
-0.5923080283617496
-0.5241214008715678
-0.5468078611995051
-0.1684512811694958
-0.008990998165987252
-0.07390194692475115
0.3966348672649983
-0.5312860054208306
-0.12767048544268306
-0.005015793963760007
-0.40526871958345884
0.175629839626886
-0.792362265868481
-0.6698851243032962
-0.38029805041333214
0.20487763146850949
-0.4847014816001709
0.00459975094858589
0.38252597373583963
-0.6201234645581307
-0.2810935341436833
0.19212948469563684
-0.6838306355650001
-0.6475223275032542
-0.5561509057589904
-0.2127285688074714
0.185122366790882
-0.7935891042232841
-0.6515053926062719
-0.0722145634763802
-0.030728015268591424
0.17535063226250747
0.18717054105590852
-0.05679798358977384
0.31579491542157523
-0.3872845941913015
-0.2452503160640981
0.2223882276577557
-0.4137026861617403
0.0668353396382858
-0.05784881112649898
0.10679996164410926
-0.05978048078627878
0.40878618215492457
-0.44341120017441055
0.017750612563105866
0.580811215249821
-0.5442557664345639
-0.4976037941748296
-0.42633800407292144
-0.3346569779705528
0.14294431090834264
0.5547044465561131
-0.052632903356662764
0.4235113733018715
0.019634126318823927
0.7280624805086551
-0.2164943856053215
-0.15427160957272393
0.2550244321555882
0.41192821306039284
-0.1649864236817083
0.426300072187379
-0.1351873230329527
0.5243083805658046
-0.09784173919585959
0.20392753164269684
0.5223349664598701
0.015934211070755988
0.4140794943564849
0.20897102616559451
0.5265970953729661
-0.21426336668876278
-0.11236748766368251
0.2627631291096708
0.45739152165000596
0.16535146012369376
0.45800931774469633
-0.4918415012042344
-0.14575421442578512
0.3782086672557703
0.18778352910033416
0.46291137897269535
-0.6077246785954566
-0.5170777622471675
-0.3631662754527316
-0.014033011538098869
0.4663467965233219
-0.18802507492393905
0.14857094165100965
0.2865551590854295
-0.27549247254887926
0.2745117374785991
-0.619714797985474
-0.4462419326268604
-0.15641072877288778
0.3697275780445112
-0.34925055454878917
-0.12582828906518256
0.28795211796433445
-0.5791061125992883
-0.396525171380319
0.04194366273826239
0.07556785395450866
0.2145123887508856
0.3200506997051135
0.10228800366418571
0.2877504179318067
-0.04878846156828101
0.43327362347297915
-0.5796428172845381
-0.6035556666765363
-0.5879488751345964
-0.6637324537209386
-0.6435020159625957
-0.6205551585025945
-0.5038511147223883
-0.41431134299911976
0.3420917506203466
-0.027719149497032927
0.3946658645049438
-0.4699424134667681
-0.31142625845835914
0.34428969718108476
-0.4976092184237213
-0.20587268774725892
0.24105650985977892
-0.5892707661150445
-0.5456927107144182
-0.49749371088559247
-0.20276371925909215
0.25941815011464203
-0.3986699569136756
-0.09441887418974307
0.4069890907226241
-0.6275332581118452
-0.6251314420834881
-0.7842052081696358
-0.5392396935973572
-0.5579540683128204
-0.22786084255064726
0.273790757720426
-0.4237384500830317
0.007542496943324928
0.07305044850292405
0.018219428581424474
0.06907537957793847
-0.05206647922697663
0.2879355920300434
-0.660767046371433
-0.632793721648635
-0.4083856774425997
-0.014835657598308183
-0.33836608894491277
0.29166200743198084
-0.6657951649022946
-0.44054057999510154
-0.08046561678237736
0.15217799783294755
-0.4880653639132747
-0.2176040524599688
0.3704653700369191
-0.7010482246085314
-0.6823523769804156
-0.5850516818254372
-0.5359414461537035
-0.5457765233483893
-0.4517360982412261
0.15386230950997898
0.15391968408306284
-0.14659931181297453
0.40781159845509696
-0.7076420899681999
-0.658207147360577
-0.428073249798745
0.09443729622538616
0.058669312754163566
-0.033990162734583995
0.11069192379279752
0.09784414930685498
0.2514756097419809
-0.16330119260967818
0.3327619444727484
-0.6533544222774726
-0.6755778844962084
-0.3714196614348366
0.4130449617522097
-0.4018281196961159
-0.03404501167085261
0.10345229185987354
-0.6472926204550602
0.08771097839016839
-0.647676887202224
-0.06391924323727516
-0.25505489421297073
0.09556764638486387
-0.7111176040297909
-0.5331143594434528
0.14361203053303598
-0.03345902692787259
0.15133228081811528
-0.31864848366874476
0.21329921405677632
-0.40602966850809086
0.3237861267252455
-0.10768933228515193
0.4463355048137061
-0.3671250148924499
0.02253547444671722
0.1761914551428539
-0.31335533858935394
0.2872898853671499
-0.6910251118258638
-0.4658542603410502
0.10338207982215128
0.062241410172991146
0.012862389100318394
0.11601808923528631
0.21899260974323995
0.04399467139497623
0.19789064969583714
0.07340401909189646
0.22552806945030343
-0.3826117522577225
0.17339091595130493
-0.21357584050751965
0.3514404151336844
-0.6967748320184692
-0.6324969001960454
-0.6390717358900084
-0.6051128411288978
-0.1873361747459071
0.12274684193916419
-0.6475668896335882
-0.1923792943647355
0.17189450801286354
-0.7252673233602267
-0.5200580846438032
-0.061690166062946486
0.4151093549318555
-0.418875266917959
0.015697591746140695
0.42441566996835106
-0.49305951713260576
-0.44235801506127925
0.09632245306451825
0.3876645812242755
0.07297438669584795
0.30908701841849595
-0.5470095153561425
-0.5855939448425889
-0.24935544594938167
0.35306486259531633
-0.5639383123072097
-0.4269041408889463
-0.10282445979327183
0.23967519940984833
-0.5783216387243749
-0.40928659946422885
0.1392147312074194
-0.42104804395857687
0.1859295630668925
-0.4616070669958733
0.1647250894094794
-0.3266437353507244
0.2070194418810986
-0.7010266509862118
-0.5466780784424519
-0.09046075849761204
-0.10824364759742763
-0.05144826508799455
-0.21832251037921627
0.1742096436726669
-0.7558082812241951
-0.81172346416662
-0.41662920837332773
0.2063848983574205
-0.5091081864581466
-0.2960578550763203
0.15188686284895025
-0.7292977564339487
-0.7360573634221275
-0.5698262221935025
-0.09268066363650483
0.4382095016751493
-0.475571800985078
-0.3327972368124281
0.23169722105060836
-0.7266249314959718
-0.7091482307060741
-0.28480684489992414
0.2259250699995204
-0.3658098329259625
-0.024694755214135944
-0.0030081415756512686
0.1949518326094376
-0.21767973885579311
0.512744596350302
-0.6010000025370129
-0.49844047349902515
-0.33043688381360886
0.20445154159226067
-0.43297316738111835
0.002307054580821921
0.23883030814545325
-0.5156955023802382
-0.05743209301342639
0.16293486863217116
-0.5692575712750432
-0.14835477763151944
0.1097833102547785
-0.5985086544722331
-0.11219974070714536
-0.0897211599239705
-0.17085590277037815
0.1339767072032409
-0.6670352052963673
-0.5507681380903495
0.02301064846227499
-0.09428458657302433
-0.05995128581005285
0.015386594507378254
0.05344311022412665
0.07688769704484816
0.02572437832021074
-0.16809120493630852
0.2428022835924518
-0.1831196448919523
0.25316229148182984
-0.5370725012676489
-0.1662196325200736
0.35009819831772837
-0.5271863435251641
-0.17474120268534762
0.2002018004740636
0.2986267754134313
-0.32429448744495987
0.2206829131205113
0.32162798329110875
0.34963760739989025
0.16035428192420365
0.30116643214302063
-0.0947374405263363
0.5657841731857072
-0.37136277732168205
-0.18963444635761634
0.34064777590997736
-0.629875089038417
-0.5222621362933075
0.12437266090330729
0.31793924054534417
-0.5306760967936781
-0.29978574376805256
0.2562030975106773
-0.39803235520666935
0.14906037546047438
0.11566784274871339
0.038749142956402555
0.08068914111816472
-0.14846896009388338
0.37587416011435865
-0.3401465825191767
-0.037029679673680344
0.37829481559485034
-0.5395246135059919
-0.3184826118648003
0.1395554488524376
-0.3924763167118765
0.052777142955029166
0.198880528285464
-0.16095120370350335
0.43214351933351774
-0.5549602342130406
-0.5248983719785213
-0.49767676465836475
-0.11725161325575979
0.38979358372414175
-0.5353182197185635
-0.15373532958806824
0.33141454000992887
-0.7743158611738197
-0.646298358961287
-0.6715147655814122
-0.5183964389055804
-0.19054081419955599
0.31119844787788914
0.16150187270133723
0.3426451577227828
-0.05686220524032444
0.544568880172826
-0.3312312128129294
0.2278155730700438
0.8576394167033397
-0.422157734711552
-0.3104305451305288
-0.33793568866131435
-0.07543867592200763
0.4800623381090509
-0.4728357026440555
-0.682717585801209
-0.5808132503940895
-0.13718247131509767
0.33958385061691687
0.30845795997304637
0.5684436272294398
0.3710311066455587
0.6292748613528925
-0.03671245631231154
0.3325044815227312
0.6023879460054915
0.2539306141983701
0.6083637115614717
-0.40353118162573176
-0.46316956330541514
-0.3724746037474028
-0.2876855524736466
0.04862142833180072
0.5646262962035418
-0.14992258415611165
0.12297513466738652
0.7436459961908224
-0.0627318529549813
0.07179513894052335
0.44408565045293436
-0.3454639102553906
-0.1831054678245237
0.4297972739302946
-0.08067062512447207
0.6717562082899764
-0.3349147407285993
-0.21394118037752127
-0.11422195130101528
0.16382203114831595
0.5292784922460597
-0.12371683316736115
0.1816599780065048
0.4608465266791878
-0.2031676055283257
0.5266139892906374
-0.3020015762533586
0.29487221622570714
0.326341719334806
0.07930464148266203
0.5654514966436586
-0.41216853275483945
-0.31828863550425746
-0.0966547228921485
0.33179372718223765
0.06508684259210076
0.6425378291992699
-0.282524488420422
-0.2819007549298325
-0.2629306250721094
0.03247592467024969
0.4212705946689963
-0.5633336443689556
-0.6665243250560136
-0.48648221699503497
-0.2869927212395664
0.18904165366524966
0.39321655072530376
0.08347534992110206
0.45905271785887364
-0.33968302432116215
-0.3463359514970087
-0.005381930429997607
0.5512278556589673
-0.4475870888047736
-0.3615822294166428
0.12570132049989863
0.6105215276796977
-0.3346425424246999
-0.006777354684224798
0.743094794377499
-0.36241662991174206
-0.3876717211334457
-0.16556706288442918
0.1477254153937862
0.5846679980779459
-0.3100085676111304
-0.012595945338597009
0.5523486586796263
0.21773306159038847
0.3236916994776131
-0.4555936048076675
-0.19826248441174363
0.23870567603403986
0.7137639163990673
-0.3279927963115218
-0.3590580540048024
-0.3792270320752037
-0.2171633366971825
0.06698750010147297
0.5608450604698771
-0.4266768037291742
-0.3217188242149588
-0.18470378958293435
0.4369070203495461
-0.012492771903638858
0.3840404264532606
-0.33818662810726113
-0.08908161107696447
0.48023286251127895
-0.3449786068034661
-0.22403288418438483
0.28330158962891255
-0.10311629300219348
0.3762485892270876
-0.4512395214000043
-0.4224720290689503
-0.0510469469132534
0.057018712728830495
0.2506943030817915
0.14601500747091253
0.16782192262323772
-0.23221209388033706
0.29457762505215707
-0.08850084348444671
0.6095495073082486
-0.46552606103189603
-0.5414108451370623
-0.5397091927859912
-0.48937246971316106
-0.35691692653589846
0.12811321523019475
0.6486393539688822
-0.17043801558933974
-0.24512331843297597
-0.3681961325002574
-0.22452712392116728
0.14217424039455281
0.4416611500001158
-0.653419349750661
-0.6326851409519395
-0.21194805529506397
0.4479594738062458
-0.173530907711372
0.42059152710944275
-0.09867360183365535
0.47349316358671917
-0.3761282522460509
-0.2041189441441409
0.3133318022747317
-0.3276979790732907
-0.14540297386472062
0.0872437002477609
0.26676906142849244
0.40409479406608034
0.38629644646763006
0.43605254525611326
0.20870740827124656
0.5367115714991197
-0.12567652085426884
0.4618033746079982
-0.08418312270125529
0.5082957595277855
-0.428658183887444
-0.06662045450276513
0.6564701127366945
-0.4766549163541853
-0.31650458579513524
-0.06134963883931657
0.3007855038893221
-0.623662264900648
-0.6938774377781802
-0.37747930534593743
0.03132888074799714
0.35784586239056937
-0.1683551223514408
0.43080661020896477
-0.4219017022657805
0.0557548785919606
0.47973115137634703
-0.4443915736852974
-0.3543628310641632
-0.019845120417458815
0.3918115028150631
-0.6089246461691797
-0.535107666212207
-0.4462431312357568
-0.1581537421582827
0.44710640874520385
-0.09615171189242136
0.5948227540960863
0.29162395500241867
0.5388033700149278
-0.22584821791888102
0.37204269385935723
0.20176858973017253
0.43653771281413484
-0.14111186484671473
0.393074051478577
0.5491813611976307
0.2938250327148181
0.46994516177425405
0.09597387213095789
0.3792135091940194
-0.4047213113301296
-0.1753261207544393
0.08674077649451346
0.6102553224387917
-0.22798935430918252
-0.13046167272768583
0.5060890264216644
0.17687220112561367
0.6574617745424861
-0.46609259211563975
-0.07609280418274067
0.6097904662672731
-0.4475179933207305
-0.45332097287140677
-0.3575944493544633
-0.13987714847747035
0.32673117386531136
0.46670615841098234
-0.09744339168863406
0.5147986779101626
-0.33227125144727865
0.10621894903778953
0.5255915575040757
-0.3512437817451399
-0.35373068593564283
-0.12887108636866912
0.24546271873621728
0.5447034920611593
-0.10837446906376835
0.4112611526102048
0.14290535935650475
0.7325612726120423
-0.20406103403878606
0.03010860025801708
0.6537787664340031
-0.3911356733531166
-0.2238299440157986
-0.2628508121136751
-0.35583643450001684
-0.23131145818650856
0.5264470358502011
-0.3034828340379226
0.17459127790149584
0.6163581449587225
-0.3906923425277956
-0.3871091650078483
-0.307432937242345
-0.12061555631528664
0.28892795877525984
0.4438950705990832
0.30431993897754583
0.6154188131404298
-0.3022235402332857
-0.21895155818944553
0.4877023062092919
0.2769493607403709
0.6214675805969747
-0.03724676756560613
0.5196908599870342
0.08803017434372491
0.6371693937262092
-0.4989415838975805
-0.4371296717878702
-0.3281502932743462
0.02149313112078402
0.7497230652493033
-0.3073201336443617
-0.1292552931554842
0.19338545705152568
0.6970652866166589
-0.3311779134755923
-0.2146897654474216
-0.07617455781614604
0.4701724726721743
0.638387479045231
0.6672220196037582
0.5141135096378058
0.6956030615507978
0.00965146108853096
0.5697671287448804
-0.07330734218802648
0.3692031223972399
0.44418335940852083
0.3142613423000562
0.7324647036960859
-0.16467469443030525
-0.1871000704967304
0.18868037916096025
0.8116249540090781
-0.01831096257567527
0.11425406414567749
0.5421721820290276
-0.11818331353830405
0.2498398714408856
0.6027597042185411
-0.2249297120952725
0.1394165037122135
0.5857384124552516
-0.3210290098383235
0.06337072811090586
0.6127465276415803
-0.018446123625448167
0.5127382382472271
-0.4705994295708583
-0.2697038532379753
0.14659617128607
0.3960193721009511
-0.037022259489853965
0.4371217120597919
-0.10580522565780368
0.639866445617996
-0.23226605111851073
0.3136517186697479
0.47608351574970914
-0.14104408836590943
0.35667077121652363
-0.4728785861148676
-0.1257790083271675
0.3564429935172296
-0.49287773888823566
-0.0766676968705739
0.4268930883179307
-0.3739894684856949
0.20421449075798204
0.24038912634879162
-0.04812353493916366
0.3925639087857254
-0.5035952859182571
-0.29960364882663276
0.12854666640575663
0.2881674116416114
0.08049105578614844
0.5499089252514354
-0.2710564475730237
0.36186571366075915
0.3381159483427538
0.1850098945596379
0.37028087799345955
-0.2571967714645253
0.4742232072487912
-0.22375627192362496
0.4546590611862239
-0.1874290777756909
0.45049635592551696
-0.2583030412694668
0.3838180207937249
-0.05761595555891992
0.46411410430490374
-0.28968566682975505
-0.25469442058684555
0.44988800748803337
-0.12396681436822633
0.5636340242036568
-0.37453667271169333
-0.4092105554137266
-0.06578623494962381
0.45153441405229583
-0.3534100276384006
-0.12429768957169188
0.40118914023086416
-0.03538048582785293
0.498387125184382
-0.26886570687139444
0.009533616478281347
0.5917444424268787
-0.5352371642718239
-0.33530810343434103
-0.4901972448731158
-0.4428803080637449
-0.09981351888128913
0.443069749740022
-0.40192530497280754
-0.21097201765432305
0.36654888698783683
0.04315088068138675
0.4868872104598454
-0.4790350054565476
-0.3809616938298134
0.0006985112217585496
0.47520678481652395
-0.4519163904359915
-0.5107230583805098
-0.5832685304207075
-0.6638359380709901
-0.403730745517317
-0.32422960286871594
0.10639249730361677
0.3960513995387102
-0.4125149483896626
-0.14053457300173888
0.43116463983903924
-0.5017213907476483
-0.3816264546624773
0.059391199907183986
0.3558237712874387
-0.0028123885957467842
0.6285212506920789
-0.44124521451525167
-0.5475469201193652
-0.5354926711131112
-0.5201474125553894
-0.38420221006228
-0.4160096477944995
-0.10559427576270221
0.5049934801978031
0.12006801336914902
0.6875936423135062
-0.34996907961787593
-0.3860271249142869
-0.19110924697544207
0.2995161091650645
-0.04846872414423943
0.40328474242776763
-0.2965146412730354
0.16138881021775422
0.3497644918878833
-0.019250625304414733
0.5346726822269224
-0.4233992526078046
-0.366703213413753
-0.30079086781422737
0.2394565650926561
0.32838827893544253
0.2892073628923257
0.24262606693441066
0.2002005818602126
-0.17073772820193783
0.5785514342432859
-0.3056781312685959
-0.39838136048332484
-0.6217081097662547
-0.4972015000669474
-0.3723026402343969
-0.1403821907743904
0.48140395079069187
0.11990128253437518
0.34318455026904804
-0.4307456760568258
0.06002640671302257
0.4175123342317767
-0.32041877322215806
0.043759701820652266
0.4707341038523194
-0.4851189616487086
-0.4516346862605517
0.014122177377385317
0.5879993152471177
-0.3681153604111942
-0.4465514901755011
-0.31380828660639026
0.07375861035035132
0.4632927382888178
-0.14856538624141877
0.45604353533044617
-0.4357628926795459
0.1241751025900888
0.5800628077388997
-0.18286808581835134
0.29669567946813363
0.7588330780472947
-0.31108589742973963
-0.12886142398889594
0.2279565683828353
0.5835404826871007
-0.4568852164558596
-0.287278725295295
-0.03130261211465895
0.4727160597932355
-0.3342222370071737
-0.055085642249940336
0.3642177779740857
0.08407867358133761
0.6227019769929012
-0.23774433999224145
-0.16456966347876192
0.47752368778963616
0.5240277039613739
0.2795475537789335
0.6841365843995173
0.13728746961496516
0.6890813694411153
-0.06560288357384739
0.3660631923996653
0.26377515427563464
0.42101347579974896
0.2660120962124427
0.310139201373833
0.37680595126287536
0.0991032344711392
0.5030958230494145
-0.38910793104117747
-0.2886813764055904
0.13719079214963503
0.7083710495852789
-0.3112797432135224
-0.07439074284488946
0.4975279201717874
-0.3085061116743083
0.020690016427268504
0.4822940808824016
-0.20940524007619887
0.23289155500768277
0.6459908015744453
-0.42982997315401533
0.030204059129122163
0.5895715237292192
-0.232020421414021
0.14886329822985794
0.6371440384307849
-0.29739205438788097
-0.19880492163213598
-0.2165537931576324
-0.02414817467200936
0.29720259075046096
0.38965596168466465
0.2039399473825215
0.5254131312064517
-0.2545513269246647
0.33826783180603603
0.5848796207556317
0.050559992174029844
0.5883922146978879
0.16413127855441323
0.5331196071972696
-0.3869840319268202
-0.029253769767714127
0.3378699939056405
0.016606815681584314
0.35367073485783707
-0.38306435109785064
0.1478133702623624
0.4088642657841747
-0.08262494599056053
0.4627941512715843
-0.48018964253479374
-0.3577519312807038
0.06773068965208298
0.4920046758338982
-0.5513249921923513
-0.46866698332194723
-0.3318337541558632
0.3834104133529399
0.6031591716142574
-0.20902650392013242
0.2748094104634288
0.6966335433925359
-0.24746864567443436
-0.20575864306370012
0.19976440214429136
0.5495760714903144
0.15444407768795093
0.5020274385771831
-0.5392180972256824
-0.43530588714073676
-0.10759341391007508
0.4089093205506572
-0.42065441512287877
-0.20547762002057024
0.38050338205769035
-0.7416685399796066
-0.597409976760884
-0.45820312101157545
-0.17459882508087532
0.4434655706385686
-0.5907306548881514
-0.6840087667339031
-0.642791180596058
-0.2635979500143373
-0.0958700708114007
0.18377783944760753
-0.4101502359520407
0.35722215977431193
-0.3692840662660378
0.08008227730310341
-0.20322722154284978
0.2929980598882739
-0.5986455817006902
-0.5688881151495059
-0.052869880228396685
0.26531997575124844
-0.6689085748110669
-0.10944613168937534
0.31594416328393976
-0.5088964786410004
-0.04145610866138759
0.559867435329934
-0.4048343656771926
-0.18246615032728494
0.3048236894522641
-0.6818267017885978
-0.43587145100144886
0.014395846949609034
0.5451953822258744
-0.08005991239062554
0.10459268845853216
0.4065708217596631
-0.6219120599543047
-0.5177130198127666
-0.5112284102365342
-0.3969334443689556
-0.25018436444600767
-0.04564992553319641
0.2743140629267248
-0.04780172989912186
0.4620870054612765
-0.4736153903308235
-0.30617790496653796
0.18184103910240162
0.11310698939663422
0.41537087981476306
-0.17312540995500153
0.39311957971293016
-0.08974400581622768
0.5664707517599684
-0.6613349247536034
-0.8111419263842736
-0.5155569202801333
-0.40309219669463886
-0.24227937224282914
0.387090840085309
-0.01536542866641355
0.3525429826570765
-0.02792985405262033
0.4779445498254142
-0.3264060844221885
-0.08929119841811388
0.43808936369845153
-0.16568240709545812
0.19684592010791868
0.5290350196370284
-0.32259819394528716
0.20048833308505293
0.5437091848640664
-0.34697666735187427
-0.4125052440809721
0.15064354711762767
0.629193994040842
-0.17750130093411814
0.10841466668319888
0.3928934537146759
-0.29889580060122256
-0.024236036607325512
0.4720153018664507
0.5724998037092714
0.4169334837319578
0.47790161808137693
0.2173179397807243
0.6740381285274659
-0.4698574791650664
-0.3743709893625765
-0.3577527244096059
-0.07732408882927233
0.6300939603187911
-0.18536265627323165
0.38271673400940764
0.5229406517187032
0.37429770713968596
0.5881139336204433
-0.004805425310995759
0.4250043172443773
0.14423893127556242
0.6416196995916867
0.1641072377880004
0.6817090005050979
-0.17281404077857887
0.12068958000703835
0.47930340140591887
-0.3328738746464598
-0.14000154530725134
0.366096418880277
-0.03145029356805549
0.4211638767343362
-0.5270274417984046
-0.3846007324123883
0.0737621595331177
0.3512180268026706
-0.040901221328249374
0.5503686649021906
-0.5443074582323401
-0.27907175677894325
0.33950879606395823
-0.5945452443194977
-0.36200392426284633
0.061288917202961424
0.1086255136965052
0.20867291141746483
0.18315028430275493
0.11140859924707883
-0.02871238761725231
0.13638293238983618
-0.2442832609441572
0.2793603428746894
-0.5156952863268853
-0.36250853160309915
0.07498954386831076
0.3079493487141962
-0.14259496781066808
0.29155932792871997
-0.5578262715479648
-0.5139472925122004
-0.2462027706258465
0.17795394630999306
0.04441533787422023
0.5293550760779442
-0.4562329713970224
-0.3065824243601431
0.12439673567017506
-0.10614552388117483
0.23944541285053703
-0.6568205575614467
-0.24767952859970083
0.23989991554168238
-0.5881276911653648
-0.2554917989392166
0.4864631634362858
-0.5526895140480734
-0.47033695911214835
0.16480888033560556
0.2465148259517465
-0.1343605853490108
0.6203372958334257
-0.61928707687795
-0.5708954051198181
-0.5017487716322465
0.261294118629602
0.04314960274354325
0.2457422865981
-0.24327427921436315
0.30188442322449915
-0.1120375499598732
0.2944482061319881
-0.562174410328059
-0.4776518599187762
-0.620086182707331
-0.3862879571954836
0.17141460530152097
0.215869062818046
-0.08087175133179905
0.4658718754526733
-0.6564086858492001
-0.6313037088465683
-0.5571254729775936
-0.595136493689357
-0.39805813804139983
-0.10597520665943788
0.3962925734280327
-0.5597154178433289
-0.483179761636667
-0.3209542082391197
0.19973749300450155
0.057968171975547794
0.1994611727399209
-0.06919163084098912
0.24985711824030116
-0.7017758692430341
-0.6252262704382237
-0.24972578743414997
0.26432681979561395
-0.2490896818852705
0.24627173380118283
0.19031615904928806
0.12528801828120484
-0.10876101501594157
0.17219351049011655
-0.5808794155374459
0.10815945430496912
0.09068696065299145
-0.022249865756412884
0.3752800046217114
-0.36544538875499644
0.3091406412864346
0.10482282287960713
0.5554694417847257
-0.48727098727816975
-0.49380051273099834
-0.38957792459878304
-0.4731906075893471
-0.4719414773005332
-0.4958236245211527
-0.35874129630750223
0.25402929172805244
0.29299631525557235
0.5081874864866622
-0.12112460462899136
0.5800616639630569
-0.2091367518773714
0.08400576466688561
0.577068764854826
-0.6960897796970478
-0.5686579516584609
-0.6917753020014998
-0.4907553601403789
-0.02330264589139585
0.41222048753626084
-0.5444513153060213
-0.5047773493712912
-0.236480182395042
0.4235725337565044
0.28111705066974435
0.5503209590572057
-0.051120515467985114
0.44595754318931435
-0.03176773277720081
0.5573598324218205
-0.2221509896328464
0.33006442155962684
0.34474005639356187
0.10475828047780965
0.3950530176869891
-0.4383283565343471
-0.20510606631380593
0.2933170708183052
-0.3416253869184753
0.2645437220551515
-0.18238234918800764
0.5414875471236159
-0.4510960787458911
-0.4645246619674857
-0.31771836752070554
0.33883207674446025
0.4501070751367382
0.3458842343733815
0.4606097969343379
0.379384382964807
0.3096893305715085
0.5318592897271477
0.10942106515106596
0.5778031566063943
-0.4579365402514302
-0.43326161199416974
-0.30476985990120253
-0.12900010266821077
0.40922758742860676
-0.02757510852025505
0.3979209888909488
-0.46355620871409353
-0.27892164654205215
0.38480655291645893
-0.07469720414485122
0.47470797458166253
-0.37610573124918345
-0.13700112889891236
0.3882899339632475
-0.1718184644775873
0.47242444758464197
-0.5591374110061649
-0.389355247811338
-0.03068909304679998
0.4354025849136446
-0.2975780499563661
0.27376391967671376
-0.206126570709068
0.3673956386443814
-0.1291161069469837
0.4139502246766012
-0.6986646422488237
-0.4076562864473332
0.1371392045763704
0.0518211108116569
0.1862642407421989
-0.45595812609964753
0.22096783402198333
-0.5526161401510701
0.058921353851416336
-0.19431511587568773
0.27026079413534343
-0.7520078380039729
-0.637648332283825
-0.6338154604867623
-0.5435689720012337
-0.24670832077353988
0.268867985046528
0.11775259487862261
0.12438791399520643
-0.09499525745478102
0.20902932614652228
-0.2484211505760544
0.18973675381347213
-0.41230701021489885
0.12487030454476034
-0.45098809012229263
-0.27997918836004404
0.15518004446821582
-0.38052463840269013
0.13336270906672498
-0.35300078794873463
0.29971367859618586
-0.04962478732055106
0.41963986741544185
-0.18991180250169545
0.23908464964559412
0.30088396725058897
-0.03684558924033829
0.5975303851569564
-0.3775086641626704
-0.15179028972551378
0.33667498943605834
-0.3207104916097965
0.30970088620817576
-0.1829368212570323
0.5924593887408446
-0.25065992914338125
0.11430827099420829
0.3127658102001628
-0.30006043989945164
0.17241945818489307
-0.12871101987327105
0.37951450836608247
-0.5496894732217195
-0.33761634672082047
0.24549961698762887
0.2933950977190749
0.15428091955903356
0.2739307515869367
-0.6927811527601504
-0.37592086327317104
0.1403795546208756
0.3220148031266154
-0.022452687308903155
0.5017008476916336
-0.6408948484464922
-0.5701662329825893
-0.37319082422018474
-0.11152176470681584
0.5415290004874433
-0.14267357369279351
0.21540495121909034
0.263568737970221
0.23570609935325246
0.6070942727348935
0.12124684571860594
0.44624956323671383
-0.24309775380794182
0.37546224009809775
-0.22240725473701262
0.47979898026523843
-0.20280434904410963
0.27886627111093343
0.12440377001719988
0.1869947490970011
-0.14947410113230478
0.5338137554861268
-0.3346377021479512
-0.39415192467265325
-0.5977119370456945
-0.48204535781426966
-0.23950390494617343
0.3304937744608194
-0.40885975811749314
0.12438566920528588
0.3408777242386414
-0.6104105622091014
-0.24083889144893333
0.1497036661212352
-0.6049651416175077
-0.557543681760801
-0.4806781562416416
-0.43914084480602505
-0.12873698000289335
0.44134479052787184
-0.20042347085593415
0.28966985455338656
-0.5829728656730884
-0.3757030830407294
0.20112531224837027
0.3448753545595951
-0.24698369229079312
0.32563094274837706
-0.5656453429469672
-0.329477785023802
0.1632101672281669
-0.5994554958649114
-0.205066623646249
0.41173405937292196
-0.43352918824882863
-0.37610645448752744
-0.039659565384150886
-0.24539001382920644
0.024619278542229506
-0.16916377813117528
0.30498675134474135
-0.6217427437888767
-0.41991131473917254
-0.18905567104859586
0.4229125194664066
-0.08781674405321746
0.416487755040561
-0.28976129658440414
0.19956241908223454
0.3651365743938987
-0.09298912718202483
0.5875759583393084
-0.4161321885581298
-0.16804194636271608
0.13412479075198108
-0.7246303621184992
-0.6000195242657788
-0.3576240760203075
0.20812860999208718
0.29832112480229694
-0.20446385512839474
0.4527249704358406
-0.33935273530422905
0.029560271035963134
0.3554175227491032
-0.5824177195148798
-0.10223797186797494
0.3075854640079425
-0.6414894271872325
-0.6343207651096061
-0.7507048002816267
-0.5549747704420426
-0.06315954777156463
0.15573764456193295
-0.3598683847849852
0.10691753254671107
-0.2401518138193528
0.31319845691123205
-0.6775293336345803
-0.5457872978093593
-0.3806990286994269
0.0718177292073788
0.4373610331273985
-0.26302950196063096
0.16473568922584617
0.37687277099607003
-0.2893822565864246
0.46594811225830535
-0.4232168718595948
0.07486984554812148
0.4692150731684727
-0.17822729663278328
0.3531136316980306
0.22256338315146793
0.5503265621198561
-0.1231320305781711
0.25050298491107365
0.3769627376773731
0.36892429805739346
0.09470236844228724
0.5617269999113113
0.058402266304592804
0.5008558974929568
-0.4202452530769213
-0.14713849051412492
0.5863432406495986
-0.36811588015224506
-0.11595696636648942
0.4635791416229484
-0.3095823567717075
0.06204786035206972
0.5208664023377123
-0.21853468230161913
0.10437156578331816
0.5012486161333771
-0.20882212937843758
-0.24605917968939547
0.175178860969559
0.14744602517363775
0.20240796746194695
0.34393704395774594
0.2435078725304433
0.4189602669235845
0.3271681076985401
0.4659380759220226
-0.3916341217934586
-0.17150147059342868
0.2650558780512138
0.25780122018718055
0.5103378284968987
0.08493982855273527
0.5553860729372557
-0.5520242802706148
-0.57080594342711
-0.4484300268608594
-0.34217417391852545
0.14289090071062585
0.6663617756800743
-0.14997218478134305
0.339447163819068
0.2559891053389221
0.41364659809953663
0.4163795417432503
0.7717801374386954
-0.03938251919255825
0.38699025317880564
0.6283142293950363
-0.1316354688053751
0.4301629981800578
0.722223283750006
0.048532432131729225
0.6132042085013704
-0.33662509445013433
-0.1513606790961744
0.4101729822157374
0.3554500122684431
0.4376902030657685
-0.021492254238123745
0.6294194650935518
-0.31046810466426045
0.048176410139814455
0.5151630850057183
-0.2855838767160234
-0.24217453775214157
-0.16909305764132773
0.6125170269066561
0.11514015027875392
0.6606080760221458
-0.24198260771809996
0.3198077597125323
0.6471579753766684
-0.2877467297664248
-0.03723150283191781
0.5274844686077986
0.032015593991938956
0.4111812495865321
0.24844615386490543
0.5051685968968591
-0.1725662831306936
0.40080437608879316
0.3689177113710961
0.18600848179934776
0.48885435288940654
-0.43084666586970116
-0.1673785397210233
0.06124794688717619
0.5868503771125504
-0.1515316134113342
-0.2779917414320084
0.03446050287296881
0.44190720830539443
0.5080946813050738
0.1340048372678853
0.5645715582646144
-0.4928206442931188
-0.46471425933603827
-0.38530427657293875
-0.3118265233025597
-0.032767303735050206
0.745625484043823
-0.19934137495942608
0.1153423320891305
0.7578078839665413
0.503725007761253
0.9433061290580028
-0.028270050880277953
0.43509853556506195
0.6454785785177342
-0.1765143313873629
0.4090178267095718
0.5078304347018254
-0.030008240859133985
0.5085956077880393
-0.32638923563992495
-0.05353187036540011
0.5469553293748297
0.44557291856706627
0.6955426412500647
0.21607333868631895
0.7384321664339311
0.012198580713459362
0.2292833006864047
0.7454117283734518
0.2210210736715185
0.7093459513583783
0.21914368021553737
0.7448296863906825
-0.18738600887063467
0.12102321568119395
0.3959273130821032
0.5090255467166789
-0.26082038123109547
0.48367657170747475
-0.2750929406524137
0.14174079411161974
0.6329011673520915
-0.2611063441088094
-0.13044836151136896
0.10056932671026886
0.7134346225419181
-0.17474479536505966
0.010929046309840984
0.5762311482379789
-0.17708043496770787
0.2695870612282929
0.4648820595539501
-0.0909081542074027
0.6479900528352854
0.0004415424041967486
0.38145446680187256
0.19708576985255652
0.4608173225523613
0.3992164519718646
0.63236001192378
-0.09959382600058549
0.5477345283040097
0.0007245531575036102
0.5603242272013937
-0.15327441779279366
0.41515401054368495
0.11849311782387317
0.5768055751964284
-0.3291263532841007
-0.3373300651641915
-0.15543646802720928
0.390499470596941
0.3069885125270441
0.6235697384218128
0.13805616454823588
0.5469753375411945
-0.48948024042047406
-0.5207953171578253
-0.38987193004713433
-0.3594443491465026
-0.061197322268303406
0.39492730525703906
-0.016281948208469232
0.6217677303017016
-0.11221274075432647
0.2899652596201523
0.12207943055264518
0.3714696211233722
-0.026064368560400973
0.555055971102173
-0.349074835082264
-0.44404525090861613
-0.08989540096286744
0.5632196924632045
-0.3014044598082488
-0.04609513771430104
0.16459875820100694
-0.4716638107574154
-0.2155671514547792
0.4115012136919177
-0.1475430721023443
0.3941762451560947
-0.4858998202823749
0.07670653139458877
-0.07278587061377398
0.2341008889517199
-0.154180106725786
0.3414716462524335
-0.705084775663554
-0.28369633551895934
-0.33145945353855
0.10688151452028842
0.5277796338837432
-0.4081898724572049
-0.4527476384030339
-0.5573043135501787
-0.3767771523537728
-0.28670103210492015
-0.3993061274080134
-0.20404772698892454
0.09070070109909965
0.5488889571512481
-0.2986429305939672
-0.196501614305166
0.11109146833454715
0.3059230690673194
-0.0670219562081941
0.523060235136055
-0.24156416561039953
0.2447616436400025
0.2007393419142588
0.3903286614995133
-0.04184651315416077
0.3887897608155622
-0.52407725092655
-0.040807782386461364
0.3875214800483205
-0.5975773560690479
-0.3398598891966048
-0.06968673481102142
0.4542650436418034
-0.4664523735549307
-0.47031987072410864
-0.394017150060548
-0.10216789878526304
0.4137062617566572
-0.15799093297163225
0.45673368253554336
-0.30462642249967425
0.06464739618130802
0.5450947220385991
-0.0880328389552708
0.27191359957204864
-0.07018169796220255
0.4062563498726028
-0.5728849660926287
-0.5900505152572683
-0.2743644618343558
0.14795377393840903
0.3686893889641296
-0.4658553554181167
-0.28031049488766085
-0.1834126781810086
0.535758132026616
-0.0894523330143494
0.13347013893519744
0.5309662294871093
-0.29476496232981336
-0.10434128939434315
0.5471417624806598
0.03115540689808175
0.5949349178455524
-0.4436523893038894
-0.2516521525254443
-0.08268157616054644
-0.06612835628206551
0.6448252619110967
-0.32570363430921556
-0.3444658537661458
0.060010909346385644
0.4509189521527977
0.2449453700128279
0.6612122369899165
-0.23193904725627962
-0.19142211564173833
0.07378127338125343
0.5589525465298154
0.278939710817149
0.59160537775318
-0.2753122981230003
0.007879618469915958
0.6412394101144978
-0.4404412108369427
-0.3687196321988238
0.06992465328766075
0.49824899768519176
-0.37199645624468675
0.07078695572510746
0.4301259030511645
0.2982835806936562
0.6438844954556382
-0.10849946519360235
0.4786377774685896
0.5233873264101285
0.3563542800224938
0.6512218752326782
-0.0705062369323153
0.4626115570014314
-0.46005190783307404
-0.2519936563124414
0.22690801637043664
0.38225077132084767
0.05393960019935938
0.43969645610439473
-0.45551074920193446
-0.1670157393481736
0.15294109488631108
-0.6517959716618628
-0.1955647479179229
0.45647492996644723
-0.20490546394577427
0.26005427865330716
0.5986988825740182
-0.5238763818349526
-0.23544967340853634
0.22674712494205276
0.25751494920234536
0.2504782936855574
0.052508769796505844
0.37340560530678435
0.12631158001705622
0.5776104051956943
-0.29876552175154003
0.07419886372358082
0.43609506303297524
-0.357482282905379
-0.32096410549316046
0.13665721369703532
0.23719568994209425
0.2757069935886739
0.4228472409079626
-0.11706590085079477
0.45305332806378684
0.054494747755482284
0.5102892313534427
-0.35282746220637823
0.14698826831654296
0.4275058971242493
-0.47398959188118484
-0.395155903359063
-0.2786662514483175
0.32445306953196357
-0.058133545949771846
0.4275076809150052
-0.5743671862899964
-0.6210142532422679
-0.5098578149550304
-0.438069503354508
-0.4039198449393589
-0.37929418118579494
-0.6815394066991535
-0.5261518273427442
-0.19696818858524745
0.3556179017824986
-0.6093234441931413
-0.4993578197969347
-0.5013914433980231
-0.3819750721297297
0.007830954657950723
0.3003708129872735
-0.34833190889639803
0.10615095791658952
0.0688510139534358
0.4453318113423797
-0.20756433611151848
0.3628600940771857
-0.14552989283873738
0.44222973115939085
-0.4337645509416948
-0.20280650685127075
0.0906972826226575
0.46857998466490364
-0.2116634818511168
0.2587646827232539
0.3981530013478492
0.08369277238751693
0.42261107997713354
-0.2797439835563804
0.10173495202332208
0.12411455790819503
0.06275612220479929
0.0319471834386727
-0.14405124629726426
0.10554914041774566
-0.45532812146106705
0.22393254128021156
-0.473893439863739
0.04121145089591477
-0.2556279080582292
0.26838704117030865
-0.7656028233451277
-0.6600255626814371
-0.709260783225426
-0.8179587788924121
-0.6675529508799732
-0.5346094387667373
-0.5675734008230102
-0.38049538238514763
-0.12328148486889362
0.24461759875606606
0.2996080831624893
0.12465992614124004
0.19115747768396094
-0.10991908371544248
0.3589424582301691
-0.5128618989625511
-0.045873364466574224
0.34769147758407515
-0.5487965298199524
-0.18324551721199792
0.5025551347230025
-0.5146520949069913
-0.4159248132175172
0.2305374900971411
0.2974474363259506
0.2113705393045041
0.3953727899161952
-0.11369402924729297
0.3925259205937064
-0.14563118779117418
0.40743645457081235
-0.6322210706876153
-0.7510531801011873
-0.49527057753879367
-0.13618494621814134
0.19920191813685528
-0.8367484791524498
-0.5740859152095896
-0.05594293270626191
0.11357817114293306
-0.4401825800841814
0.11105544767350001
-0.3411293079141306
0.13955902889124175
0.07194208371075794
0.4960095895171298
-0.26957272833783824
0.1486917875745497
0.19177048812260045
0.06839331076339572
0.34284829231372205
-0.5322358598420419
-0.616175047000524
-0.24713747405797745
0.19373291580532398
0.20039114602749394
0.41374657210240073
-0.03560388252536201
0.5366043532357948
-0.3796848966684799
-0.2179397590200293
0.24365087918692516
0.1407497229641857
0.3341695708417754
-0.3102213169158812
0.35659211802853563
-0.20028387714672596
0.43290216493659395
-0.3981477948446205
-0.08648431198218011
0.28113105126471016
-0.35519619491253157
0.10390614781991311
0.345492100793164
-0.3405132265401088
0.2556964745928845
0.6171840853508263
-0.27364526507569303
-0.03149888961650124
0.5555006255093169
-0.5902252530103773
-0.5886159921523788
-0.6283775465790218
-0.5398737821117685
-0.3358613693773038
0.13376331528520913
0.07246008615211737
0.27471260430414696
-0.11898360810819149
0.4354392971057444
-0.5199098681895101
-0.5777954585312024
-0.4722605790062149
-0.04966603188713384
0.22872042198520612
0.3243791857272623
0.1462835481894833
0.17554276448673425
-0.17601327556631666
0.5054893391500939
-0.41790693918358107
-0.43962945830490885
0.06557893592448358
0.3149135303209473
-0.25089867875070343
0.38920916241025433
0.008386800470801349
0.31199745726230443
-0.6874978200620883
-0.5053131304876526
-0.06964375695100114
0.3657794765340805
-0.5547722228965397
-0.5199017386280744
-0.4635466229967131
-0.4411262133242191
-0.07783803496544649
0.28780069095597927
-0.20118923767146663
0.37632949706323854
-0.40282326579990796
-0.2848263249671479
0.30649936345507955
-0.06431055711946632
0.45327008420764536
-0.43422884140619367
-0.1784499723802488
0.4367986297029847
-0.6720302286550461
-0.5208412410719295
-0.1250988851103159
0.3853912164676555
-0.5618269315434026
-0.46916045772257486
-0.2851131331666912
0.2564220335515861
0.405165202813731
0.0827928394346906
0.4621277678747291
-0.4530616787459475
-0.21048723951662682
0.2526881428213671
0.3917139035799594
0.07771026280787359
0.3123514040029832
-0.5647613414335625
-0.5166191837707841
-0.08322251353325116
0.31251685489020875
-0.2569899206127524
0.2993560891513385
-0.310692023036788
0.29104367023849986
-0.20701356052317457
0.4644076815903144
-0.10391611643567218
0.4821889902025167
-0.18534756876456807
0.2800353708803875
-0.19886512540531323
0.2720476218316201
-0.426879096879034
0.24185083859892037
0.5873220351275703
-0.38171782673554633
-0.11055068131508607
0.365114561641945
-0.0665062422580309
0.28443156456391366
0.26931022650563835
0.32074939858221707
0.296820108675974
-0.06113701838997977
0.4256792418540737
-0.5635571977030163
-0.3168161742271757
0.03142768846114709
0.43563389920085477
-0.22561502375923298
0.11264110494475793
0.4675390470576669
-0.5654371617926475
-0.27432210253521294
-0.0093590100382831
0.20074526171970794
-0.01643763813273738
0.22509288611941608
-0.31300387806392804
0.3910501989709534
-0.26465150167738455
0.32338424919228903
-0.06075105371230077
0.3970686454315352
-0.37955262702506765
0.11892610067268244
0.47946977787834644
-0.6069781280635804
-0.6350238778749029
-0.5737531445312946
-0.10680503921741255
0.5626080797514751
-0.16572385113804544
0.47859565597422465
-0.15257645299015427
0.3401540870767664
0.10804363736247026
0.462582256104086
-0.3762757861610014
0.04592327620669263
0.5431734719197103
-0.3322039791516466
-0.2583623638709025
0.24390229143744585
0.5190274886523896
-0.20757426407520244
0.04716322897015887
0.6160260970275403
0.05424233826892995
0.5542915031408133
-0.10049585622733143
0.08102849194590156
0.5828177807849733
-0.31584736384613643
-0.07895838114924286
0.4170288409918271
0.07625543442014886
0.6291683377026593
-0.26219602565199307
-0.25636996879399904
-0.2572101682310505
-0.08096017704770919
0.22146348315812214
0.6318025881099553
-0.42921377924928034
-0.2862704212906184
0.2624974908352511
0.652269051851358
-0.48780670341281845
-0.342804708010781
-0.02339369160093182
0.5373672346682494
-0.23285421863210778
-0.16285423057726744
0.306216411419091
0.15442436892575928
0.40416443702020405
-0.2117833370554769
0.28215796669110366
0.22337476964160785
0.485037621496264
-0.022949209884104066
0.5502971824646875
-0.13840246473409487
0.40413160382828506
0.23708673378204337
0.24920259171831546
0.3737398168568946
0.2129928483240924
0.479676511444745
0.10808494795348594
0.632451117211432
-0.22097558342200713
-0.07070190304278767
0.362972672044715
0.744977059542993
-0.11561176287378061
0.07271607115195661
0.4533427515099445
0.07859106988284179
0.6318071817287415
-0.3060666771702286
-0.4389835583300934
0.028214767000593215
0.5586079334610471
-0.525290810424553
-0.3848045494274461
-0.3389187760087175
0.01229526749640571
0.7114283257852594
-0.35834480032661253
-0.5565315778685602
-0.5177576745564673
-0.5601048409370497
-0.6189068891680038
-0.33033780110973365
-0.001046855069616194
0.5161411626852153
-0.4431599675310151
-0.565049333238884
-0.41108278165986945
0.09045404534945739
0.2574021465952372
-0.21498518058989685
0.22073879717563352
-0.3415906760920464
0.3521538758773343
0.15121434709122214
0.4971701646466825
-0.41848707716130185
0.11074091480062451
0.39913037672956536
-0.1343283354089773
0.38149880786411566
-0.0489033302755347
0.4906738512267344
-0.28249563967756736
0.36449566490077767
0.28770179576402716
0.1483850709834612
0.2486268834826958
-0.0668285748544126
0.4946385738890603
-0.21534650969654254
0.3420513807811193
0.33857118016428517
-0.08092014510637768
0.44642340656220114
-0.2921988275157425
0.1866882193637251
0.5566492278590772
-0.2633395048556642
0.08017501871820472
0.6273382424251642
-0.3811427192011768
-0.40118823786210517
-0.19234980666185628
0.2839979949300445
0.12397860784358769
0.511614122274313
-0.2903705777732007
0.06355911244823956
0.42759913182660314
-0.10931681281238287
0.4441012515354902
0.03579658796913833
0.6208196582091055
-0.37132226805045715
-0.22192459178350032
0.24207392771036446
0.7169525776776308
-0.12841552617416735
0.3618617504015682
0.6860831738872769
-0.22357153121018405
0.1917112826568912
0.3317579198356613
-0.19728674410762953
0.312957359130809
-0.1853489874217795
0.40163500833908955
-0.24330357850459333
0.22009177109791703
-0.2525153995934012
0.4107240951657212
-0.44804653870050826
-0.18308146757906457
0.4698111491951906
-0.07954920791086183
0.4547554347246117
-0.38705001347297296
0.15906359052822483
0.4180096233214505
-0.07486560218917207
0.39575848064349395
-0.31214517236706807
0.13255216439120562
0.4340590952179987
-0.39000241076127745
0.08569776706178713
0.4752476892190622
-0.29863513916817647
-0.1315201558690396
0.4345738247958308
-0.3639417323472851
-0.3348592002459888
-0.03583921583341975
0.40938253220577914
-0.3927111158734921
-0.4979775432820295
-0.34323953245395994
-0.3447260200157708
0.006695305540693225
0.6441683442852586
-0.12162318270746736
0.38022169422895186
0.5908397901301103
0.03751183490026351
0.7613802579356193
-0.25367759378723664
0.13196182391512057
0.61121653332876
-0.18184883937395685
0.45293751578686015
0.31703965606706885
0.42221429649768866
0.012380284269242578
0.45279763156480224
-0.46146892490414293
-0.16343552288529786
0.280896113678185
0.28545552274440167
0.36438580641351237
0.268630430866292
0.5746061453288864
-0.021096898462195396
0.5382847683310188
0.1064013783085883
0.6175135210270917
-0.26348020950319656
-0.40246027518549865
-0.1893871577768492
0.22264064357474406
0.6250437674182238
-0.3636946689429275
-0.28740209287636753
-0.1534149870757791
0.4276860320920498
-0.42590354456851964
-0.38284025210574835
0.11469772402770487
0.29073213431976297
-0.4707159085173838
0.30663695516403217
-0.48920884249472085
-0.1140217463837239
0.10789671456582522
-0.054127217684963314
0.1539462568509047
-0.1062036285116611
0.2529503187458442
-0.571354731903996
-0.3651771734675834
0.10537284149737897
0.09543030205702885
0.1923339584961891
0.24449807886241504
0.1375896615217428
0.46349991131437485
0.10875879801681682
0.5767023924856236
-0.4044800799003901
-0.4705903844752778
-0.43898495773928686
-0.43296655869057166
-0.39971194275547106
-0.2900440662064535
-0.33057919008193326
-0.41223068618717257
-0.3297573916341012
0.13337153365047882
0.47833940617368176
-0.28839757314852715
0.07748599092599312
0.6967134562814716
-0.2737985262035464
-0.35480253300402564
-0.24970643607453744
0.08209010633859651
0.6901438192075994
-0.14768122979341075
0.36599927197653226
0.7253188888579267
-0.12938569603963004
0.2762170356792257
0.7456966023682188
-0.06977270653223139
-0.21300947611861698
-0.22178947774413527
-0.257594998519987
-0.10927376863681187
0.23190709155426287
0.7419317301362436
-0.09148581308848192
-0.11780931881609927
0.2594898150243908
0.641527678310843
-0.20021629136491062
0.37393088166185084
0.5693199327909253
0.0875166901629214
0.50290273181991
-0.17073418221248374
0.27834893171917036
0.5758659808482944
-0.4311074826994026
-0.29381245894225133
-0.045017389985076595
0.3691471088602265
0.19790477639934828
0.22644291567654024
0.1444536416402351
0.16494267781861405
0.1440761396777572
0.2955813574508036
-0.05267641465644556
0.42271157693042727
-0.6155142316853739
-0.4949650357681913
0.016418633054347945
0.310938938987968
-0.322976214659425
0.13898628626095916
0.023014986322954956
0.2581735996084328
-0.18403785515513169
0.41658472425561
-0.5189951586020906
-0.05059376554332026
0.46501595327228773
-0.44611125947422736
-0.2438716638488816
0.31658608064652083
-0.08140282392967148
0.5414801156573559
-0.14911371455546482
0.33960727001276914
-0.20043841086684572
0.3212533040491129
0.1665365768814996
0.5378606003965458
-0.15535818810039403
0.49815822065008697
0.2728404197292955
0.6182841650146805
-0.29311026344723
-0.08711825620885004
0.5742719336479879
0.3368081234074995
0.7950558148841105
-0.22474456034965612
-0.320722863276266
-0.036269650919463825
0.3631537896739886
0.7113010819920185
0.02250378005425821
0.47575528743927775
0.10485067922380911
0.6100107978423283
-0.05974642725001142
0.7097218661828192
0.3439886455524755
0.7059106489581648
-0.16244170674397657
0.17197271689373514
0.7016113837460658
-0.02747888601353124
0.5683957418265442
0.5137650727473767
0.3064347030360093
0.6106396608123822
-0.10001496364822401
0.4251295862204929
0.4492835188019374
0.2868134452747508
0.6834783310847998
0.06926191167556472
0.4481079201646564
0.46595051032250745
0.1773334205741496
0.7333540869245954
-0.1762632155322199
0.03895019306640307
0.5403909566347183
0.4789489451149307
0.7504856055317279
0.1399193461080115
0.572535949487461
-0.32242229231719954
0.07512019670643688
0.4742794547629732
-0.0476761144428572
0.5065102967896798
-0.18028312864497137
0.21714918472031058
0.6498039995267485
-0.11743061665874638
0.3401051590355897
0.5545953187080508
-0.061781702453028386
0.35983074713922725
0.2827573803891498
0.5116234439368831
-0.3140673585603482
0.0013666841028412355
0.4949507521508652
-0.5367771535970004
-0.288377165904268
-0.08237083603094059
0.5223089668688018
-0.3890995481629925
-0.21687789871902172
0.2609994770686882
0.3636519945299498
0.16021757392615377
0.4156979578450052
-0.10245961128430188
0.22702432641250667
0.08410943243124253
0.5148025223484022
-0.2750615619687476
0.05192960373825213
0.4994770325649364
-0.34312824731874497
-0.245501189283414
0.3626576575846444
0.12086579526325135
0.23514411283997552
0.14065517690458973
0.2878218172789836
-0.004240528273173639
0.6229381900186417
-0.3837927979689967
-0.46701860352850333
-0.3819735867843581
-0.24400659386973278
-0.06145529170283748
-0.10530216481757346
0.3240006544081797
0.2974875930433925
0.18311428764442086
0.21482058690329603
0.42614927130619523
0.5823784271337383
0.37119120819383056
0.5027456608130356
-0.2135652138091674
0.10128466315830684
0.5332382942129262
-0.5742272950545545
-0.3744125129107664
-0.30312278663875536
-0.03889107369925471
0.5352526650797413
0.2744510908819712
0.549048755024245
0.021993115725582296
0.3631566030462066
-0.23513336306230231
0.23087124966405378
0.21433844214127157
-0.1367663874093017
0.3124808586261105
-0.396728329548709
-0.1252851592347309
0.31011587819842845
-0.7229327241616503
-0.5175708719144672
-0.4611958925061337
0.22726402176786456
0.32109328415113786
0.04047892548949478
0.5072627247495095
-0.37753203853157574
-0.519418389152045
-0.5759315604222072
-0.26407220970933565
0.1265293409470334
0.32204578108066123
-0.051542449122168515
0.5567779917511703
-0.24951516714391675
-0.44374482385720004
-0.5631600893437081
-0.3573114561312067
0.17549210963649547
0.5145493199586587
-0.5744592993641506
-0.3355109335491563
-0.06886860648394419
0.290607393889398
-0.13399029241367127
0.44751242470408187
-0.4457645378222024
-0.33410388283850656
-0.39111213589118465
-0.3819033513168863
-0.18723954223125958
0.30903136415426674
-0.5899727293539753
-0.47849158161489846
-0.542173116307985
-0.3492827948428418
0.010708630962061538
0.5478082223445937
-0.48651485058161836
0.09957475275590974
0.09522265284634462
0.20424358628905814
0.1303058161239204
0.3527591173674861
0.11216596814006079
0.4887963994048045
-0.058587817182425006
0.23029868862463007
0.49318349961713753
-0.1525146814817154
0.2674502482381114
0.20685969547805877
0.3430468634875123
-0.08925149102037697
0.45798347652195326
-0.4683599333518799
-0.07412631922667035
0.38018929394267637
0.485116216089861
0.1000287296018755
0.5259501680813484
-0.3430295581202534
-0.16222628078450668
0.30945040607323815
-0.03275263362449584
0.3637336631424871
-0.6752282689659606
-0.7240002233206717
-0.5106636869967376
-0.5255531358950414
-0.12271488165020793
0.27303072367468134
-0.5803659724817
-0.6209149838155618
-0.7006038118423094
-0.33813472105110937
0.2910926889065407
-0.049334958140143714
0.37965293340316025
-0.6917738392514555
-0.5205141515040868
-0.251902835549742
0.22786386410265919
-0.11000566508426846
0.26883750822476765
-0.4777526739798929
-0.20235462763229684
0.3434552419155908
-0.2152203199171425
0.050300513636849536
0.10898921117545549
-0.024027314680892406
0.3004961505373105
-0.647333129284587
-0.34248873643927585
0.31219420593577063
-0.6581047822877935
-0.6911441965402348
-0.6842549603773362
-0.41548674617542714
-0.15847351253258773
0.21537236230056203
-0.3883657049334797
-0.1550485475002138
0.3317656125675621
-0.38123943996996984
-0.07133962541462723
0.42503733696728113
-0.4997110032615427
-0.6040884538792655
-0.6499906318887463
-0.4830114097460094
-0.44568086644446664
-0.005074990200967494
0.46776335257222484
-0.5324093876778766
-0.3904463999684021
0.0032404549757239264
0.42237622138011377
-0.5776336734733262
-0.7202808537444302
-0.5411708117979476
-0.6723789533666251
-0.549589182761604
-0.43164725179772767
-0.038661615248491626
0.38756835444389726
-0.4600707346605617
-0.4197293993259771
-0.40570770034529186
-0.09896999078151203
0.36535155560334065
-0.5385828898416118
-0.3487473519278488
0.16483665810600087
0.394879642843101
-0.003676400041853442
0.4563875895345136
-0.5748511577231461
-0.5076635393358746
-0.36123174744403297
-0.36782508322986296
-0.15793833313915612
0.3422989826701642
0.4542345991348481
0.30607513456295377
0.37149518674828796
0.44796247459403105
0.36914141270306206
0.12980185566771735
0.5465201695824897
-0.4999938610472561
-0.5563312678369989
-0.4313908314859016
-0.1283136565183149
0.18023574760233393
0.4730180210196724
0.1913657675848474
0.555474084593487
-0.3364084610215025
-0.12981003135752014
0.43622041548189444
0.0984801690793367
0.6337219354048778
-0.3159615057788905
-0.40047550049002334
-0.41314011077396934
-0.3774905362086329
-0.28086305994025007
-0.047075458561432325
0.36964129787171446
-0.26010112116954376
0.014850601483107795
0.49243721509363664
-0.45680511549274416
-0.1262042458110429
0.29573651209855867
0.5442500950722737
0.3242991335901272
0.544346842498832
-0.04844188553689929
0.5308912154353133
0.31641588853470615
0.3094305228130195
-0.21455235593829758
0.4456686595131819
-0.22947781790193786
0.1384543483416379
0.4394592635899294
-0.3275435709782266
-0.19390774970787908
0.29105131576702215
0.07996409718273495
0.6601685385008751
-0.11268697110491122
-0.35004602611643854
-0.40186035153525507
-0.23225587967990707
0.129787335371377
0.33961799919006286
-0.09971052362719522
0.509709116008441
-0.4157026315542777
-0.5388454548534107
-0.540630563894315
-0.5717493235710999
-0.4082208365226554
0.28641073656236216
0.048284694740696604
0.3010235330499311
-0.2099141991816702
0.1309245873211714
0.12994152756674876
0.23479684373940635
-0.11970993352705903
0.35000075137636294
-0.6647074005088606
-0.4865562645377596
-0.13263353964276559
0.23076080326578602
0.3602975930329614
0.2648317895361172
0.5610997698420263
-0.12662311857096228
0.21822656848551542
0.30420027376681924
-0.131140053510711
0.4572963449375401
-0.5057690553873472
-0.7073572327550145
-0.5837353767296576
-0.2872458197482699
0.4961666937232941
-0.06616694430972374
0.4163248900995725
-0.15680352187599456
0.5130612513270385
-0.2229124583063162
0.17346923915803428
0.5315233040704272
-0.22028332438600723
0.2265296723529453
0.6292859668345311
-0.08662879815214364
0.07543608770890109
0.7255810887431678
-0.16802789276444186
-0.11160390363423889
0.29099691668106153
0.46554107203291584
-0.3125054616574163
-0.11268862419065104
0.48737546829946804
-0.32836893791129695
-0.11395611024579497
0.5633673133087118
-0.28659720851205817
-0.2088626463119725
0.15088016344611993
0.3300061240815349
0.2769789353389664
0.4160745609705704
0.06634281193062402
0.5710046206889164
-0.47352004975666506
-0.4216868461513645
-0.21904400802407706
0.36258974170519614
0.012800890978363205
0.6154107776935236
-0.15254502925645833
0.42256146563485386
0.4479110756034419
0.2710296799050538
0.7460076700252449
0.140487041046176
0.8806922702079267
-0.15132692092240002
0.157672821296276
0.6986886154754087
-0.22933917989629937
-0.3742332225250713
-0.21015365314552156
0.38185033559481324
0.8814882412660161
-0.3203940610332928
-0.07793361982149696
0.4812339017826755
0.41210124291331307
0.4777445326376599
0.5558236782382246
0.48859290704353536
0.5259221632729266
-0.038332836460584885
0.5840607567649392
-0.26316231694523295
-0.1558205687232249
0.34179614760519567
0.7260209251890202
-0.11985096053661315
0.14792616959841293
0.6549843154164061
-0.27731754205460446
-0.08965269029876
0.06843566661137246
0.45369375361464337
-0.13838096378346187
0.6132169287128106
-0.15479354056289207
-0.1702823399794246
-0.17953671286146325
0.0761308953535836
0.5192882097698229
-0.1580495703210674
0.24873752077732725
0.4209127349586862
0.4374842754977739
0.22758092847056818
0.23836400425905496
-0.12895574830715664
0.4083358005670025
-0.5096932610037799
-0.46810011925134465
-0.4391087770249432
-0.1016117208372784
0.526164834244899
-0.38707532490653007
-0.5310002267410316
-0.49564289976621695
-0.39001349317060474
-0.4018881383311463
-0.4360864182187375
-0.32898278649701196
0.09252062121091571
0.6785166034373742
-0.13028925956285203
-0.08566428118215369
0.47687101663606546
0.043784651912558537
0.6744366421716104
-0.3180577598162142
-0.11745380819262148
0.43190541785898473
-0.011678956946452018
0.53568759630512
-0.31642149194534913
0.20672418041179758
0.5749833357872349
-0.06714040238484023
0.44095625183726034
-0.0016192406426668582
0.33656374665084676
-0.41817756151305324
-0.19042552701935822
0.5311088310964005
-0.3386084431558074
0.1654399337227138
0.7477758082191918
-0.2387929404370247
-0.2440855991496079
-0.3232603958112098
0.07301714632828007
0.6752794203392773
-0.2350618029951175
0.0004381134468959824
0.43724639713954
0.08489800803576456
0.4533435277770118
-0.3935167588375968
-0.33230504786278087
0.0467071043305505
0.5222304639457123
0.05541269702111144
0.6290012088411574
-0.17550236378211032
-0.4334696334605675
-0.2291145111067132
0.3830334334547443
0.04304353621544157
0.5340361746004869
-0.4347574372947104
-0.1854643914195286
-0.18417051053759453
0.35387921452763305
-0.1554875156547305
0.4814828999809942
-0.21753512578879847
0.1284738266082573
0.3038489385261362
-0.22273131365127338
0.3902187847262746
-0.08082103759156276
0.3350534186540174
0.10564077850038868
0.5235907914831482
-0.24457515204586794
0.1265136015497609
0.4717943850240889
-0.34071467952074835
0.07812546321118116
0.29780131523542064
-0.43661342731434816
0.07758618311282625
0.10542639958038647
0.19433655157561808
0.18547195419014112
0.30823879477367916
-0.10799629122225246
0.37982667506259804
-0.4374498345389107
-0.09205735660394654
0.4810093409143962
-0.4201540943152329
-0.239747581979736
0.44641615784674404
-0.4109942366160889
-0.24951991879162327
0.3040102351336158
-0.6510967548392455
-0.518373271780201
-0.31703641916136427
0.28942004603961186
0.04012493313363533
0.28176309136580585
-0.07693932717915428
0.43539381025861373
-0.39074340386268125
0.16189603834396513
0.3161600974673247
-0.4590789875886928
0.016036521842966417
0.006573857873106687
-0.05166904404381922
0.05145709338286411
0.2668738493129601
0.03530770000065477
0.38774379899169087
-0.39043337166043407
-0.08624609058128696
0.4164137189314071
-0.34210066172505627
-0.38390452852179374
-0.14152399366524068
0.42568558289988484
-0.34706151202662905
-0.43952337955158705
-0.2588902819796203
0.3019984135877844
0.20644808147461102
0.5419281503623898
0.2796742737313867
0.5447879886394322
-0.514520784472655
-0.3414828772516899
-0.36960729103122697
-0.386226343328787
-0.18390153814588284
0.4612555773537736
0.1139902825187448
0.670080669445305
-0.2676670272744705
0.16268643335244828
0.6012684743739105
0.11011291895392658
0.33345020286181404
-0.12977405722442636
0.29545351805734393
-0.4522340138735791
-0.0170287272649019
0.08151684089230234
0.1421437833844538
-0.17174104383693883
0.42342814463850376
-0.6549454549062188
-0.377693234994465
-0.1891522136768693
0.3357881765264421
-0.33744995713176024
0.11659709842634694
0.44467869667198595
-0.09858121251659302
0.5668540384814186
0.11841328814442176
0.4511590990947889
0.5523567072565259
0.37906707151263336
0.7880670321758343
-0.12822205755752653
0.18896595409119363
0.5743055242412884
-0.08729054220099972
0.31392689528815154
-0.17787813902653396
0.5575607227807671
-0.260568690429427
-0.23554852445918253
0.09394060572738405
0.5186711067683114
-0.5922231591868284
-0.5540589874172938
-0.5213157442146784
-0.6014565623604179
-0.7267398603978146
-0.4600001730663614
-0.36809968883509053
-0.10556310722174186
0.4025379760006413
-0.6498216406075469
-0.6643855602510271
-0.44939306451688626
0.11993561527921877
0.36476712932026967
0.05846163128035148
0.40726524824163074
-0.12733600746635873
0.22146736982811188
0.5494262879015641
-0.36183123066986156
-0.135172389416053
0.30585367058862034
-0.3414291704364907
0.23477790098154372
0.6433340929836289
-0.4778120104690572
-0.29777134059096827
0.3421626290578629
-0.13511892129984318
0.3990746807646083
0.337353067478535
0.7431257137337925
-0.3033125950897137
-0.2546824026151524
-0.3971782883301504
-0.1292698199385644
0.4010096376728422
-0.1536219230578914
0.38012574721961556
-0.0018545195951559373
0.5759333022167207
-0.43425354499578533
-0.10736534986406356
0.5623801326823424
0.17367144275944316
0.7144602229635266
-0.3802969842124333
-0.3131383997659458
-0.03407892027748076
0.3652390439141273
-0.16648972683951768
0.33298416494685773
0.09008174734853469
0.633883467964005
-0.25740732364545904
0.07509920383226727
0.6226006133763735
-0.3299328703210422
-0.09863191952545461
0.3604209745581082
0.2374511052755841
0.42426209077804555
-0.07185626259249027
0.4988522095866658
-0.36967937570453185
-0.3341160939945217
-0.07913214386168436
0.4302233243804586
-0.3770082859128007
0.15601184066666915
0.5549991640338998
-0.12107759699685927
0.36064029416109616
0.15476825357848006
0.4811306975712399
-0.6019992744041386
-0.43941563742018824
-0.31758768075024246
0.2649163792983187
0.7947984917023264
-0.06213133177543584
-0.013248845343212856
0.40425488556390565
0.5887568278929444
0.3990650694928045
0.6324864427993273
-0.09698791250708735
0.3788134115854408
0.4433512010197145
0.144815932735328
0.4462696650657506
-0.18034049174285713
0.1738334691492979
0.43850328347330664
-0.3636363446320503
-0.1876764760125138
0.38872414863638627
-0.4826190735425454
-0.48106451809973877
-0.5329773279983446
-0.4696104903756513
-0.40424928577414243
-0.5814367614102763
-0.5189379704305017
-0.154438037956858
0.3880585626154065
-0.4706319042060701
-0.3715107133095931
-0.3568415152637989
-0.4354284195965543
-0.3868930798889306
-0.2002866638340624
0.2975925613534338
0.45895331637582704
0.26850194297541174
0.5346615331324275
-0.2979362824183983
-0.05001066781000532
0.37692715904050234
-0.44006890643185154
-0.31679289929926246
0.17267196460505307
-0.45064917370642776
0.11854301448184226
0.13864533627069098
-0.08700219895487012
0.29763954317188707
-0.8313894012934429
-0.5867198489466958
-0.3362941152636527
0.16199759273069755
0.34832169133444474
-0.26351292405660043
0.2635890612544553
0.04575558765430898
0.44780346374209545
-0.0037213284093882137
0.40262303286234963
-0.18745323520186377
0.3880059265143402
0.3196796864388428
0.47769584452579245
0.1871499909158907
0.633072062514909
-0.09994624025620791
-0.14006775699613425
0.3273412957173637
0.7620554797352992
-0.0594245821402572
-0.0232395025792749
0.3402630200417587
0.3009485485798209
0.5790811537648453
0.21228581826867074
0.652322604000014
-0.4143774003026168
-0.3530214991723427
-0.4220318970350024
-0.42582384996345946
-0.10140612446971776
0.39057277417966463
0.0402284214559881
0.3551806435557754
-0.4411596178655619
-0.10215962904200712
0.35226800700415867
0.2940259563144589
0.38175707325841446
0.02998003701326145
0.5716741018242251
-0.5763114058017952
-0.4242213267625771
-0.06696048579113073
0.11646937019551523
-0.12537352213856692
0.40740897196322523
-0.3807376447690651
-0.21852275977237634
0.47421094004748576
-0.28569189833472897
-0.041519885524098826
0.36499616329232426
-0.41808124282527653
0.24030631104388692
0.1227669859321604
0.567952531120282
-0.2592303714075224
0.020009506177181457
0.6054743572765957
-0.49983778639537674
-0.2768560377899846
-0.35649920475415153
-0.3761897185137052
0.08053762741012689
0.547654678909024
-0.4777164051474816
-0.43754037337195983
-0.24513940169184473
0.3788029585764981
-0.2162804072460432
0.20683952979162884
0.40262323509420905
-0.40248301661991737
-0.09498141665359588
0.3964137802386829
-0.518928197122767
-0.43947400316321195
0.2509873662480143
-0.5415215137620943
-0.2531462722965104
0.3852655081261756
-0.12803183932138268
0.15065340860471294
0.11070244857116354
0.09256112961840873
0.2548968624699351
-0.18794037511558292
0.2655355374541535
-0.5274323795460454
0.030806664675571388
0.5103366219172005
-0.2396854602818399
-0.04462182111438889
0.36608544999494647
-0.2363689108926893
0.10535463090205476
0.06771856810075427
-0.0384614336570451
0.2256456505699753
-0.3934020289207441
0.12409960582263219
0.14405962304321623
0.155781793457482
-0.08050614487463922
0.138577181499339
-0.1822311410356396
0.3218594280583833
0.0031517979046502137
0.4195875736921417
-0.6491926371367311
-0.31462962323405586
-0.031251380943424
0.15479727005218263
-0.07769677120613303
0.5189589633035397
-0.6564810416681535
-0.5570310891786165
-0.280998060054403
-0.22047644363934946
0.07095059236619941
0.5933513991019823
-0.47042152189917463
-0.20590482955023548
0.14621500831841386
0.44937527100935515
-0.08766367409287214
0.47948214161484537
-0.08326002358531855
0.4649471426315793
-0.06090986908760679
0.43923783713600556
0.07415877024680848
0.6381971207750506
-0.25640911941155997
-0.04778224020649863
0.3980006948977217
0.5869500486453455
0.06681938631565534
0.608645132254523
-0.43170323939404
-0.3330325842090761
0.07049958479143241
0.36058344975805257
-0.2162301042702463
0.5506675449705122
0.09916913950305042
0.6865656297595071
-0.31547479424222913
-0.23773121459713878
0.03360729770751267
0.6942796830261515
0.33386647933307995
0.7358220972476421
-0.3485223438176504
-0.39081404760287597
-0.11731428962616003
0.3255154325688078
0.139550944313201
0.569115661500282
-0.40097575678075426
-0.41742237072463534
-0.2828523602389039
0.06983440551251069
0.4685362515272639
-0.5721640270313737
-0.38450939032851167
-0.043617372804077806
0.5001135205915188
-0.41246355829715897
-0.3062572249740103
0.02693189005609503
0.2874375523328373
-0.2571392271094865
-0.051221438892073506
0.5061231370503885
-0.44923071733169845
-0.3799072112772169
0.1274422317115067
0.47772909140237574
-0.4352868815096411
0.04228124907980076
0.5195804352363871
-0.5125173158391347
-0.3236375321130855
0.1305039514828494
0.5842254257470786
-0.42715226567894016
-0.4800683583500873
-0.273666167768052
0.06906252139364219
0.582964970630734
-0.41437385937502
-0.3370614081322181
-0.23909010529815605
-0.13245542366564683
-0.047748534155510364
0.4262436234851482
0.5949917061002171
0.47133198058066084
0.7174241298568156
0.14784181024819026
0.6795253446763345
-0.01077520513046959
0.15898671014237595
0.4120633099737841
-0.2223165261904277
0.2640279228975678
-0.3351224076282904
0.2842515151781221
0.026431338895284484
0.4138573243729903
-0.33267229051103836
0.12203616414060478
0.3076830164376867
-0.5563052267936921
-0.5325348669698079
-0.15321941244743975
0.30100935134063883
-0.5850330142413431
-0.3204723091513529
0.2612038032864067
0.17577999509598252
0.4820487415158469
-0.18395826957676079
0.2843112361268481
0.3948641157221149
0.3292036490631478
0.3014203198539301
0.21861268359873862
0.41325898559127544
-0.15129825344345982
0.507358561688858
0.3359793874616845
0.5574706156793121
0.13979133648037986
0.6871596426113422
-0.11917270902523014
0.30218436626662637
0.32812889070702866
0.09162219348747855
0.1585238951364012
-0.018959324577537483
0.5811034290379941
-0.44095880967646567
-0.09163595293729601
0.30707075887405455
0.473794191202917
0.18933764370855694
0.42280663522836226
-0.39152828980057675
0.04993694168724512
0.3859968578261226
-0.5651072783060863
-0.3936928336282334
-0.3245230364855461
0.23324623264084487
0.5004715866064875
-0.03568256782732451
0.5172772000839216
0.04804553660283406
0.49508847924813454
-0.4122138820672707
-0.15221000197501544
0.4057227958074451
0.09293858497271697
0.4031470742087955
-0.342466623883138
0.21112410605957924
0.2671650421495633
0.020191284317175887
0.5300752119867861
-0.47982676641558075
-0.5701359209631452
-0.49414798334190246
-0.49259663306258433
-0.3592434205444639
-0.4121849016250988
-0.08400383300959349
0.5241060952878934
0.1289815457763514
0.6446975527882789
-0.5087771066181381
-0.3987071308662934
-0.22140693148774934
0.1829751517270838
0.5061433070462801
0.2947134415293087
0.6203698674815004
-0.07133194369373674
0.2354079465011033
0.49847270090215234
-0.26443931088098277
0.20890220079863475
0.42372037023433173
-0.28767040326985893
-0.004747420442943573
0.5043545096648703
-0.36037239790345577
-0.10039420836515056
0.27523508049239154
0.42024532584053775
0.39235959433129103
0.4195760966790681
-0.20005192772672206
0.4250822545960296
0.07621503229634818
0.4923647378935573
-0.48609811302301403
-0.5720277210640321
-0.46114668088960536
-0.3359308236673868
0.10602294711489599
0.5039490137626997
-0.7409276060349075
-0.7147058089149368
-0.42397281299705714
-0.2027981621167555
0.37035950879296387
-0.32922178229761523
0.17058762853526027
0.2426740123085497
-0.043284000373236785
0.29735982761628943
-0.3765515467998386
-0.24306216172675962
0.21052054816136628
0.7858011645146092
-0.3026798155000242
-0.2299471519481079
-0.2245960896131652
-0.11369738134643056
0.4040258971992592
0.2482192253110834
0.1672888011348626
0.5120738462188806
-0.5054599336084072
-0.35841607878766935
0.30464329945274315
0.16452601860817861
0.38530547588349506
0.07128336688849277
0.42195679112493684
-0.47313875334978067
-0.4930627430623177
-0.07638219112605668
0.5425132319436832
-0.5479836004171741
-0.39322731991437154
-0.12628522943943477
0.41755040833338997
-0.5683527049979857
-0.7076760548002351
-0.5332839293309024
-0.33449174970180023
0.13502991215075533
0.27327738565102444
0.08722584100560336
0.4367404271969246
-0.5128878295074596
-0.3590780689233663
-0.1547635937888837
0.2236295091958126
0.14491327217268674
0.2324699596048115
0.18929353168132135
0.020645596654519288
0.15888850839360746
-0.1782840950929412
0.28951159596747567
-0.514504374797869
-0.5345819340013082
-0.18496659693528236
0.44901010690161414
-0.06865541260181801
0.6673099933595322
-0.2376623965395132
-0.12208950926525626
0.49174070835014766
-0.017464788237576932
0.5379607686146425
-0.43954583007290077
-0.417757031432472
0.05248360679383071
0.11126186366841703
0.021216489985497855
-0.03179489235766464
-0.18441313314368563
0.45579904293845497
-0.5288472738434905
-0.3625034938472154
0.09544019538355747
0.5369880908526716
0.17231155540175974
0.5887459523046406
-0.254721761942684
0.2626180943904143
0.4872742360262755
-0.13006670776156026
0.35078498125120194
-0.07158947480447822
0.3723846110650354
-0.17882200609597107
0.44317574443297264
0.24095697597818053
0.3337866940091503
0.05232623087288529
0.4059818259660833
-0.24066857891185223
0.3615320503532484
0.035507371588019754
0.4459356460834427
-0.43691684686438725
-0.23821839997595676
0.12689670970143035
0.48453068600782595
-0.30073308047728153
-0.017270857605175743
0.5508323961748255
-0.4288379494536155
-0.0784437437051632
0.3494806183000615
-0.16713747181409036
0.27425074271319827
-0.24072558302235203
0.4599479384934784
-0.3850960117324923
-0.1072065052116972
0.28326799391110125
-0.7442335068933145
-0.5140371750539092
-0.15135012498948958
0.4827261888543919
-0.3345458720120783
-0.05533236077324297
0.13869534608207917
0.19631348079148114
0.08516480383466524
0.44225679599744655
-0.17475607783977118
0.5809092637451836
-0.15756823702898204
0.2968311265672236
0.13460120271297443
0.371376672645072
-0.04442039693197454
0.3233484529387618
-0.5836979432447902
-0.32915577961411996
-0.13410982972022115
0.3882605827039124
-0.15289754630317168
0.5173998099273001
-0.26287309706863327
0.06605510116715833
0.2963954246986964
-0.23542871890408262
0.3526394661138342
0.0816709167360049
0.5270148299276632
-0.32693693835043847
-0.2261235110777792
-0.08087928171096274
0.559989848997901
-0.4198726417584858
-0.20339454488057665
0.2717921220646856
-0.08035192347523633
0.49595208059865437
-0.525368297758773
-0.6297578426301385
-0.7146965393236204
-0.5818158876618987
-0.3549064948840065
0.2135244799388631
0.2549465896522715
-0.12513917288788565
0.5303061143335968
-0.4222542138398152
-0.511957367799019
-0.360556648748476
-0.4119548697597274
0.2264315897724324
-0.468970005156529
-0.16928544738614076
0.43156815619675837
-0.6023338435578081
-0.44241536322172464
-0.14148795697438105
0.30503187543050864
0.2114786840568046
0.16421905901344322
-0.0014521043649114995
0.48763892098888695
-0.27517764559134916
0.4146562607284817
0.13746420047914443
0.39877741937571276
-0.23215165635970664
0.22265627887283965
-0.19206710657081727
0.3757139354483189
-0.3677251932476186
0.1428453498732285
0.558667641135702
-0.3535678138644666
0.027993439674250248
0.41092003324214144
0.1271326722778317
0.29712486535590477
-0.15165922412020086
0.3555774178378579
-0.602225207643874
-0.33597546205987516
-0.12581669359589928
0.29833930642369666
-0.15495298002619845
0.25018675820223824
-0.6460975867417877
-0.5663199249900603
-0.5504865890035331
-0.36699453439106133
0.0834573117299951
0.33999138649120036
0.047682550788292415
0.5445697201711764
-0.4557426894244546
-0.4605968424238539
-0.5290991970704296
-0.2512660243345465
0.08049183347764585
0.2770625867572676
0.02710753286749959
0.2828148418190553
0.00351955002858815
0.44128005499643674
-0.440632051946863
-0.4197522244947077
-0.48557130001090765
-0.2987107507760306
0.30366665619002087
-0.1717445234110036
0.2623068342140382
-0.17582075189810312
0.5382036391616454
-0.15421717991449285
0.1506420244052501
0.5460952258348292
-0.3332400705278433
0.10721142060584897
0.6158597023588497
-0.337313446358331
-0.44358546327171144
-0.21133705829189225
0.1790129284322952
0.3713951595352559
0.0289340548532023
0.4389625960051274
-0.22208480688757767
0.25316750307164
0.38288214698322987
-0.2993737552184123
-0.06912503049414907
0.5153284844238369
-0.622348296317688
-0.5395956765404363
-0.5939903577339828
-0.5309555752950745
-0.5517024910470436
-0.15828023315974327
0.3352493018191516
-0.6126358877479233
-0.14797702571791538
0.4928154193019778
-0.5782411654649853
-0.5392319908213384
-0.4777303648046468
-0.23081560139694252
0.27562722381554994
0.024605236451977125
0.2881618349130727
-0.3058014738170778
0.2672434768728726
-0.07224689495978484
0.35270430563063065
-0.7318150914278436
-0.569051028275883
-0.4326377670028207
-0.27411709598726286
0.07461840923820325
0.4868211629110759
-0.6435308047660411
-0.45398353528600155
-0.4898832606644815
0.20108576523421862
0.4743119823320116
-0.09459559450914332
0.266627199375703
-0.11923785039000862
0.5368956867702925
-0.544621232027098
-0.6476823549179859
-0.5387816321699909
-0.4232808050520098
-0.500653450656226
-0.19810459082646903
0.3143155002632238
0.11819941314813825
0.4105020934349488
-0.12243875795458847
0.3286016694289169
0.2957230463251749
0.24065839320357976
0.5583783318734656
-0.013577588945961283
0.4178287323146196
0.14547304882727458
0.5396296872147608
0.001239121531230819
0.4280908454343526
0.37349879367121075
0.41245787978523146
-0.11210161180652332
0.39830319222744986
-0.5007991010402602
-0.4709595421792502
-0.28935317397363874
-0.2100788954979158
0.3096077659779668
0.4627585377513973
0.24860864311045675
0.6774067973326177
-0.2666696877160035
-0.3318044532481975
-0.425205148923669
-0.29542078142061456
-0.3625652747045406
-0.2411253437904997
-0.04651818895749214
0.3918988669310388
-0.25770690270285124
0.38358210148100763
0.0029153945741165754
0.6103394565411878
0.034177768780904116
0.6389646671236767
0.05887649986521687
0.5805501537617124
-0.0972642476368791
0.40335585463897244
0.05576791719316418
0.6054929652490377
-0.3067692315195319
0.02514743740456385
0.4973182409704896
-0.6139071371282783
-0.3913896023609857
-0.3770035830893067
-0.4412901504285669
-0.44106600184447403
-0.4156696094042993
-0.41740522366489435
-0.19809040546784062
0.3959522420920308
-0.2853197231498003
0.10751467647527727
0.015391619397596826
0.3570956196937112
-0.34250702929757865
-0.06969169949639081
0.3208764456211186
-0.3279474679578027
0.11817096927631507
-0.12391985241504738
0.45231351413805787
-0.4996313107742846
-0.5464801071830738
-0.6298303409606067
-0.6333867482512159
-0.5734726113374027
-0.21607381109635665
0.3456833369266167
-0.19245910640934752
0.44911032010350876
-0.4935122107207938
-0.6476830183358209
-0.40294358812204656
0.0269712202810187
0.33175625393520825
-0.042848160051926404
0.25097638391931976
-0.38965203818556227
0.192418693501432
-0.43525737806424647
0.08462361775576585
-0.0135556242667689
0.47348588754106913
0.09267015154735495
0.2817268848840317
-0.4479475110750618
0.031611082306983826
0.37771587929914896
-0.39400731931728683
0.1269723545423886
0.18129304288899978
-0.14427945180271615
0.2594890954572121
-0.3629335727362366
0.27138004598154764
-0.07139419561842954
0.24826752659621934
-0.5410771311940281
-0.39472642823903853
0.2158294816253256
-0.2893288274441943
0.3297534266609813
-0.6404805991549107
-0.5654935299826305
-0.5042103635551272
-0.5140845116827117
-0.1602570726134873
0.35485300794009905
-0.39543185726636615
-0.40568567088916574
0.08386917686970294
0.31337293081703793
-0.147017010407337
0.3197477672189907
-0.6229943508502149
-0.5758695000940923
-0.09120732326230213
0.45895575425999613
-0.6222877821924429
-0.4840939384731366
-0.2979635804144777
0.17858389869513655
-0.3738370207651618
0.24164653708561165
-0.5221510860449162
0.1969576503494629
-0.2929931557130935
0.32870694270938927
-0.6104343671774379
-0.18038039176724557
0.40811425077712987
-0.6380983890479507
-0.6951274823931602
-0.5973596402691728
-0.2639690122861029
0.24597884208232124
-0.6282388515099275
-0.6662977677306652
-0.10805746145827436
0.38683161347026235
-0.6847401691943545
-0.6622764646431798
-0.5397778286574642
-0.47568488683078325
-0.4485733589387742
0.06256931518586012
0.25694291639305156
-0.5481527920694859
-0.626515667362231
-0.61238463916894
-0.4071641858468419
0.04129263110744211
-0.022298886113214456
-0.26041285892874527
0.07996526830046236
-0.8059155122021525
-0.6836692406248621
-0.3914781162184685
0.09490361975628098
-0.7162182288818855
-0.12570233066832773
0.19447059315579396
-0.6668430359172849
-0.3565605082401774
0.26100367836568406
-0.38811601468156576
0.11368623178664489
0.2284197908881095
-0.07154732831047156
0.06784747633434315
0.04119379682043775
0.057146422964234916
-0.09983148541354352
0.21998940249981114
-0.7674573857024103
-0.35555087079576486
0.1839286263521248
-0.6727475548765006
-0.6660266688908466
-0.32425471689890384
0.09205983264153611
-0.6767621125935015
-0.32486864511032654
0.04206334247955135
-0.6296547133936651
-0.41381923710946666
0.022525951933091037
-0.3904524870144406
-0.010018480199537605
-0.5033466098730233
0.0408178892599817
-0.7408688278349738
-0.3925998854256242
0.11368423429909319
-0.4141097236070152
0.10334402792712755
-0.27587912853635227
0.21716114912006976
-0.4941270472622279
-0.008614321697329758
0.002742047977469686
-0.06084352236461227
-0.014781352869057185
0.08481352371519404
0.17657157862490358
-0.013432418711214145
0.004247677076255341
-0.24007354454482493
0.2334928827781616
-0.8223789870450288
-0.7431121061629158
-0.6638280005806201
0.027711284316502438
0.26450962188706073
-0.1388843167717585
0.06141043317907502
-0.7254610320292307
-0.24790108213458126
-0.03846123392363093
-0.2327386058275529
0.3002070959065316
-0.5582740685800786
-0.4502557457394145
-0.3732218519606197
-0.0225077036498451
0.5606482203577366
-0.2663997336255553
0.31988873021110986
0.33215824097909286
0.16963107048296505
0.14620964769474945
0.0035315005471043825
0.2864958094967529
-0.46732508853291527
-0.05792381748471026
0.19095531145832545
-0.034563664369957094
0.36743660416495333
-0.6970149773026629
-0.736048888799385
-0.6023823987965944
-0.6867906971515576
-0.3419813891897915
0.1847059709763946
-0.35904058132553474
0.12647861947046252
-0.3389101645459329
0.21677845486532782
-0.46591484041472586
0.21318653159444687
-0.014486248413727976
0.4139284903457862
-0.03803348125602525
0.4810831628845227
-0.5698959726988166
-0.4949961653092278
-0.507127834430438
-0.09671327721814456
0.3652059681887908
-0.135163774128244
0.4106169209084692
-0.2595893904173561
0.2209609560817669
0.011166533248054167
0.1459599857671326
0.22262699723013818
0.3631675134288364
-0.08780923713424174
0.3868324158575305
-0.66447917329224
-0.5334903579613379
-0.19915076702713227
0.28455308235960786
-0.3244049366174671
0.34599707963307874
0.15046196721616906
0.43187880764087416
-0.5409383902729672
-0.4064077700611103
-0.21510376783701834
0.27948105423122194
-0.4371108862896527
0.02095755422618882
0.2559354873636335
-0.4996280420455748
0.0223020520411166
0.22043993003431306
-0.29936069070940413
0.3487229103069375
-0.5154174075699807
-0.3625962227756681
0.2108914724032258
0.04165786941516443
0.1905659058427067
-0.11145082991241022
0.3946104468841367
-0.3234217627142842
-0.003966612302289091
0.3901905616641403
-0.7855415371815846
-0.7306364331525742
-0.8187212759831037
-0.5861460106466163
-0.4423345099160637
0.020964683950114707
0.5494068326504254
-0.4970376621968676
-0.27701765577871074
0.365238040088157
-0.3905950822771483
0.03708185905818554
0.448803916703894
-0.3832790965570087
-0.10483887351553031
0.24858850248210418
-0.5732873535063827
-0.35516287414458286
0.26288925202799535
-0.28382432181010975
0.29224232828238667
-0.5592461220660432
-0.5482980846821434
-0.47948292902398393
-0.28903087602081023
0.22176183255294551
0.2446278391031559
0.0203578531745554
0.5208341736617972
-0.4267547393940363
-0.4498617470490053
-0.5966559277120232
-0.4159339322764817
0.11148604906399696
0.47197244911426145
-0.3167749166790695
0.20002515112332392
-0.060748578275692286
0.4512343192102995
-0.4529961183692235
-0.25183414208013455
0.24385257768876098
-0.24386425044549642
0.3024658322063104
-0.2950197097424592
0.3808483030287292
-0.42952640863241726
-0.010038101181212372
0.4344149510207288
-0.42491445164605646
-0.21637342215713307
0.39772709237014076
-0.4843053208061756
-0.05161565800007695
0.14774228015781465
-0.33309577103979804
0.4731152750742868
-0.49355967308327503
-0.5752280943633534
-0.31587378407041666
0.1451261605836589
-0.5479600556336395
-0.12402956384562427
-0.05327974634194094
0.046923712209354415
0.2477436605475995
-0.19628318086310398
0.3646887441504765
-0.5218987647041171
-0.33423636850935506
0.21061968749617233
-0.359296007231269
0.31567510710573043
-0.1634349439891421
0.3652853425472923
-0.5408378476902641
-0.6041533171254525
