1.0109473651989116
0.9780310335693893
0.9915431027270816
0.9905571664071907
0.9705492733950887
0.9729830965860063
0.9554945821551443
0.9752701912252486
0.990803290630162
0.9992063125813339
1.0195056302668528
1.013761169309678
0.9885805639624063
0.9762426072514996
0.9851957554208987
0.9912811043315901
0.9710741258455371
0.9518114886992495
0.9299698771169309
0.9325865280095964
0.9237112128876536
0.929558174327252
0.9285388073849046
0.925381125015357
0.9315827528410908
0.9261632091445064
0.9464849263928137
0.92572117720523
0.9378262151640836
0.9658004449857397
0.9710153898874668
0.9401017107851575
0.9145529264284655
0.9145734310724956
0.9071052263455976
0.9252842734662399
0.9390550775560403
0.9209118179831537
0.9416656999248548
0.9624650856849362
0.9595199887008939
0.9503135545424068
0.9738857352243945
0.9416812062241036
0.9239951749021545
0.9060360397108288
0.9305085768162361
0.9339514598179145
0.9378936218961084
0.9624011168220362
0.976453377155296
0.9604637237820715
0.9818716969733058
0.9806192339284546
0.9948739634328276
1.0070740748087386
0.9721418452954532
0.9447686151644265
0.9433743155382496
0.9548431597563675
0.9690536887699407
0.9915069905288482
0.9782747461124156
0.9800947748057958
0.9947221548040461
1.013528350771084
1.01747474473861
1.0356339457124484
0.9891848152244905
0.9723836502357533
0.9905626708826857
0.9628540851606927
0.9375348056021031
0.9431447125658933
0.9407777939715861
0.948618544610743
0.953466595641487
0.9596136008380007
0.9602863721209447
0.9633704041209201
0.9462468317210545
0.9454306377037672
0.9333901054671219
0.9278105261964651
0.947139317589186
0.943923398879189
0.9752672252785364
0.9704513237193495
0.9362919156177185
0.9322435229113829
0.9397950567843601
0.9356925429447839
0.9157833603006991
0.8923752124468921
0.9179598818989401
0.9112007441349167
0.9346426919729959
0.9206382438414497
0.9464291482228455
0.9376695365652306
0.9290100601179906
0.9141012366658251
0.9361234584934813
0.9237834279041592
0.9351165496127639
0.9278410577080856
0.9554342831874986
0.9476106865314797
0.9502125562983623
0.9760206482321672
0.9909161275245205
0.9896353946668579
0.9830333637213672
1.0020393260783893
1.0149131128356121
0.9976478970376608
0.9994918969517632
1.0102083033735605
1.0184727533090294
1.0116205731637713
0.9948862872302088
0.9845374066918857
0.979581076058477
0.9997248262498267
1.006243377964765
1.0168557461147505
0.9932106858971635
0.985206131385538
0.9785314561345142
0.971191719897974
0.9481185292375703
0.9654526980809707
0.9772718744398807
0.9685563292917873
0.9945054889103696
1.0067534284572752
1.0132600707457982
1.0112628033421425
1.0094272208858157
1.009839809237138
1.0005942615815586
1.0110071440421176
1.0041505752653932
1.0256560080839874
1.0070654722234216
1.019358612492021
1.0129079895413022
1.023961837656374
0.9897522121530319
0.9983849070740618
0.9964513851475848
0.9808232795348658
0.9921598343634755
0.9845282083178643
0.9877122754410387
0.9716825991460699
0.9787389987297466
0.9587829110346953
0.9710416747146637
0.9846574140963551
1.0325954413742895
1.037192443434314
1.0748689901127357
1.0637184766348653
1.035558818353608
1.0465692649048333
1.0639007358855772
1.0610599642673018
1.0565284649739994
1.0463343652005752
1.0560543399155715
1.074067901012099
1.0542678004023651
1.0604016194416146
1.041780415085319
1.041296909141224
1.0294426278142024
1.0207562125643455
1.0432472861446744
1.038372141259942
1.0120868510050853
1.0385756896260494
1.04245931185631
1.0405731127662712
1.0679266440370099
1.0693907645860814
1.0762842110157256
1.0539731631169926
1.0593774146617925
1.0521024719996346
1.0489090226079687
1.0421413785454272
1.075931532411843
1.1032687960521816
1.0979797044649455
1.0757129237972485
1.0981412448814167
1.1191663989771405
1.1089028785202646
1.1268091049357567
1.160095026078872
1.1802600923030684
1.1513348418090912
1.1588275326346462
1.1407041018695523
1.1282969220728862
1.1583665089075512
1.1485734452355463
1.1377332898228745
1.1130624279008332
1.0989897313217192
1.1052551647630486
1.0999832467621857
1.1062294342983667
1.0879983626980787
1.0975800573450187
1.1021792523949374
1.105612800818639
1.1076533268394169
1.096551405790299
1.1067125058021143
1.0974512560860967
1.1272178564153272
1.1392177618863808
1.0911451464143074
1.0980043466522775
1.068449417582706
1.0790919523692741
1.093886529276784
1.1143079037122186
1.1348623420834776
1.1273841413330639
1.1538440238811851
1.1706224078544174
1.1514535367089458
1.1381532229063192
1.1489469464781057
1.1479102167572863
1.125473143081973
1.1000743272192497
1.1013322321999262
1.0739928945358073
1.0450931103455905
1.0741410009380201
1.066764995487424
1.0733674573323553
1.0527931294950568
1.0606964952640539
1.0708698149624873
1.0752626728779149
1.091420819605656
1.1125385281693956
1.1392911251876439
1.1408163924225196
1.1341834129804784
1.132333701447025
1.1545715607051343
1.1669746382185564
1.1694331337237505
1.158336153467284
1.164631303941861
1.1825502257711304
1.1540650228572717
1.1615868563514993
1.1874628142911345
1.170763595502471
1.141510707538567
1.1509507743756875
1.169764928014116
1.1751504126173407
1.1856207122539584
1.1803228636255467
1.1645984037375987
1.1438523288666302
1.1709427698300283
1.1541807917409308
1.1382321846333947
1.1279127016853763
1.129946377090024
1.1071892467582964
1.1078877624518289
1.1017511442693455
1.0908143576354858
1.1085533390663684
1.0860575650457491
1.0809122418053634
1.1069299614524195
1.0973495346480646
1.109569334474007
1.092898887527258
1.0794339862600344
1.0557380555162799
1.0493105274926129
1.0404442549783866
1.0542309622008577
1.0739363188789708
1.077315388665608
1.094202447205252
1.071441814457178
1.08902280515125
1.1048167728186855
1.1149294769060443
1.100690433051644
1.0935508623178898
1.0988673829757358
1.1138825365640428
1.1323687110579816
1.1166155702510625
1.1266359055460833
1.12555235930356
1.1116073011796859
1.1228942741024652
1.1318028338142967
1.1274440033088342
1.1557419660580415
1.1610871822895314
1.1969318461553307
1.1762701108267437
1.160227846373243
1.176775379097227
1.1635247155473651
1.1707637064943146
1.1771207673826214
1.2003124048294413
1.161984025084172
1.1704218672917484
1.1677097730221897
1.1331801894753797
1.1065325699557016
1.1177194268653592
1.1260220055331143
1.1379831780492733
1.131643164531769
1.1406891210756007
1.1482077890564024
1.1516848678112865
1.107592614282861
1.1071483216400129
1.0842663692737693
1.0931016829051552
1.0985057720886282
1.1092619501711427
1.117233484367115
1.1012324833904348
1.0898075570084689
1.0729352281200257
1.079886282037212
1.109597538662978
1.104203074153656
1.0978552144178175
1.1298990332847336
1.1110651204325999
1.1192444799450627
1.1013971163636005
1.1242141371748584
1.1375765531315754
1.1258342431475994
1.1173758235530353
1.0852435395288422
1.0905274478165794
1.0747967870511788
1.0688296509161892
1.078014557940951
1.0559800516781637
1.0714093387274706
1.083791680558063
1.0933947758898674
1.0826629000397505
1.0479195922792566
1.0620086129365198
1.0405468879432627
1.0206093802193348
1.0198060564987075
1.026476045044045
1.0159299935797987
0.9927954874050711
1.029846743682174
1.0599832630648065
1.031711332602001
1.026717793748829
1.022990748676814
1.0307806466445206
1.002797966730585
1.0093898559512924
1.0301832931155914
1.0487885048585828
1.0705047237276364
1.0869563211597904
1.0833413973010035
1.0857983747767657
1.0758203107454567
1.055835470916596
1.0601842869478055
1.0519841027208592
1.0253555292768206
1.0519330872437396
1.0756419175815441
1.0517761367853695
1.054391690328868
1.0488491730357339
1.0131705524971006
0.9939814600311762
1.0163185998574784
1.0048128663944003
1.021774082168616
1.0308301835335003
1.002416998542898
1.0005474917846373
0.9800143530402816
0.9798212758011757
0.9617226277135478
0.9703849056144794
0.9439317029769907
0.9381524518361348
0.9313993991494516
0.9379237901014069
0.9459933157774988
0.9398293866855487
0.9528371568985657
0.962105134330211
1.0127752268389492
0.9932924885708528
0.9908411859467816
0.9709271906263803
0.9624302001488484
0.9396425171824412
0.9391893591012288
0.959557284420673
0.9411877227803723
0.917494903300693
0.9284248766195768
0.9353677336937306
0.9189764371018316
0.8898888266218321
0.882407219580609
0.9118867444325583
0.9135958566968807
0.9134719099933437
0.9048934179289125
0.9077316139311512
0.9224433969481983
0.9122104541603141
0.9183928859813127
0.9167432211824326
0.9465843885776062
0.9603429277585526
0.9412343582295575
0.9438990738626732
0.9695471373359094
0.9803816055536028
0.9907661970768776
0.9795298046745623
0.9739964541485729
0.9687834687141641
0.9573255937409301
0.9743667611944915
1.008448440729492
1.0215304772939187
0.9847723249827264
1.0166322441008873
1.0058998933009762
1.0153332515996534
0.975040001806616
0.9894355184290358
0.9791273843691848
0.9589905504050402
0.9502209004035936
0.9574443876126573
0.9644832497452245
0.9561438035735497
0.9733086640805866
0.9737118509176625
0.9650511239324578
0.9896614998813422
0.9910256576898957
1.003685674896039
0.9824688935288385
0.9717692516391432
0.9620038664217012
0.9723046132343325
0.9894421698927341
1.0060445999129983
1.0035707226562787
1.0198406629041548
0.9945396380684293
0.9757257309511548
1.0045831718689917
0.9952225863520346
0.9975395196668145
1.0352003989802394
1.0410169276888674
1.062632486562098
1.0442623733486782
1.0649405091213544
1.0864668338731553
1.0779278758331456
1.066108339882456
1.0730391217782065
1.0820407050590242
1.1030279115955937
1.1026869593009392
1.1070809514767215
1.0784257818617518
1.0385141167091767
1.0305015228172467
1.0102033935240686
1.0035366251285562
1.003892696192565
1.010159330969549
0.9912776013264729
1.0064504532658487
0.9858752106228723
0.9678082247522073
0.9466380254797613
0.9212804519636433
0.9275860652665333
0.9228443238288366
0.9176841446302705
0.9048543853374698
0.8865755461868889
0.8673689851891608
0.8868406134356734
0.8918164929612564
0.900766646385016
0.8927640576377217
0.8775120867531544
0.8892754256623765
0.9067951848490355
0.8806869615462751
0.8592724149057899
0.8784416537854245
0.8486123524531167
0.8313050237719078
0.8252180355087249
0.8325831561148861
0.8294062172596082
0.8227450223986821
0.8332815252941757
0.821245232491757
0.8165928094924967
0.8272461190157914
0.8299453727652238
0.7925857524954851
0.803664684526382
0.8373864410872198
0.8527946164475693
0.8569980839538522
0.8376718968333212
0.8545992273751648
0.8525038644513316
0.8545218990671208
0.8444649418048773
0.8433376861894286
0.8616070228911832
0.8866153751159895
0.8691557547399319
0.8861704314718563
0.9028455144717993
0.886743890523524
0.8548641750190492
0.8147678868833195
0.8239438536951305
0.8119234142287494
0.8181136026517274
0.8507695459450616
0.8561700095643839
0.8390212936019318
0.8406951673265802
0.8249409032029578
0.8290956808141571
0.8375541424040829
0.8435451304563588
0.8429005612774447
0.8344725427204926
0.8495158572389624
0.8408523042100892
0.8191932627146936
0.8074591576451275
0.802226066437663
0.785365879386884
0.8070332386638317
0.8009516917341069
0.8280729893787884
0.8319349504025977
0.8519505692320185
0.847520212573555
0.8505380968405013
0.8334810649985329
0.8289945193000449
0.8352623524149463
0.8458066347512436
0.829317863063138
0.856469131961968
0.8717503379114115
0.8416161470261234
0.8509912395453603
0.850168132234663
0.8425373251689059
0.8676721880450604
0.8706550340672461
0.8778871182722621
0.87133652867593
0.8549689716659112
0.8655033979007881
0.8372441794836615
0.8166723734514391
0.8175761273074645
0.8007584758906795
0.7969218767033374
0.7886361290864835
0.8163147862232237
0.8199761131184475
0.8440934439222856
0.8345200117432783
0.831089389820231
0.8295072803378802
0.8352462222091142
0.8392931094101951
0.853238281325107
0.8648011733506458
0.8386504421782862
0.8078013331392262
0.8385272373899255
0.8173344987735105
0.7774132329151173
0.7490689840677554
0.7691129823505709
0.7553758118689607
0.7765313400009999
0.7574808041357978
0.7612451270580312
0.7769084925561798
0.8077767098846307
0.8124546735348908
0.80367509093546
0.8313149215242553
0.8387506694603883
0.8391606454644296
0.8335955607634966
0.8563932097435512
0.9329090816178137
0.9373134628206958
0.9652949482253578
0.951387660438447
0.938494252954685
0.9581913866322501
0.9335021274740403
0.9094630502986245
0.8850752808007123
0.8849666496883499
0.8865017490916133
0.9015539681295605
0.9119107833263926
0.8874364152685862
0.8979199227854219
0.889992411804758
0.882784356444964
0.8923722229825493
0.9047781219923898
0.8796279817456361
0.884892889697535
0.873207299692622
0.8894902167058976
0.926330715048182
0.9310384022377044
0.9194197378349341
0.9296427801148767
0.951798751190236
0.9352762657883372
0.9149607100678611
0.9138818008987392
0.9200378040441923
0.9009173755352786
0.8826364710852608
0.8755634192601759
0.8947266399832873
0.9080731254814813
0.9280223154481194
0.9164249745887951
0.9140018242507464
0.9169750892512764
0.9299029882850859
0.90217451092601
0.8936736238147491
0.884752120156175
0.8845950295986071
0.8837040259701346
0.8851170511435338
0.9096418250329281
0.9086419739633507
0.9074188518331976
0.9090617249496105
0.921468401147321
0.9203499221042986
0.9078503623798521
0.9200717548764751
0.9207767419651132
0.9304038778901783
0.9242571196182607
0.9198276072805366
0.9601720350274844
0.9594458627871268
0.9336781476031417
0.9363112306601471
0.9285561833261998
0.9081501334020223
0.908026547754505
0.882300803914028
0.8805238349191541
0.8674222899362217
0.8628738423337947
0.873631949226446
0.8684919068276087
0.87854404557358
0.837977147695153
0.8551336316422705
0.8743813822311222
0.8746926888771862
0.8851027568275118
0.8934126715916582
0.9250003859544597
0.947114613677798
0.9344384400012684
0.9176482708340389
0.9088533612284748
0.9170621411039397
0.9358967642489037
0.9382386099016565
0.9379000737138833
0.9238488825595861
0.9342077197034837
0.9283938640897786
0.8855505108194315
0.8879503070183036
0.902747683899861
0.881524662607078
0.840331445284477
0.858801053642645
0.8659037053165513
0.8538487702506968
0.8748115652157493
0.8608501237884881
0.8605942342454206
0.8647211221861832
0.8537206472506442
0.8340328635374027
0.8502220424953943
0.8499605747418678
0.8381375149213102
0.8328301975376871
0.827267382002264
0.8312456355805172
0.8636038670840527
0.884860378650669
0.8729086728782764
0.8672788570441017
0.8639431593133461
0.8795735451992096
0.8635922224992104
0.8601646895782575
0.9240952634951269
0.9150646518692742
0.9102152939102431
0.909146919140265
0.9018210581174775
0.8865126217602137
0.8756566381786668
0.891690776837593
0.8801738195000366
0.8782197923443706
0.8884761778950525
0.8744135402519683
0.8685522028556939
0.8764233786382776
0.870978443923761
0.8889115713307797
0.8658117354038608
0.8692729042705929
0.8417857760496039
0.8534993148923534
0.8699223931101264
0.8668574497949075
0.8530876053259866
0.8599620848244474
0.8760247045292298
0.8679889169574271
0.8847590288846288
0.8701058372443955
0.8459203006845895
0.8604935476432815
0.8675269977762684
0.8645514183036411
0.9000657999587462
0.904956544492075
0.9237914398043071
0.9110921097383843
0.8707836425265154
0.8846265659840398
0.8925237662709125
0.8764546970224358
0.8468849051928612
0.8360246974903276
0.8485899060996912
0.8584189357535168
0.8806184724059614
0.8708306208409137
0.877887310034792
0.8780347446340593
0.8764690990327382
0.9059713747018326
0.9291103368795968
0.9139383562842361
0.9008630754105129
0.8974063484697326
0.8664607804213882
0.8637857397715996
0.8328967501156255
0.8327877876237387
0.8589339123607472
0.8564761497375939
0.87128451333443
0.8878323521621847
0.8762731201747326
0.8712712245233161
0.8865758564996258
0.8835923240536283
0.9045088457730673
0.8787585509417734
0.881718841165905
0.8699015156862842
0.8604765248500894
0.865833598275038
0.9279798988661792
0.9308306056140767
0.9301821942851854
0.9477058161507075
0.9124298817880756
0.9292665114920198
0.9460447396008043
0.9219454776201965
0.8979598310891581
0.9107350235578604
0.8950787256279695
0.9136630924129986
0.9296554483538669
0.9246676739769296
0.9472195746150399
0.9272467341103134
0.921423104973297
0.9370611937182265
0.9566142501604611
0.958046671327688
0.9829974372895757
0.9976026935138674
0.9992200978331782
0.9980116507457727
1.0364943265568605
1.0307731341679633
1.0057132664683204
1.0265120000994323
1.0064640434999237
0.9941512497333026
0.9968005702259826
1.00581455455726
0.9579145156048535
0.9409577930407687
0.9481777935228308
0.9272613587284023
0.9347791193310483
0.9187044469418355
0.9241139523851637
0.9379120114426905
0.9751380811556583
0.9975410113706519
0.9703256485469464
0.9607553291725552
0.9618758487572096
0.9762774857056067
0.9451714992676341
0.9551600392822687
0.966998813277821
0.9625444530888266
0.9649974561734771
0.9577522560177614
0.9796002922636758
0.9780061438823283
0.9878176700253088
1.00267530057973
0.9915952359119039
1.0089359405343514
1.0063077260014708
1.023011014212022
1.0395132624789152
1.0465002569736548
1.0591289385537523
1.0492565305072241
1.064776982104986
1.0549336584801892
1.063777476552106
1.0970802760262273
1.113143960787835
1.0936700707580351
1.0664567348490253
1.0717618933913486
1.0535542758307486
1.0446087671502622
1.069423573384273
1.0624363042602292
1.0570047049062625
1.0518008122385378
1.0539177587515514
1.0401112845260325
1.0311232432550805
1.04178736702365
1.0652347067675911
1.0476469578637129
1.0590034885347541
1.0539485614498083
1.0821916902977673
1.079608592745558
1.0839436438408097
1.0687727296004157
1.0828841545935042
1.1060857119252114
1.1046131337515435
1.1124866606396822
1.1238152388540557
1.1050218554220848
1.1013058362804014
1.0973822260466357
1.1204184221887277
1.1178841024245096
1.138293095915306
1.1516277581721073
1.1368399907205669
1.1240482991855154
1.1201194673301402
1.095065261460698
1.0784057427893792
1.0868519365297051
1.1095438590347044
1.130910537959776
1.114372765618171
1.107170857022081
1.1200923930034246
1.1275628859898201
1.11138312024419
1.1397093864272378
1.1381781036589937
1.1722746604375147
1.2003594777702855
1.1926794541325823
1.223810709426456
1.2013773151542924
1.202305644587925
1.1835523595019743
1.163201004705696
1.19465577005257
1.202902105440066
1.2001505702817423
1.1601587700011948
1.1500526556533879
1.156832020547953
1.1549633321736974
1.116619968868382
1.128429516360897
1.134446853340687
1.1332853918041097
1.165279547620232
1.1474395516284588
1.1172022262674637
1.119581060406063
1.1281529033883864
1.1525227792554826
1.1532426494159893
1.1320594803864208
1.0970525269400029
1.10140298261231
1.111067934953638
1.1126288823625927
1.0749425260843806
1.0822337350135671
1.0801385067253426
1.0796769524613223
1.054056023780383
1.073020587875094
1.04764884848192
1.0580335121137536
1.0855774549426185
1.0749922556814737
1.0754662898421135
1.0699666639268537
1.1030619967745077
1.081887535640908
1.0460795308503166
1.0617368538639231
1.0605303303167601
1.0408450613446951
1.0464337098919727
1.0326110369615569
1.0357081024647847
1.0090827779931586
1.013432837662019
1.0108882290471304
1.0242065182848366
0.9985362224555293
0.9974282087792705
0.9913437019863869
0.9660110301411875
0.9766436066336657
0.9779134631615267
0.9929935774254504
0.9809825728735144
0.9903442012714705
0.9734255307330063
0.9724914582378683
1.0077901096733142
1.0073794259741053
1.0060002030672501
0.9916436111193251
0.9710229668505355
0.9836257623989382
0.9846428274445946
0.972750842217924
0.9961547664358377
0.979415004798444
0.9938619713343766
1.0157864754465151
0.9780282705181976
0.9828677576321919
0.9734609114097797
0.9882791179753758
0.9764852958834549
0.9864375131410953
0.9984846249993344
1.0051026429434822
0.9820993193785407
0.9739143665777712
0.9695611315383547
0.9861746185286546
0.9929319373482276
0.9764769841957811
0.9624616718640893
0.9603006491790514
0.9440059054716861
0.9486489518595469
0.9523396578037175
0.9595136843612458
0.9747471511489356
0.9848080854181045
0.9737326741015947
0.9790767735014241
0.9670805659618319
0.9716798073602932
0.9481018622923659
0.9302752300755122
0.9346367776519847
0.9266475991377767
0.9239634554826892
0.93316816920949
0.9467087600098905
0.9512602650674357
0.9645199774179397
0.9700696821501326
0.9635704034535575
0.9596714815521704
0.9866830159626107
0.9784071960927917
0.9647509634327115
0.9454277918876788
0.9351335228329793
0.9333294434919289
0.9456556888284467
0.9602470797199976
0.95874390323358
0.97379594552811
0.9887074291950706
0.989611981204748
1.0060995148953802
1.0011123714690349
1.0117951615531358
1.0135494736496033
1.0396012197876507
1.0213159429434717
1.0062324989966114
1.0072864265329602
1.0059626618107036
1.0112218657058716
1.0228389892614445
1.0179527522785905
1.0095922322289606
0.9903144945725577
0.985322374377498
0.9860951958567089
1.000602579861631
1.0102582937695566
1.0301205640472022
1.0359912575187835
1.0109218661770845
1.0026095193134072
0.9880110738276894
0.9785803059943616
0.9984101967037304
1.0067949183497353
1.015779504794374
1.003528965774349
1.000186066923322
1.0212215767616661
1.0307208121210159
1.0219794999083667
1.0431440366122249
1.0524570138901963
1.048815902900517
1.0153635819558524
1.0299023561067024
1.0533722275459585
1.0561857226381948
1.0728497191317985
1.0443985632273278
1.0565087095002865
1.0810610306183892
1.0724632331355675
1.0660148950212753
1.0699261167515712
1.094103461204278
1.1017229958879502
1.1096838651818255
1.092548482000311
1.0778885328163028
1.0641169260913166
1.0514372085332135
1.0688766488107118
1.0753738091489897
1.073430333935065
1.0978113119994268
1.113500816624765
1.0803949601372145
1.0842544863879662
1.100930666640223
1.0845988638718804
1.0846286512823011
1.0841989438742612
1.066019055819872
1.0755605047288739
1.0507485097352445
1.0631344627648138
1.0418460699279533
1.0552036525733746
1.073679736236027
1.0724197051784563
1.0695751866916396
1.063278083308477
1.0789739855814708
1.0550452874549026
1.050437625568102
1.0374628071896015
1.0528665231114092
1.0663118247565673
1.0721653328825285
1.0961706866722716
1.0784028889628594
1.0727811660835729
1.1048357010941265
1.1011295660412388
1.1261623843623536
1.1103034689416735
1.1309959290856664
1.1345628824642207
1.1265847321410418
1.1431237881957725
1.1162301350106199
1.0933080766900691
1.0871993578434482
1.1057767856491119
1.1167737117919154
1.1027652487214863
1.1208537233818203
1.1356894530368757
1.0956007997245605
1.1197142539031137
1.1588508751780393
1.14073499771438
1.1291527209361965
1.1428778154493877
1.1175490938206196
1.1339548162110618
1.1052635701761688
1.089175451453607
1.0618664459619978
1.0611601459897217
1.0721093215515938
1.0671765079414317
1.044125684301616
1.0175526669989148
1.009154867239743
1.0238714682313073
1.0200384187347262
1.0181508162843438
1.0325409557919294
1.0486868772740663
1.0147613176573704
0.9984915758846471
1.016108587311303
0.9968784619860054
1.0054662175144136
1.0196828184430258
0.993961092824276
0.9731677610953721
0.9339838303171097
0.9479687782776505
0.9426075758331981
0.9597817393292958
0.9749197902374855
0.992375701085494
1.0025900968642636
0.9826354596256517
0.951843608533719
0.9525469634663135
0.9768575801507422
0.9788481783100696
0.991855526865376
1.0041745079232567
0.998810530742203
0.9818756006089846
0.9890253674256878
0.9943477924932903
1.0110984062274637
1.024608735532628
1.019467015910902
1.0242703956881811
1.0445569346699777
1.0236796363568417
1.0453137425750652
1.0479976121052401
1.038507696632486
1.0371174287838671
1.0321837685566833
1.0268752382884132
1.0213592581918447
1.0364898859457257
1.0786132344712593
1.0593529601776264
1.0519097027807882
1.057257356357831
1.0445111416490125
1.0650266040283825
1.0670646843723182
1.0563049594884288
1.0713634078110625
1.0526307476910395
1.0553167178051877
1.069338897324734
1.0606684714849572
1.0254041909179843
1.003600665993447
1.0177380131113374
1.0348408101716897
1.0282341265090786
1.0199239579182282
1.0463393738103424
1.0667101979693583
1.0696782997480223
1.0682264581610186
1.0841758519350466
1.03532288116197
1.0068598918953822
1.016734621608395
1.002841493388823
0.9912116173120009
0.9900090763956215
0.9795490413025573
0.9925241044689924
1.0196960569521076
1.007987637260238
1.0046280516442947
0.9840978131041438
1.0184450992974492
1.0011226242828413
0.9883568872371166
0.9525912797623494
0.9131280045380158
0.922569050547071
0.935949133361844
0.9234854512154673
0.9297116103925337
0.9463273863583281
0.953822425028607
0.9715787890665776
0.9848487133220456
0.9810224089948976
0.9596630946253087
0.9407465209348455
0.9386252235205275
0.9526484633305983
0.9536977068885885
0.9528372976347861
0.9527493310116091
0.9732549075284131
1.0003713849865254
0.9802685306762488
0.9669869249470193
0.9653715137069351
0.9551450523711305
0.9404344272504159
0.9402215478785588
0.953909394240276
0.9276631184871089
0.9131190645626325
0.8869085379296798
0.9091574892296239
0.9288004733575387
0.9229158738729237
0.9250037919977051
0.9457794501651358
0.9395724406766846
0.9552338597641636
0.909245785918145
0.9121072608162184
0.9108035295936484
0.8906149236709389
0.8769027070654888
0.8733447365119812
0.8895960565066274
0.8873891085230623
0.9025939307791486
0.9102283997644806
0.8953222705060536
0.9182326792110783
0.9533645962412967
0.9409188604583497
0.9273075146162832
0.932353034931379
0.9247704127707014
0.939694070684342
0.9275504184293444
0.9458752688174524
0.9590585399260284
0.9413803551488791
0.9451578119594253
0.9402548152548752
0.9414771346293217
0.914676764429166
0.8949238480358686
0.9138108473562716
0.9404231576023117
0.9530009244208895
0.9598853736879097
0.9828694989369025
0.9935312835264914
0.9891929444500223
0.9856752567971195
0.9823359787688138
0.9832124897561568
0.9700221278206023
0.9665446672886124
0.9489318349619634
0.9393941583709416
0.9190070998815676
0.9451197271966927
0.9436662367329753
0.917206786031241
0.919793471078937
0.9187190776222802
0.918735869464044
0.9118540730506429
0.920057983023022
0.9262579753592456
0.9318810643533153
0.9268165433119733
0.9106281591994028
0.9033763407535784
0.9003252470199028
0.9166798796085458
0.9243452211279932
0.9232091310750786
0.91975580521765
0.9487870996756342
0.9446803056181698
0.9616993293154377
0.9484960366959494
0.9265085500639182
0.9404021772211899
0.960335410901934
0.9499238619101018
0.935258232709003
0.9125941512840466
0.9004675347146955
0.8920797457851304
0.9185627499969293
0.9350809882249829
0.9498122295406087
0.9532841914466126
0.9475596658438842
0.9497962584359556
0.9326964928000798
0.9508075895299248
0.9406824216747192
0.9772964281880635
0.9907113840212225
0.9874414824996426
1.0231384471593978
1.0080832039414886
0.9881801953699674
0.9949393651048738
0.9682034365876399
0.9839493436793706
0.9927111722834266
0.964162528717464
0.928027372170011
0.9321847323900371
0.9119219680970547
0.9151376491650507
0.9154689398993328
0.91004220063822
0.9059811199114585
0.8964890779391718
0.9191206451156513
0.9304930004761836
0.9242887103673434
0.9223539543596343
0.9334335152633514
0.9278541277000066
0.9457125992618017
0.9191714303874554
0.8993728395376358
0.8877688702555114
0.8899988743871023
0.8945962596797844
0.8847329271896374
0.8777333094914153
0.8602299120844903
0.8572353549997249
0.8791520783583305
0.8768126174557552
0.9118514020513214
0.8964358977997678
0.8689820613710453
0.8685213995146857
0.8863287091829802
0.8906798302699949
0.8500859593541955
0.8299971155300552
0.8540886242866357
0.8426741457984153
0.86426839221791
0.8516449100688106
0.8472423414045457
0.8725392855046105
0.8429854869480036
0.8416427807402016
0.8644533700020378
0.8676069394823722
0.8856591624531384
0.8828735538996819
0.8733887965068419
0.8886014288332845
0.8946687582653825
0.8705732472070697
0.8765789739422674
0.8725930764814198
0.865724108606489
0.8527417054775907
0.8604139639147024
0.8529804046806664
0.8527218565035888
0.825905156170658
0.83852673086992
0.8490098384280264
0.843244152416498
0.8533569696854296
0.8372175691809283
0.8242147137277441
0.8545118317842127
0.8495033712579344
0.8540493592251244
0.8441195725721935
0.8381004733199356
0.8243681986604223
0.8481021624330146
0.8683749657108106
0.8659426735829729
0.8434012758125191
0.853995810797151
0.8630695480119425
0.8321147599993712
0.8343387749293605
0.8300193265904052
0.836161344479719
0.8423406455126137
0.8718567564936663
0.8590568623353704
0.8749753512617915
0.8711766160480702
0.8767333235828132
0.8812616818461293
0.8908764136983037
0.8470547653539618
0.8481323002098542
0.8581661291558087
0.8661723600668366
0.893598014243322
0.870634372417578
0.863026659351805
0.845783344040668
0.8595974730013605
0.8633886186458565
0.879193856516665
0.8902479720868536
0.8756830466098066
0.8892568886225163
0.8822258783753283
0.8676545457459519
0.8698789242567155
0.8545249354251052
0.8420952325111211
0.8494961285374905
0.848057707310789
0.8496725224569502
0.8344364095665565
0.8121563984532796
0.8407979823836665
0.8725845552464944
0.8623606223924654
0.8689106485743116
0.8602374765902598
0.8510763747089921
0.8661770863890115
0.8532350795632107
0.8755070962461564
0.8679676335421669
0.8932182417651043
0.917144402893473
0.8986095370784726
0.8815995251349796
0.8791966610861566
0.8550094843148042
0.8658731283567676
0.8532134307927612
0.8567054386246153
0.8545828616849014
0.893280169850908
0.8933308284114216
0.8804843933835397
0.8711972349236355
0.9107411548944258
0.8866666600741434
0.8642065240325534
0.8875711387677006
0.9036821981671157
0.921078856286614
0.8888316663862127
0.8860754012442413
0.8434314994505702
0.827959965113463
0.8014500785208374
0.8180267266591797
0.8435612854156667
0.8744246948489792
0.8767735725790308
0.8527614209292715
0.8626945983488
0.8534078590626781
0.8509603115554049
0.8561241956101647
0.8579287454605437
0.8763021944427192
0.8854510158892404
0.8618201812223563
0.832177482179908
0.841914002237732
0.8697896853824473
0.8884483936276584
0.8795291839779034
0.8607640309140334
0.8724306211171513
0.8564520692324726
0.8615704984306043
0.8512329929405178
0.8630897784425895
0.8507324970176341
0.8705560944266302
0.8581555623297636
0.8611136181973769
0.848606999968089
0.8459091166502107
0.8585951143924594
0.8515981745728132
0.841503354078831
0.8757614283990439
0.8664124998788199
0.8754824160022597
0.8553962613019827
0.8160376511974736
0.813753110051308
0.8299968161740439
0.8339019483692791
0.859430585043212
0.8454071284424196
0.8320958929986679
0.8411276572045282
0.8239596752719034
0.8196959552714812
0.8385932322179295
0.8358076570360309
0.8432300847144271
0.8399878842936617
0.863843418820314
0.8777866914717515
0.8531957423098064
0.8552343530195815
0.8798479205945454
0.8695410046128486
0.8771086334836095
0.8903183195439474
0.857108767248866
0.8547842437686555
0.8317718813913824
0.7981711487093053
0.8019185211028774
0.7850532072212892
0.7732027410003741
0.7872650530946054
0.779088967203433
0.7695188922037965
0.7820024637356839
0.782546866726026
0.8083023799768542
0.8249991471967886
0.8253220129209642
0.8115392103650123
0.7990534092065199
0.8077160327253183
0.7570391813815945
0.7522011788851919
0.7631480460221003
0.761116738161931
0.7750491418057094
0.7771789208825025
0.7536581419469881
0.7604654947251188
0.7882095405736882
0.7673383915845275
0.7615335183757476
0.7533001388087873
0.7551211827154573
0.7442800146528395
0.7563728408718965
0.7698902367948541
0.770943212288161
0.7810309410096523
0.7618494074155622
0.769626094475883
0.7892666753984046
0.8115938677414275
0.8227190449081957
0.8055312503451798
0.7711802369325788
0.7622411032134392
0.7611096429980373
0.7724102920249367
0.7881549893490108
0.8100449525023159
0.7934113518946654
0.7931876732792591
0.7890792745893243
0.7923581932630834
0.8060781528038956
0.7926018670967344
0.7764667499903355
0.7858029173225531
0.7769275202365186
0.7841063758480293
0.8251356527231386
0.8129267355420541
0.8175487702478397
0.8022675449718034
0.791063354269121
0.8040399550729891
0.8109338911253392
0.8078376320126638
0.8299803010776721
0.8415017680653823
0.8289141934269411
0.8101972562182292
0.810264027954584
0.7963155505434318
0.7892211516106429
0.8039352005224548
0.8038147991192415
0.7988655928907642
0.7675548815143338
0.7705267503342872
0.7551617662227547
0.753640746816021
0.7777015085777996
0.8029930085307537
0.834879741012887
0.8311962456082094
0.8191933862181138
0.8011664807131055
0.8104471105518734
0.8272006799410866
0.8059975253535163
0.811361466274689
0.7974265018375483
0.7932072717717031
0.8149342871399999
0.8213299071170208
0.8306669770456604
0.8299285090840393
0.8165007799822853
0.844081028079111
0.8178897845650173
0.8249192613093097
0.801759878259642
0.8185863518465634
0.8457644751835616
0.83268415172041
0.8261333128387842
0.8143894836399279
0.840910819232674
0.8388926057909074
0.8427708058958815
0.8367258185063338
0.8630209035401569
0.879487939307575
0.8580046767131955
0.8745995392106447
0.8591784272345905
0.8687033840378082
0.8728504805320078
0.8887448602283969
0.8857743701158528
0.9067995931101233
0.9145456852920432
0.8839594375024191
0.8532595953265816
0.8688120112664648
0.8904482466268651
0.8936175723979929
0.8856985256727558
0.8858753076812999
0.8670164851473786
0.8656969414423074
0.8779014931075406
0.8819932208412288
0.9113892026212729
0.9092284452100438
0.9082953841010981
0.9409033511747308
0.9570603974549639
0.930831636687359
0.8987464574617989
0.9192191486626389
0.9232766171947491
0.9346407816038631
0.9040165953060914
0.8995065144995291
0.8711628993109741
0.8792164211666642
0.9113467870810682
0.9080055044594181
0.883481147936785
0.906774359158277
0.8758529562337516
0.8696098060035548
0.8853849278484957
0.9063798546657333
0.9040542839104833
0.9061197262048174
0.8841533851760531
0.8629015727846214
0.8862929433597425
0.8923529561108662
0.8645547788333975
0.8746474308322885
0.848802599426145
0.8368316519125668
0.8221335905417542
0.8286589787594161
0.8339485327363971
0.8259285549842046
0.8527179422608603
0.8386823016434594
0.8432834371432878
0.8308395910047242
0.8350826061582276
0.829317181833203
0.8393072233406571
0.8281217679051434
0.8423892070936586
0.8249654456409484
0.7825592761062933
0.7650586151370478
0.7843763039980081
0.7809687087761481
0.7804165668580925
0.7612536567300219
0.7439724227647315
0.7564571930095847
0.7822131014114208
0.7918809418686159
0.8026796728339253
0.7879744991357367
0.7753417795124657
0.7847339963119127
0.75442962076173
0.7424260233751865
0.7441341412412384
0.7667946766495887
0.7728424442234763
0.7751149023347634
0.7633851368671263
0.7593832523875157
0.7422793135536174
0.7214913744694533
0.7188522772156734
0.7209827691621203
0.7180469192932206
0.7395541963809902
0.7547068820186975
0.7551401266610692
0.7433212251875252
0.738736406703018
0.7961564956157955
0.8142190126456321
0.8119365965084161
0.8211006904072917
0.8181101475609402
0.7793766962390342
0.7673484327581679
0.7783893765966209
0.7708061027699697
0.7658347928129948
0.7701317259673598
0.7493760330670253
0.7394065647363721
0.7249368913851224
0.7252194530068652
0.715400533977286
0.7352031033278814
0.7317114963518783
0.7415423576100394
0.7523614402514707
0.7236978986388942
0.7290464740775535
0.7120062388916009
0.6957694699967633
0.7079923601814068
0.6917020601771102
0.6799210475104571
0.677748839568835
0.688769672932965
0.7141369817723919
0.722686004186047
0.709638946864193
0.7222682903076802
0.7127004802034398
0.7376591049162469
0.7321630706158486
0.7193434260803908
0.7318112621117872
0.738220849497247
0.7603869606674445
0.7795069736885056
0.7937590974240717
0.7855519811346156
0.7920596434497285
0.7937896113673597
0.7669756858983994
0.7624785221330637
0.7555064526634045
0.7939995828243791
0.8161411657761953
0.7975456376425106
0.7872445933991394
0.7668547613460744
0.7824091757070717
0.8103858896600763
0.8149536554749034
0.7978473290568326
0.7921428424697912
0.791039265478638
0.7922998118820029
0.768307194807468
0.7483700801036386
0.7520194944265326
0.7598529086954553
0.737810339408355
0.7259332846021866
0.7307876577106736
0.7476248746840802
0.7607714115206613
0.7784380448091122
0.7633487755961601
0.7580047227998091
0.7160932713612436
0.7170095021693482
0.7320359454907357
0.732562254219895
0.7251341597196205
0.7415254200421302
0.7219645406949948
0.7554536413958564
0.7631650229783865
0.7775746263658705
0.741998084184264
0.76114894107336
0.7783956101527825
0.7833437837491719
0.751862218710586
0.7566996988654313
0.7457340125136742
0.7285664567360052
0.7565744247799591
0.7376342501531695
0.7223046571342052
0.7282301195238448
0.701787432051661
0.6900494109522763
0.6683488007825831
0.6689996699173933
0.6429519576351255
0.642598255376859
0.6225945783492401
0.6294636870900817
0.6221121347276575
0.6287047286060099
0.6606867792740783
0.6551926032236187
0.6303332944843798
0.6264519699160778
0.6404304142234747
0.6511507879627902
0.6386920406107324
0.6479311860450286
0.6465822425885446
0.6572018527403582
0.6518884477984338
0.6639787237187567
0.6600009378737539
0.6823066867543099
0.6913552584406722
0.6845803695652444
0.6695198088402158
0.6673738703170595
0.6882532561939128
0.6644699732438044
0.6981256302062717
0.694135762411084
0.6993016139965558
0.718965771740945
0.6818126228762298
0.6859065096807264
0.6555804278824715
0.6654763322019057
0.676136979381305
0.6905971463731176
0.678164411886435
0.6632553672426929
0.679888093610545
0.6649218012239871
0.6580549704440735
0.6624160141084604
0.6759820843399493
0.6943530364466739
0.7129083568506158
0.6950774143573708
0.7037578449852383
0.6990960459661869
0.7203261508550389
0.7105451438875113
0.7269799345246166
0.7422268081379984
0.7569199491832982
0.7426748695953458
0.73586633268364
0.7253419122790865
0.7185818107367796
0.7269903960194696
0.7338965214141799
0.7264545003437808
0.7340475135826279
0.7445383836124773
0.7369786531160314
0.745848074096771
0.7469402264659459
0.7308866151764678
0.7557254789046124
0.7529107269977238
0.7819307200623452
0.7662913533406135
0.759025094682781
0.7654686656839174
0.7900139588968338
0.7820055590223407
0.8030163790081014
0.7857015974757021
0.7722893030992489
0.7592650435304682
0.7612603751217824
0.7523975411887175
0.753120897043974
0.7425325495217014
0.7377989848933824
0.7181488980935803
0.7120031681990224
0.6948416193551679
0.7068407475962764
0.7185798084517242
0.7145462145856445
0.7108248229888978
0.6831430530018134
0.692675446592796
0.7010020122482198
0.7146286621972582
0.6973223382469913
0.7134114908163199
0.7294390616146632
0.7081974262404659
0.6936987310022118
0.6761273758653024
0.6856411839683012
0.7005323152752239
0.7181843495900794
0.7088219287490469
0.7090837101639396
0.7075886617136262
0.7348136674236154
0.7462723515661676
0.7274676655829729
0.7022107694264109
0.7245701706003826
0.7422733251336303
0.7490947039034863
0.7472821524451542
0.7089072448646354
0.7159892289077175
0.7386402644940373
0.746133371966369
0.7427676872872361
0.7652913450916973
0.7712717784191673
0.7607284057722177
0.7670984933523496
0.7763216828208035
0.7796402923475769
0.8054039870276485
0.7752835736697822
0.7575850878866504
0.7809464346732469
0.778835600292409
0.7864681625953582
0.8048612136370132
0.786081979314232
0.8034055981126074
0.8278934438928492
0.8179684665789995
0.8078459822200734
0.7871924411434912
0.7791849072192345
0.7727110339517648
0.7937120488802006
0.7852746399327586
0.7876769774910812
0.7828709086413825
0.7509359444278825
0.759426336278579
0.7373072938986075
0.7565727080493054
0.7829964504134318
0.7653890983779363
0.7466296714860949
0.7366040297596095
0.724485917677733
0.7289597790167947
0.7532238337494025
0.7707969288768379
0.7653613768756571
0.7722996657744103
0.7975282041571241
0.8196257571918375
0.806201160573581
0.7905965125707712
0.7967590067517611
0.8154741434347993
0.8260575089590949
0.8169237374205243
0.8239113492250935
0.8389403898086168
0.823597089831906
0.8150924304856102
0.8361102224629849
0.8529239634442705
0.8379292836741445
0.8321689017982682
0.8271676897477042
0.8078133322159995
0.7966260768353876
0.7930185255410689
0.8087800127263969
0.7960663767455951
0.8307271399505174
0.8211062149919809
0.8039693305247173
0.7937306738140528
0.7794556256437254
0.7920305630940707
0.7814416881888401
0.7719275124742309
0.7691875631234126
0.7654995458560648
0.7690932416421948
0.7718057238372367
0.7908337910271304
0.7993833713711371
0.8084731480128651
0.7922231228049595
0.8278261153357878
0.8222458077638443
0.8079645876506569
0.786926182470017
0.8186079022573277
0.8157540296341081
0.824588124001596
0.8217957306670355
0.8451842404841562
0.8103108646831254
0.7817160214529362
0.7706323063772178
0.7581399059482804
0.7636334844556845
0.7808950378035651
0.7781474411908724
0.7645314530774073
0.7734442973447967
0.7917848487118926
0.7806486186113308
0.8150643185232735
0.8067817443551335
0.7820008654209368
0.8073513037708655
0.8066517427580808
0.8082537117850193
0.8206804856848147
0.8247832705323557
0.8011607933665781
0.8127142784445012
0.7919006532734819
0.7846607972861979
0.7865967527982193
0.8020923965632016
0.8036024892443665
0.7981253977478191
0.7885110628883574
0.7996911823400261
0.7769964532488417
0.7601848332523562
0.7617414701952077
0.7496293579318668
0.7429053540322478
0.7455591110756292
0.7403740044309033
0.7529365846760324
0.7617732971929854
0.7747626805157697
0.7621091778031426
0.7795565137759306
0.804610607135511
0.7893349922803098
0.7861166592920046
0.785469883158081
0.773702699523397
0.7633827213657163
0.7672576401782907
0.7720530554116685
0.7953216451064655
0.7972900247661776
0.7807631746935848
0.7998532020687814
0.8089637987815008
0.8369259468911305
0.8277737777784364
0.8285307920420575
0.8623719714670584
0.8882124355676344
0.8682389410615432
0.8858122356836318
0.879950275633177
0.8505533680763683
0.8442837265345843
0.835945214514121
0.8409928514151153
0.8338734709244461
0.8504347151093952
0.8761685823325573
0.9123537815139373
0.9041912079285608
0.9024528899900162
0.8941708667688301
0.914436637673706
0.9062947900119936
0.917227868715659
0.9297796670289268
0.9210335470399658
0.9390947215033041
0.9517029840424108
0.9394364474729966
0.937827000520237
0.9155255276356358
0.9183019586514318
0.9306477706365935
0.9315543245692116
0.9586418673662584
0.9605578990730188
0.9358492131970091
0.9080446378027799
0.8955161628535778
0.9027273070615397
0.903794574221989
0.9057994258255294
0.8997284688979488
0.9158398302998512
0.9146247864397471
0.935613893023567
0.9289800404468284
0.935227794562081
0.9187533143651333
0.9565386842363233
0.9554477770952962
0.9388825951962675
0.9144742572333325
0.9089813086027623
0.9247279986031052
0.9164716034207898
0.9261497595184162
0.9144036470541531
0.9272856988760096
0.9120561932653809
0.8961456110257304
0.9048149203204752
0.8870380963420742
0.9022586077096472
0.8844938337147314
0.8630877359918738
0.8622474592068728
0.8920576425792304
0.8695417996378842
0.8824569119693579
0.8826179053544018
0.9064607020874232
0.8939966395659268
0.9044954788676651
0.8935560116692223
0.8941761918146055
0.9056809605497511
0.844970926584391
0.8298460539805006
0.8419635143041397
0.8364398765071417
0.8657959234333994
0.8533588703300332
0.8444240859543398
0.8584046060751866
0.8637885938761597
0.8854029344460143
0.8717661032156161
0.8588005541136816
0.8678067177100771
0.855357865821687
0.8508943267228408
0.8318978612166446
0.8372362132189536
0.8493926640799977
0.8536500387579375
0.8447890278656012
0.8492255079939612
0.850502417587447
0.8385678056970884
0.82311436019287
0.8666733331270159
0.9045275974289713
0.9344720898814284
0.9212159531432931
0.8903848411223962
0.8865924577054293
0.8913690961154657
0.9053546486947087
0.878002979210252
0.8602072629815964
0.8792772241837383
0.8856844693194394
0.8468457345365321
0.8335425185443743
0.820983147338646
0.8372888707757737
0.8504590202301272
0.8484680326094507
0.8847184096473756
0.9100258317606464
0.9312718575211681
0.9162659619048213
0.9034235695018638
0.9090175837001122
0.9246495921746666
0.9196689343265838
0.9098760389297856
0.9304178559520307
0.9453850205867638
0.9323581033165346
0.9324489796210553
0.9649238375617238
0.98322095483623
1.0017793538274684
1.019578901701034
1.0241971010937734
1.0031559382068613
1.0014886805570817
1.0114969730942716
1.013830251133611
1.0307749465640954
1.0178894280171507
1.0047524863925714
0.9972687830399423
0.9855037294996695
0.9932691127143704
0.9762230830371375
0.9971413902267955
1.0186453017815058
1.0590525039451126
1.0806467273896518
1.0545664972033564
1.0384268312105542
1.026672571894242
0.991385887493113
1.006956553916373
0.986194939454131
0.9642545712625462
0.9765284355688875
0.9697757172549024
0.9627926769039443
0.9301532656834566
0.9388701286868071
0.9435030394399302
0.9589124032489879
0.9648962288345013
0.982837001986347
0.9984821782899879
0.9831440024595272
0.9854755056437384
0.987109646545304
0.985126593071397
0.9657144917711968
0.9732275636046258
0.9407561466150813
0.9472837764333112
0.9753903424292835
0.9709220864523185
0.9785743346055458
0.9739292244720944
0.9721246588347788
0.9933169938907017
1.0130534534685842
1.02857774375311
1.034013743951978
1.038886319216415
1.0362522118839268
1.0348073257547747
1.0753623128970022
1.0561646574792418
1.059918664198
1.0649846918664598
1.1150368585128434
1.1028994464190462
1.106421400858854
1.0955155632527027
1.1042940012792528
1.0894123704247074
1.0920146438442628
1.1090247636423678
1.0859092064249631
1.0966371932409733
1.0765469740222897
1.0533095543045872
1.052882669490072
1.0554129598308302
1.0769704030544613
1.0631456422956136
1.0426911504418412
1.0622100784277924
1.0627522643346201
1.088795163289113
1.1276995859765804
1.1196988187399495
1.1016228374228658
1.10921572007057
1.077556338985834
1.090379311061289
1.0940548928456406
1.08784199849129
1.0738361790186104
1.087434414905873
1.1063048597325689
1.0998633667824238
1.088667083091034
1.0760846088843794
1.0732902452936723
1.0624887669801768
1.062850283656091
1.051562476596183
1.083814459339464
1.0705795498124733
1.0746106942754114
1.0691641691642608
1.101106072814082
1.0777268151712138
1.048141160198751
1.0194938690987012
1.0024422165185587
0.9798263861984614
0.9888583524582475
0.989178427150155
0.9816172244541552
1.0006447411004613
1.0376036232340282
1.0410175550319276
1.0470643324057674
1.0479260410409998
1.0822128108202624
1.063824850091682
1.0635976139925118
1.046540847946901
1.0225201132873145
1.0135146919011135
1.0148457808461737
1.016543121388692
1.026757612846067
1.0414508050214788
1.0323100843806159
1.0272791746736172
1.0536965070284456
1.0775385725547142
1.0972096146248602
1.078973094005376
1.0500673167647327
1.0555064962728218
1.0334578226441684
1.0454280387368042
1.0390574199783784
1.0230338507210772
1.0431643864798212
1.0734331292349204
1.074856518928052
1.0683150579448355
1.083518833885082
1.0975464894397995
1.074015440930198
1.0561132121849302
1.0530104608516875
1.0372684896062265
1.0483178133254991
1.034695460219089
1.0160106190976768
1.0129030686721727
1.0142508365380782
1.0248129643011938
1.032938591967027
1.0233075507044163
1.0323341516268965
1.0401749928034791
1.078527771391471
1.0714801236677374
1.049203474316939
1.0367506140184366
1.0260747808071808
1.0074808289342236
1.0089530001354334
0.9907532016572345
0.984850369812876
0.9908821399001498
0.9832909493482677
0.9821343655053194
1.013403089187182
1.023774464792939
1.0352469876084147
1.0203014788942348
1.0491133678126703
1.0329714569218031
1.0024192280915076
0.9915401335090984
1.0104867459798534
0.9921714970738669
0.965794452164494
0.9601774090627067
0.9707608596602727
0.9897947037003207
0.994143365155699
1.0034968558851982
0.9889808473804971
1.008337113884865
1.029271210801565
1.01219760981819
1.0216481189899984
1.047810107243073
1.0428888673025838
1.041427022168458
1.0494445027508144
1.0615927628138084
1.048961210575268
1.042511319192177
1.0527000263918085
1.0555926056064566
1.0248143175848654
1.0212416110398912
0.9948552539308386
1.0149206744107255
1.0469017936431255
1.0549454387279258
1.04909058890177
1.046804625712254
1.0202983229988167
0.9997664068207427
0.9992756269009545
0.9776555164404788
1.0173167938323302
1.0207948779813671
1.024545716098769
1.0228953729263344
1.0811514552876775
1.074158275853846
1.0670589668694674
1.0805707397784536
1.0736318831054663
1.048579296688504
1.0356797352144145
1.0273090124515736
1.0159014954133416
1.0353498794119582
1.0342797531713732
1.0494871199218667
1.0312830368551675
1.0341734755700691
1.0133074733780816
1.0115405872995338
1.0232049006488584
1.0224994618873593
1.04416698880124
1.024110958686511
0.9972181371155102
1.0066002867731698
1.0061854115890698
1.0136501362529633
0.9827159069015139
0.9945597964252567
1.011901557795497
1.0076996122242667
1.0149741769507992
1.0055369684541022
1.0199949815511824
1.0225510639127977
1.045594757498565
1.0420478483569007
1.0605245791794553
1.0762147326286697
1.0285527682642948
1.0450283253455805
1.0790579114463168
1.0663594035295245
1.0566541021973206
1.0509249072266031
1.0594845912732247
1.0732163873067995
1.0869677950936487
1.084714276547337
1.1013252804553457
1.1140180668901811
1.096640176584801
1.0911933631886799
1.1134709671889977
1.1186867138373233
1.125320864661071
1.1151594302043415
1.139799671341254
1.1502434639152255
1.093816528097693
1.0691284879016547
1.0882055762222276
1.0746214709569053
1.10281870032585
1.1148746528219204
1.092071501002075
1.082961786578677
1.084699365647317
1.1062274981859255
1.124172871352701
1.10275167639992
1.075205981613332
1.0887505810363858
1.0911014885453056
1.075179047802389
1.118770549306191
1.1200130382036249
1.1128377943467558
1.102502567904446
1.1413208295415223
1.1258216318661403
1.1546322573472962
1.17994879334427
1.1308690932813361
1.102079381096472
1.1344431613566628
1.127021149813083
1.14200024977037
1.1366638758024497
1.1461518833418194
1.175143429099947
1.1804111874622545
1.163158846701219
1.1624816738728891
1.1472995126108831
1.1567023223052586
1.165807890202292
1.147658482400968
1.164170554074159
1.1403848354607855
1.1405525584727196
1.1578320959113202
1.1623659251712644
1.1636552204477117
1.1665614301943554
1.1901712238573483
1.1674823298584742
1.1541556848829053
1.1402207338434835
1.158984853567294
1.157726069334759
1.1335235633135898
1.135204421127304
1.1174018052553574
1.1094945746080598
1.118314341210903
1.1237605363642822
1.127958109775005
1.1063068972661356
1.0774034466596163
1.0537055237731148
1.0657783781350356
1.0849898264921505
1.0818192267536435
1.0880157659803569
1.1057265364728173
1.094427661725204
1.121110714448114
1.1429358999340047
1.1241544243965873
1.1100335595375692
1.1121499574872165
1.1028309408069648
1.1374248652696521
1.1289412364865414
1.1340181151058755
1.0973645221861588
1.0756135109413343
1.0693658936068247
1.071049023331265
1.0599109864453131
1.083849007065526
1.0920964045293706
1.083363944399675
1.0754733805917593
1.0550391982530811
1.0694337118142603
1.0836068883397036
1.0822507024360482
1.0587961028680537
1.059502003909451
1.0667364913007797
1.0551552652932654
1.0558326281667962
1.0481465704895663
1.0462806776398565
1.0609084150791213
1.0643321562918822
1.0582369019573716
1.0912851699810682
1.0872575206963049
1.112637938952325
1.1315449716192885
1.1631947238222133
1.19682451350277
1.1735926003993304
1.161566390992565
1.1717672045733816
1.2027660972564913
1.1968854860552818
1.1961700985579375
1.2687693845438437
1.2567884236198754
1.257382598928557
1.2416458555972067
1.2744689146061656
1.2603086851132714
1.2319350650010588
1.245530927804242
1.2469721366654987
1.2284335158738475
1.229812958678875
1.1949198652195072
1.1693999375310085
1.1732937722387824
1.1811627352362368
1.1747184854562949
1.1559090550603544
1.1661877213160272
1.1751720973303832
1.1464695544318617
1.1675588811905697
1.1980791654505447
1.1753437386366725
1.1959029417946812
1.235701755093492
1.2506269399297514
1.2356027815143809
1.2289854370447904
1.2770368741324543
1.2686315806832829
1.24721474489324
1.2358414724318298
1.2069538469633991
1.1887492829565125
1.2106324591438045
1.2385790657398466
1.2636460790950215
1.2397168571287185
1.2326576936394416
1.2315441387866748
1.2255912942955225
1.1989869791464607
1.1811361155324442
1.1582986689116017
1.144395995898457
1.1476971000471843
1.1487526057970316
1.170793236074094
1.2176908210378048
1.2196766821713696
1.2209282199172675
1.1971616998246954
1.2066610473874166
1.222366933354494
1.2025559642744115
1.1831501887107154
1.180419258418566
1.1865548743262087
1.1990492034103724
1.219282767504873
1.1856165874200335
1.1847618809530338
1.184742623365393
1.176274694414867
1.2263806638024932
1.22622004065408
1.2062415680998682
1.2130942736673584
1.1962753364159324
1.1956262638966306
1.2107866770372055
1.182105625385479
1.1719241734937813
1.188966863318488
1.2072508665054493
1.1834831207987921
1.1681481468200936
1.1524715607417733
1.1707410173021084
1.15601427008699
1.140950483611451
1.140190670193036
1.1487101057131857
1.127084536980791
1.1103495453295231
1.1215860408338725
1.0953611818398716
1.0803230541201254
1.0910277267366175
1.0844861417271718
1.0631578304660894
1.0527978528658009
1.079432990364366
1.0765135373596164
1.0747906527433195
1.0878939458628096
1.1008831397326242
1.0922433974583212
1.0825796195512245
1.0650478457438295
1.0615584465596162
1.0806729789496743
1.0735196343587337
1.0652749384290516
1.0954509468511635
1.1334726400227306
1.1391856024516651
1.1417761792688388
1.1100969380136527
1.1187737765453996
1.1290829184555733
1.1086078031912634
1.1267907451653525
1.1116035134158817
1.094578624010601
1.0872470916722934
1.0780933420641634
1.0536207429893627
1.085923298306058
1.0780044443960373
1.0545573199637501
1.0522594856961567
1.0401177634094576
1.0423520982609338
1.0139311103790902
1.0297942813539722
1.0365092306933554
1.0610702223899793
1.0734297730735538
1.073150110497431
1.0634305045681143
1.0762604561385798
1.0853024838348837
1.0986092931420526
1.0965039293803365
1.1272150151154912
1.1195078739146356
1.1313064774566066
1.0999992301908919
1.1181485226004457
1.14711158166009
1.1171772402937017
1.1156537849760153
1.115246199481762
1.0586688604639898
1.0690174345232824
1.058747286166045
1.0818180318193655
1.0945361612687052
1.0711622363374098
1.0733712942057803
1.0767339507574716
1.0399131039175264
1.0434752945753778
1.004571759850368
1.0169800522847567
1.0031210335462317
1.0018100320719794
0.9855177734114676
0.997153049272881
1.0156195881643852
1.0422830418989546
1.0440862946703784
1.0487831338670666
1.0249607503352594
1.0437916549055495
1.0777641545211347
1.0707429315881278
1.0899113754066083
1.0857554653494912
1.092188579965691
1.1024881035998837
1.0989949455474084
1.1242922098939088
1.1263281135503167
1.1269848093877604
1.095430130152829
1.069456851344143
1.0741242160233961
1.0896931332017656
1.10053060164161
1.0996192179092419
1.1253230759744128
1.1139996894090811
1.1379200792830957
1.135144990424484
1.1567891935395707
1.1717995639052066
1.1568111392714773
1.1457942943319837
1.1760726957370022
1.1797471036805143
1.1981241541585945
1.2216805985583092
1.2391903133997166
1.2153874165169694
1.1873809394548887
1.189050136969106
1.1810273113564538
1.2053308980324537
1.1816901030703533
1.165164579260391
1.1963687755859405
1.1905752073931364
1.1672531391551069
1.1547186130747058
1.1616060056154691
1.155910183823846
1.1382726098512552
1.140615307084135
1.140533224346471
1.1378089255187052
1.1143624655958029
1.1224697650981688
1.0987129118183991
1.1061628387517486
1.107464497429551
1.0852713149139173
1.0667448542346685
1.0701972890605145
1.075950345783797
1.0819233805342336
1.084934794811809
1.0946613569022392
1.0792102399555756
1.0737390206305446
1.0611136884636112
1.0888108526265725
1.1214125923440252
1.1053035899676187
1.0952344986282592
1.0931225843053882
1.1121951838781263
1.1135886789850384
1.1426797395774186
1.1251741966218347
1.1107584111944035
1.0843821796482682
1.0731936730328528
1.0905325500500804
1.0944066726040984
1.1065110896418155
1.072412781111853
1.076025875844381
1.0615563685615939
1.0600403070995712
1.0401118521167159
1.0265275387181119
1.0256619813345051
1.0268009713512107
0.999633180876566
1.0100694630691267
1.022089617410184
1.0269387240743129
0.9976896625613888
0.9983559284967777
0.9869989640675104
0.9672833644535157
0.9788712198896581
0.997751339116713
0.9826030337335984
1.001483740395855
1.0103110857445565
1.0092198813317308
1.0544302362977693
1.0586228333806331
1.0622206243938335
1.0584111506392742
1.0545808616968921
1.0321069776369685
1.0522464628715626
1.061825279490244
1.0671792744012465
1.0706525492131191
1.0375838242962645
1.0551271039468388
1.0489142097968582
1.0502472199335673
1.0667677564339209
1.0658761001681558
1.0744363985055105
1.0861806730021706
1.109795406715435
1.1033682359116936
1.1205637564153084
1.1461068020456964
1.1273670878806128
1.1188561460977673
1.1159149253319034
1.1036368902353573
1.1030235849997114
1.07893719879541
1.0764227663536776
1.060706072309365
1.0516876164680222
1.041380021097252
1.0721446074273717
1.06097027996868
1.053455243749187
1.0524404893917936
1.0502423908181138
1.076097950213847
1.0950858098980703
1.077450583771648
1.076890852357646
1.0522575139298527
1.0565337410680862
1.0448848948312497
1.0202120978419933
1.034493391118068
1.0379162193213127
1.0378848596901253
1.004370998640587
1.0058479428516476
1.0007009870965442
1.0131882911890107
1.0268924047642651
1.0143128575394802
0.9990943765734379
0.9993863090146321
1.0146900303166544
1.0271948857753816
1.0136905833129608
0.9910866240975348
0.9852952586964016
0.9685835617208479
0.9667632791992128
0.9576971190220892
0.9470690266056229
0.9678431209181746
0.952227177806822
0.9755045398996212
0.9585626484348294
0.9722028942288696
0.9502827190138061
0.9536893228775077
0.964276118577897
0.9676011027678559
0.9493532494520525
0.952642287675595
0.932222977167699
0.9301942154278681
0.9398953648807867
0.9560263912478224
0.9895327993060969
1.011741915238344
0.9979655067809823
0.992258042800812
0.9951331482654113
0.9910089490177727
0.9893721447616095
0.9950053396573444
1.0182294417990259
1.041504387112503
1.0566794056490034
1.0458639405875474
1.0292359451027482
1.0323922820940454
1.0246185234843042
1.0227329019066345
0.9996501191999446
0.9990347649475962
1.0134100784983102
1.0237278784106365
1.050587135438029
1.0429285832441313
1.0438837894375443
1.0221863037388441
1.0379899962859682
1.0596752234663374
1.0372433954664786
1.0269062467367984
1.0630530700975802
1.0661463196756473
1.0648584063870334
1.0533946466878967
1.1075798769797136
1.1294173882670098
1.109420235808689
1.1225040678129832
1.1033530963524207
1.087361949074567
1.0792965695305272
1.071327979179116
1.1313808631435305
1.1209276261661576
1.0973290060618959
1.1096033401612446
1.128433800715893
1.1030544374080264
1.1089753266890698
1.1237251765839122
1.0639119335399791
1.057040946958105
1.0929800180513618
1.0839345736472188
1.0600810098411728
1.047114510339535
1.0556590272884414
1.041285300862669
1.0681913588601781
1.079921780220437
1.0596348030769296
1.0821917778806724
1.0973953079054521
1.0811546951043096
1.0562770958233192
1.0423795213165237
1.0563654668921731
1.0452552106253532
1.0449818261255375
1.0378777367823722
1.0421791757660237
1.0279644060092705
1.0233566162975603
1.032082033901827
1.0575389990653932
1.0882816186326922
1.0890906937153284
1.1124914122515086
1.1165735775747356
1.1062477477390624
1.1236240729881104
1.1438169480679332
1.1387639229056339
1.1254997046483883
1.1433528763899805
1.1580156579741856
1.130780478382572
1.1361564433571179
1.1114712810542748
1.0932158955275428
1.1129742073214992
1.1270374128875007
1.1020903228051633
1.0834846277741914
1.0858938295348297
1.1149437329514025
1.1454461438630676
1.140729336412952
1.1629653439195475
1.158924021047477
1.1740277654928795
1.183934003091576
1.2228775899182383
1.2153388418931517
1.1894906145242001
1.1929898137707087
1.1538419033704763
1.1766090047433502
1.1850324765338935
1.1736432643555588
1.1469929507098686
1.1322370991459907
1.1559597889824953
1.1500953066037933
1.133121295052137
1.1269480862482943
1.1300493280877122
1.1536830466594554
1.1512020528974283
1.163088070209482
1.1326928406409669
1.1172153288907998
1.162457574424345
1.1824366251881315
1.1714080751560902
1.1744936054026
1.16754584812264
1.155659164343428
1.1606862794896236
1.1733770599594986
1.1796579797124238
1.1984614195071959
1.217453184030366
1.2037950771583945
1.2017252212019405
1.2170044851766455
1.2089137579226545
1.198616631069556
1.244535575116169
1.2774051356633989
1.2497652839889632
1.2557584206877663
1.240430929775341
1.2630520750809877
1.2779645146006453
1.2656818890645347
1.2262427189399592
1.2382671498156006
1.2376929872685043
1.2507886406990918
1.2456593242886969
1.2651425326611332
1.279119910380747
1.2601118751878286
1.2221012715889128
1.2351653241554823
1.1952233827422696
1.21365588284692
1.2267587045082282
1.2449787701012907
1.2342718950379372
1.2449406957230782
1.2312193363838064
1.2175881733337763
1.2437568742552996
1.231783680340708
1.23780609680859
1.2199911014553264
1.2424546512853092
1.2241391270709587
1.1901577249882778
1.168070168049499
1.1957849936030176
1.1818301203166568
1.1874845618617926
1.1801081936960436
1.1950254425266562
1.203762581956504
1.1890220101124198
1.1887995226156083
1.1419719071834258
1.1432091749334656
1.1357528960417504
1.140802924308009
1.122871628496851
1.1177247099367646
1.160479107098447
1.1865279437504876
1.20327591124367
1.2193468137794594
1.1822695147720093
1.1693617631201265
1.17605995556186
1.18138623096379
1.2097747759844475
1.2105376216565218
1.2037426544637908
1.2121611102656573
1.1872584405506788
1.18989274966623
1.164925156384729
1.1924490970498032
1.2303140242031896
1.219831346420629
1.2432603568580227
1.251312068002166
1.2302071047521381
1.245138850406393
1.2388652757863856
1.225409835762894
1.2681679445509169
1.299008663344081
1.2846958058997544
1.294817097188982
1.26759377924845
1.2780184590144155
1.2928794139447621
1.265579195203104
1.253545381990563
1.236483010915897
1.2436493275995422
1.2648372785329212
1.2778079713999442
1.2876428022461415
1.2656415998398594
1.2537116254599945
1.22298808695055
1.2307532061542656
1.248986140479538
1.268806716749702
1.2632666342589867
1.2425796354830418
1.2313558540202494
1.2269958505210765
1.2830372057721742
1.3079867359190072
1.2970554186821037
1.284838948431123
1.2677664789711323
1.2760693166849641
1.2576898098204818
1.2375503179074965
1.254773526684216
1.2797305990576988
1.287847359129779
1.294462031328727
1.302218471136322
1.2908888384569421
1.3304667239390313
1.3246910799549392
1.2952664622216545
1.2739837142548516
1.291903052604717
1.2961685613703378
1.2749114784923063
1.2361035259547493
1.2310606583437222
1.2413830521401745
1.2951235952920952
1.284938720083795
1.3003290643548078
1.3333562487045238
1.303279257868633
1.3081147404274953
1.2786084643750053
1.2411220675155188
1.2617657654484482
1.2757829712356286
1.2605916121240421
1.2373018562426203
1.245370512642514
1.2606776014496888
1.2430280840555672
1.2326491462844216
1.2457873683367418
1.2532737124831925
1.2588922813193677
1.277477457810688
1.288002272944604
1.308105184483792
1.2804944325942875
1.2929721278931914
1.294006172611221
1.2977341391951045
1.280496336062856
1.2764342042853227
1.3321894074963523
1.3176658717971796
1.3022337578084655
1.261174825152333
1.1833040642816124
1.154283718951019
1.1652674524732591
1.1842543048204401
1.1955299916685809
1.1717578226015362
1.1729310209788615
1.152373355498614
1.1726663352818623
1.156418373320468
1.1482804463667198
1.18470706064487
1.2085044157284826
1.2056426417118509
1.2304371698881056
1.2204469469529065
1.209318908125337
1.181162083856948
1.2019933507396277
1.2143617998186826
1.1768708346231154
1.1473496444002846
1.164299910536862
1.1683193472962445
1.1817993108437896
1.1709519790186178
1.2162025714425941
1.2116673955419992
1.1762520639669736
1.1518063278223547
1.1555920953114587
1.1714828992415942
1.124206447313405
1.1137848829243027
1.097734491352504
1.0902442970898103
1.1078917046544472
1.1299620669349755
1.155568951833717
1.1466478357040044
1.1429185992828303
1.1289404081749217
1.1171413151506981
1.1284745802222906
1.1401132444041224
1.1133446243473695
1.1232173475739378
1.125666489542974
1.081025680881407
1.0584029533651782
1.0928341720328334
1.075604620539631
1.055181021432624
1.0514117281067799
1.046913853456591
1.0426922452164218
1.050992475443512
1.0693662489192122
1.1067099633508009
1.0981378661172312
1.0970427496640547
1.0998662157694201
1.108580876375702
1.1136379768107088
1.0987048586289085
1.113302932018768
1.1309754458413939
1.1503223088782517
1.106728798748313
1.103487666063333
1.1289103936320275
1.1398786269058034
1.1762788801409154
1.181447278752977
1.1740453697185709
1.1570162974318894
1.1289553069322797
1.1286728988643204
1.1302133853527139
1.1278681264164339
1.1273977342798516
1.1307053061200847
1.152957354884706
1.1776278337374118
1.1624108005717824
1.1416267161632094
1.1276224519795828
1.138414575360429
1.1375046356799356
1.135118001790711
1.103466877147453
1.1219870353260426
1.1235287402262937
1.144920859310134
1.1587829036673842
1.1818129406655897
1.1948946532103857
1.1730391489538348
1.1961183100341686
1.2078129243163613
1.1757120326254615
1.161187090515693
1.181503809051374
1.1936919200913956
1.1987138245943272
1.180717920591861
1.168262430498237
1.1409255071509894
1.1505112503202535
1.1437552582123267
1.174318086523385
1.1749171875919175
1.201285631826641
1.1978604364308785
1.2353252548183453
1.2084378080768257
1.1980004356209475
1.2037797500417549
1.1727629660770775
1.1850865847822853
1.169793222078506
1.1778995784465973
1.1616682327583154
1.1478786089767583
1.1761373586141675
1.1719505256373024
1.1747962083448606
1.1733413635905943
1.085157613469529
1.0560968090450098
1.065052251451726
1.0490561446946034
1.0690963022282063
1.0827009300079429
1.072397288923807
1.0710376777322623
1.0463538192437056
1.0537548068488263
1.0807756476668136
1.071501019740821
1.0711771468701052
1.0742829378231058
1.1045096298429669
1.0909540043575892
1.1069814830168436
1.1278779007491981
1.1187283592984958
1.095348974274192
1.092883638049903
1.0681169078508066
1.0776459465999344
1.0827318860655597
1.0572522401920381
1.0612625193002438
1.0779851279508803
1.0824923843725678
1.052283894234549
1.0654995452079346
1.046873907874636
1.0515633828265676
1.04079730444769
1.047708928584312
1.049173397804714
1.0523756676449167
1.0540847582278992
1.043328117168621
1.0709784288077335
1.053208433558666
1.0470149853123814
1.0268090483384593
1.0279729265054356
1.0397749989605551
0.9951742835734662
0.9978860946342204
1.0072426101804481
1.0196766421501522
1.016939632646387
1.0359641142469773
1.0340940680704673
1.041348899364866
1.0128673610029266
1.009330388722106
1.0196861723627144
1.0300283557017835
1.0159584305247367
1.0170707283291265
0.9869686275038573
0.9948076374879881
0.9949642041447188
1.0075583707736013
1.0261311173067182
1.0208607701769694
1.0487897101969337
1.0648928793146835
1.0849441158100768
1.121175584670977
1.1461174323176582
1.129813824099674
1.1104352351562998
1.1311662220665424
1.1511076449041262
1.137570785156458
1.1453702455342871
1.1444691746289397
1.1644327867860929
1.181563117898273
1.1924975546143646
1.1557103454056044
1.1281991223566474
1.1229617020631881
1.0966166297266011
1.1127223686051986
1.1052421426171282
1.1078888339564272
1.1154959759098
1.1320253632321733
1.1058027163947974
1.121330802256154
1.1284151174413208
1.1467099583116342
1.1045591845887073
1.1178532035714546
1.134854663425555
1.1184046487552264
1.1126588245194533
1.1255501776976142
1.1388564790614202
1.1620092718237363
1.120308797962886
1.1007391940146087
1.1304669154261229
1.1080603766088895
1.079336431269134
1.088167390874272
1.073290843003413
1.0849599252606965
1.0980530870027219
1.0865201547045573
1.108232732404508
1.106358411026125
1.0991819665818372
1.0712326841698132
1.0891604440985536
1.1051166063666846
1.122533091593216
1.1378771818974605
1.1071130183756883
1.0846051443980036
1.0613329712190294
1.0708853818920852
1.0799690043241055
1.051433425217782
1.0204266031543012
1.0266397743954747
1.0364613946717254
1.033660751870844
1.0809789389038094
1.1029248929678848
1.097176147341801
1.0861470178176598
1.1091857380137964
1.1251054793631214
1.1437326795115068
1.1298609087714042
1.0940851978807413
1.1054279364374855
1.1184921922017328
1.1000319442314188
1.1270426146286328
1.1266101583071144
1.1234198133738709
1.1448296637711763
1.1792856331205543
1.1646776884884793
1.149736830284253
1.171391847186827
1.1787612592947474
1.1934180323586292
1.192516913445078
1.18538332643491
1.1649917474024702
1.1815059604107785
1.1463824291498101
1.1361951152786154
1.1096557760251715
1.1265671463052207
1.112198009685648
1.0989540464867786
1.0900067490484464
1.099109305011429
1.0717688910902907
1.0864029427609114
1.1009957808128419
1.1198990821615895
1.1023484978355733
1.088724417145084
1.1189396803920948
1.111212794299795
1.0914271129978004
1.1047759677195659
1.092769077594329
1.0885862614029527
1.1120056137077858
1.1143850475556074
1.1138144819993148
1.1231671245698818
1.1093021558465068
1.126532735058435
1.1462536045838683
1.124477332116175
1.1449227532688118
1.1622629573593148
1.1761339956810075
1.1793797458147321
1.1947807315964436
1.206873515107115
1.1845979602429078
1.184288286908086
1.1724520730257104
1.1896677331358805
1.1930040755856122
1.191885996816
1.1823379949894925
1.1771235781082574
1.2219558865149498
1.2150681806198462
1.196899040233073
1.2065653120814768
1.1888345470547277
1.173821569742962
1.2075415778858762
1.1787604032948291
1.18774738234673
1.2038390264796532
1.2060615825629613
1.2218743620436405
1.1959610913104834
1.198825087586573
1.1962664626337753
1.185968791279647
1.2082893791237446
1.1928192573697534
1.213051956692949
1.1886043819065746
1.1607532979562096
1.153976403687305
1.1724274548853488
1.200744265435476
1.1609813293532554
1.1702721382246444
1.1461195705764469
1.158457221085373
1.1983056063015383
1.226319090302355
1.2092339301626225
1.2234463519401235
1.2712722803853727
1.2621535444224299
1.257775534554995
1.2561499694963343
1.269437911762732
1.2832840869845503
1.2523341451427847
1.2224449076868447
1.2764749086249554
1.2828693943018814
1.269789888930864
1.2730584329158174
1.2238798530932475
1.2004419173172831
1.2176793612098233
1.221075498784928
1.1845960157579334
1.1735951485670106
1.2078777436661043
1.2077312028047116
1.25251101927165
1.2297152233300321
1.229501695378182
1.232848032809308
1.237234434367033
1.2233717931980317
1.2008464889055213
1.2084613480877961
1.1758138617684923
1.1868165905120294
1.2096665541591505
1.1907997608081538
1.1669425039020864
1.1601668430909948
1.1443550833104146
1.1199628571186615
1.117648539130673
1.137106950435546
1.1448254554501283
1.113821915139027
1.0931013298526364
1.1191616232384698
1.0990044327373574
1.0851650398080124
1.1246300094805715
1.15492621306007
1.1339253951473829
1.1392446755327852
1.1659751360029524
1.1593442454037186
1.1797054786867618
1.1677659436587744
1.1488880696491883
1.141800219716575
1.1274929385720527
1.1345776509587944
1.1268564427968115
1.138202910497358
1.1415749978435845
1.13134166326176
1.1422867441695692
1.172900716898442
1.1879457052122073
1.1718153450213475
1.1945763277327792
1.2116324470806024
1.2393712983435043
1.2128663458060414
1.183721624532189
1.1822497417380489
1.1540722281388944
1.164057579874644
1.1352776950435954
1.1542166105370835
1.1621426758809323
1.17657284757553
1.1564533189470583
1.1506380699643748
1.1665722103053238
1.1556924833155382
1.1504470548822279
1.1317935175010974
1.124119481827957
1.1211619340838823
1.158835738082053
1.1528333359224574
1.1732200239247623
1.1733726995774574
1.1419970710578726
1.1228769294418006
1.1457342892141795
1.1178576672051954
1.0748598393477558
1.0755922858429465
1.078099513053356
1.10351164662606
1.1111168783072867
1.1048375807043052
1.1372536258687098
1.1088710888416777
1.0793573371206366
1.0791109921466322
1.0591874924060634
1.04588201395517
1.052041972660309
1.0574488304550806
1.0714823812645031
1.0618155461986114
1.0497087481828
1.03041656706631
1.017327429385267
1.040300886402229
1.045559190293449
1.054953286441776
1.0293402631100967
1.0158183517401858
1.0214385866359077
1.0350749362101896
1.0117528753040628
1.0098233384787376
0.9768441476312247
0.9860392669809125
1.0010055834960667
0.9918146710901047
1.0320097052281616
1.0338883334170157
1.0568555182889836
1.077684614566552
1.050276732292026
1.0562402345025554
1.0268945037794353
1.0092485087740803
1.0502758834028225
1.0417941680889844
1.0653448133308778
1.0563992633889903
1.078562671998768
1.0792032303329466
1.0697439125109138
1.0360397135498929
1.0397189964677578
1.0609323207080739
1.072745858146606
1.0771839160084034
1.0474964078499236
1.0534257064654784
1.0546742201526538
1.048246779544739
1.0426759776090966
1.0713076383533593
1.0610318151032123
1.0433678175250143
1.0408624909396946
1.0516812394456327
1.0409866754618695
1.0506588171640778
1.0676931159551268
1.090986461413012
1.0993512640667322
1.0952118978541332
1.069119915603512
1.048799171909271
1.0424259694194138
1.0497510922040665
1.0092522553568888
1.0202520338745742
1.0246027343785709
1.0333523430345357
1.0462768109478124
1.0553457965471
1.0284060635703896
1.0416051851340342
1.0391536684488523
1.0292030456476116
1.035639733541694
1.0629323307899783
1.095451875656168
1.0871855661002148
1.0852195079075397
1.0818176174855916
1.099344788658618
1.0843255540604178
1.1130927015462806
1.0974465028083251
1.0888275781092076
1.1075553071985005
1.122611544143325
1.1041868016290974
1.0706601081217515
1.0284533084508294
1.0413029018189002
1.0085426531476067
1.0172717574928896
1.0351307512176269
1.0442943713389157
1.054480214232422
1.0013839475682162
0.9991227789033452
0.9731063719913948
0.9573699072397699
0.9743297566834742
1.0004813879042258
1.0163060727655242
1.008841485059167
0.9833717647568486
0.9602761118277469
0.9905909889537463
0.9821510425507225
0.9666220431020236
0.9855038859711229
0.9823165911914015
0.9931890549253377
1.011273803293582
0.9954448865783742
1.0004275055810319
1.018176797415364
1.0152675579259496
0.9912559181304528
0.9780662474773391
0.9913725706118605
1.001074622840406
0.98193110755915
0.9599859252214021
0.962488053897663
0.9567799500537695
0.9500437791830331
0.9610468907405226
0.981307125705424
0.9991182664619027
0.990287615983801
0.9924692280641838
0.9783291650279219
1.0012953463153924
0.994513929744715
0.9979533108586649
0.979314148154785
0.940128259128509
0.9380750530501716
0.9669018424763045
0.9539703063778628
0.9567445384287988
0.973143172909609
0.9510746118975116
0.9355892463840935
0.9437527543388394
0.9551411703864774
0.964925698710906
0.987009828050671
0.9610125772329401
0.9545406066091178
0.9690243897493345
0.987175455925537
1.0164901590163542
1.052792761329411
1.0392231642326237
1.0203144621294276
1.0069672689264837
0.9984981326876373
1.0249859402949217
1.0286788838505563
1.0037917967532408
0.9881355872333646
1.0072727036960647
0.9949204236462272
0.9964146180883646
1.0304021191261672
1.037139014432654
1.022230369314415
1.0130264131513538
1.02642711247751
1.041889216614467
1.0478720595432414
1.0126725834814532
1.0024443928943814
1.0231089504540525
1.013240318859649
1.0009295326337557
1.0080364376795745
1.0179077343187415
1.017524947164324
1.0150026887881498
1.019168575399767
1.0146351912027007
0.998892163195222
1.0204777528915687
1.0375178207418787
1.0317427836485455
1.0308567917627305
1.0469168490431247
1.066180682673059
1.0788457831782927
1.0584577553611514
1.000771734075205
0.9998650443974222
1.0014855340416562
1.0250781454510551
1.017220533496087
1.017147886511
1.0307927808825796
1.03037230281817
1.0067764151713852
1.0142016998350072
1.0156614713321053
1.0004692471132923
0.9915343315626207
0.9871746364755186
1.0108428809772954
1.0267294716962754
1.0261793261124912
1.0518861981845369
1.0475682298101059
1.0267728134007865
1.030289779579377
1.0321502459859966
1.0587922038183084
1.0722902499836637
1.0950302111428702
1.0913120674150212
1.0729366304514367
1.0788696229140962
1.0901248506814738
1.1036591017666417
1.0858971827810788
1.1036180829551525
1.0904039606286693
1.0907701880659704
1.0883687965443327
1.0811064706606273
1.1046704007896337
1.097110828789266
1.1116897577892895
1.1280695602349924
1.106075732242787
1.118109574770909
1.0980514600244475
1.0904595593672066
1.079752784171064
1.0985528267912263
1.0810804473228977
1.0769848976558416
1.0803024434961186
1.0900151762860317
1.0935524376445245
1.0923836739175832
1.0733396232294343
1.0598324643268704
1.0496520858984637
1.0549914776111156
1.0631570208827408
1.0517491918255035
1.0546795607492665
1.0652539742242968
1.0851006861165664
1.0893108250783865
1.0774230553728086
1.0601831101170411
1.0477973090066661
1.0333748515091286
1.0226314800548466
1.0351945503853075
1.0415278656797387
1.053556940243091
1.0692676456685557
1.0609068699225188
1.0656874751711483
1.093655745489488
1.067001558099238
1.0738765970984303
1.078027043587498
1.0747649438836748
1.0812920152584582
1.1016737250921633
1.0807688764920433
1.0814882527022567
1.112586779509285
1.105769972933505
1.1315025542992867
1.1144269792988435
1.1311877923158584
1.1547112356415448
1.143480119378927
1.146090835086458
1.1297850384282269
1.113844111164514
1.1062178599009063
1.1268874799375461
1.0919774606557757
1.1050571249666612
1.0988616128927333
1.1071061924624583
1.1156695646008405
1.0957545108949498
1.083188627296276
1.0594340181414335
1.074858620381472
1.1027111609298046
1.1151961906719796
1.1359453822934789
1.1607115174549492
1.1602466271170413
1.194003756473895
1.1712260605051994
1.1507581080577662
1.156136018212183
1.1258757278899587
1.123584767957653
1.1011576779377414
1.1042970762958972
1.0917196311883912
1.0896338232954705
1.0995992838908337
1.0742709079994042
