0.3865829397576298
1.080764604281595
0.378028056188787
1.2451464532209773
1.0367063523825808
0.05847762690462999
0.5589129508167371
-0.11697697461679235
0.07669858929389328
0.6220391000633263
0.28201903323194133
-0.06312342930601123
1.1265609595105326
1.4659237945937633
0.9163132715089332
0.8061281998341614
0.9490134374786308
0.3043878830833592
0.6397067643803807
0.5712425182282694
0.1266607532459496
1.3687646584735724
1.3356861743219963
1.442429109707306
0.7042876547935981
0.35987445792049655
1.0122837774470275
0.6797514362893411
1.0230675219105645
1.612181779512468
0.701264063242794
1.4230625116730886
2.3965375648891882
1.5869224225315288
0.2433879969771251
0.9272788058944057
0.9526126126286424
0.6350319960134954
1.7047519793609416
1.649527965406914
0.4836303970404858
1.4992836632702267
1.0725534426168455
0.5330636512671264
1.8617897916095765
0.5840280293460227
1.3010050387319951
1.130723458047624
1.3679216624676949
0.1383759741249898
0.9770838711518587
0.10581282223837163
0.6655032948001409
0.26570764524340673
0.31310040388115123
0.8841304502407467
0.18651697470479622
0.21205679419344325
0.7691629814080637
-0.5284267305959747
1.37814330449853
0.7266418492555576
0.9989391209899511
1.1355666857309625
0.930125521024692
0.37476579632446483
1.7479646430591282
1.5325586198979
0.46504227434780443
0.8699235810746164
0.47620391861224287
1.0779622770213768
1.767810014676526
0.42267826055506796
0.3693512903076144
1.0558024632476881
0.8310020943488018
2.499445706713834
0.20002376721774473
1.2535220606739852
0.9118654066391814
0.853834421378999
3.0392225136806927
1.4031257209431476
3.5777510174513307
2.050228600977964
2.3109325589378935
0.8683405844256415
0.7661138236681533
0.6561296957424451
-0.03619110189505914
1.090842016437563
0.23971538706398943
1.3631397479135046
2.7222130619561122
1.8833622726370427
1.671934433723921
0.5296892781571908
0.8514401290041762
1.3141520768855857
-0.027061018411519866
0.511273815952708
0.058625770095019125
0.5118137138028098
0.6122084270870891
0.6222744435781098
-0.2736895668519026
0.42867931641068957
0.12263559181327954
0.2759699678921913
0.9827551695550328
1.4272563359878823
1.5948057975749053
1.6018500630045502
0.14327789407603442
1.4061992298550494
1.310780642585319
1.662731740835853
0.259601433292889
0.1559649086444378
0.8104034012600333
0.26704209726450556
-0.21911167631634987
0.22484568653812465
1.5154799496275153
1.4348445801356866
-0.0020652500660398587
0.740534399961555
0.42256504535533124
0.39819956683562174
0.4319166318572861
0.5013482930922006
0.32232368087207985
1.4945394707873958
1.294605765172383
1.6143584965291056
0.6380205185073909
0.38352094114235924
1.1737439190504593
0.7395673605144579
1.9562971108433498
0.8168345868261805
0.25882446120682023
0.3566978154397368
0.38301525797254476
0.6449093189746085
0.7483344894879655
1.4516436081560216
-0.3154986008042189
0.4892042328915892
0.5882630575402856
0.5920057096214157
1.3663122843629791
1.4243663149236026
1.0291964034776975
1.2147905165305581
1.2378336568936734
1.4659160576938537
1.2301673021212662
1.0970076444563885
0.3124530956864875
0.591539148505889
0.871341114507371
0.7860431748362847
0.5203803627267897
0.6981734143714695
0.6320791151097847
0.899021849376123
2.029762986498503
0.4914431699066798
0.2542218642665528
0.12715594090730353
0.271255984790321
0.9257031989319812
0.9641598568086237
0.6790489352596283
0.097190848733409
0.705185838282028
0.8096085855322542
0.3649851228014689
0.20554823535286548
0.36744563029661503
0.2023385763655432
0.6157975475203112
0.622400127461905
0.4531148028286851
0.9032389440749887
0.4403817834526056
-0.2871145890632447
-0.42684355053771106
0.5812572105807379
0.23641207968789268
0.40846646329703173
0.06944597568605626
0.5573792453096016
0.5756783539849517
0.20392667591368763
0.39094627725659725
0.304336488199356
0.6243947751577464
0.23070401641218108
0.5063824872523348
0.9920660549286187
0.7795164499044533
0.08559766536953661
0.7092820886202374
0.13427099632720374
-0.18398054011141118
0.8463698831208819
0.5096767321754447
0.8461031175342068
0.9837484288349713
1.0107004726864537
0.6627417540004172
1.6645442508824804
1.3882847648660945
0.5574932568651796
-0.11918866812370466
1.5366686251265365
0.7232745119823606
1.1117628743075938
0.4731866362670454
0.47763789903842924
0.550678728167565
0.7973119153476385
1.0655377190156958
0.7569821388735568
0.7939741397616342
0.8624415066882747
0.6521336778745148
1.284331619355936
0.6850829387415176
1.3875503298291711
0.396395977248704
0.45676775788464286
0.946469663395145
0.6139446711300433
0.7519150167526503
0.9298144460324161
0.49205152115072337
1.251378176237093
0.48672798548801566
0.49419583576363346
1.72381918533303
1.2047810690004364
1.6201883310169019
0.8501426908658569
1.1077453596452074
0.771442529734932
0.8813453794490407
1.3019019344677307
1.0138706077754713
1.5968519227782845
1.7973330497639344
0.2495271440838549
0.6094588880193321
0.7547411665903205
3.4122163911314023
1.803588145376184
1.8559517889346586
-0.2190007606505553
1.169414766470781
2.0751969859546797
0.9653709953511108
1.2963308623958358
0.40271552462298665
0.25354939761406614
0.1873154052626459
1.121469084830678
2.605220046827786
0.6462461979340228
1.2389395561648708
1.0752658378499094
0.6656114910482726
0.640664003842315
1.3531034872957104
1.8759249552125232
0.4591821549738426
1.1867465177180254
2.216514317102223
0.011547679822080714
0.0812553964345647
0.8313633777191645
0.3752567137535461
0.185108739587721
-0.8008645999314425
1.579132125256809
-0.15315569420840514
0.9742419663978898
0.23604464956842075
1.1370280822796113
0.13717218436456902
0.45331547875598555
0.985262982885671
0.7787711538713222
2.7271357219962367
1.2298772807135143
1.7484853981811699
5.407352539114143
2.826531204067715
1.2467001113608245
0.7409877502093585
2.6477230969412995
1.354574779425528
1.5832206195735443
3.1494790114507096
1.2640525706434993
1.569020011953147
0.196462577683176
0.9133783537603615
0.8860601517168835
2.1363280134495515
0.985866935998129
0.21778909258023105
0.45868489935532875
1.5111430941173323
0.7487522916090084
0.4929414433885282
0.5919801333244076
2.591112914316958
0.48086573910493713
2.0295502026059897
1.0062495088902177
0.2005999120367742
0.44866865581035165
-0.2626770040507511
1.2078651077918208
1.778552868016964
0.9580431333364603
0.03429918077479255
-0.1953407201299604
0.6178072114734308
0.4870181075818728
1.448151090381188
0.17548098201081241
-0.1645331483887824
2.2175690078495394
0.72080541101178
0.8103898350818886
0.3195043050464573
4.188812809095655
1.4154120859408892
1.343009759666133
0.18206358360622654
1.0063751896629818
1.0290281810519684
0.5152161857787911
0.8180547892948249
0.6021188922407632
1.4525491171697742
0.22385456111148772
0.7106698660306932
0.45583001423074254
-0.435736026352435
0.43464144023004914
0.9053311229756239
1.197200193385471
1.3873242074433128
1.5286388192896592
1.10206338375349
-0.4567159368597844
0.1333126072035855
0.5408821871609031
1.050500702148493
0.3451445831477834
0.508711547340945
0.7618142093838645
0.8738812735787005
2.9930952818587784
0.21894685328462193
0.7199834480769485
0.5600594159553901
0.40281701610950715
1.2180536837715055
1.1000192198243959
1.206881775926533
0.47158943007760223
1.0115912131449647
0.5708462071720521
0.786851050592378
0.565841585559958
0.4169908466723997
1.3020679107864983
0.7880967232504568
2.030549164035475
0.44340119521056354
1.1094825156345833
2.546785900603411
4.0128015956868275
2.1046526179683904
0.9004926884322619
1.6089752074093187
1.146502180948483
0.26318351243802995
0.5183437966501618
0.7595084703131967
0.4830189378073496
-0.22315940730785933
1.2402790074957937
1.4579637694326648
0.8900206468114624
1.6030806300622906
2.681523068741927
1.5472859922708326
0.5895364268993792
0.26718562580064564
0.8234434166322485
1.9934060045481932
0.09294972549268798
0.8220295048413518
1.402961039349313
0.8505167079763564
1.570614275499484
1.0631822955222145
1.0884363565356692
1.6299182874628995
1.1283299109659195
0.611200642223727
0.9986117868082189
-0.34649513911153296
-0.01116871379350548
0.8410720915274231
1.352354762527172
1.1627817076964093
0.5688991152014597
0.8739445972239854
1.8408010050485624
1.2401600510241388
1.559827067234933
0.7621096667935652
0.6449596297143649
0.9432150524449985
-0.09982346589582192
0.16857606748421283
1.2170063753177602
0.25014728475470605
0.5437795124397883
0.4847932068706384
0.00361804051637582
0.30513332175431385
0.509394349460304
0.14217880135338046
0.9280867974822182
0.7232306546984623
0.8582853721984801
0.08866230861280877
1.204578919765655
0.5309410646873104
0.7835032050289674
1.1546642369010371
0.76231392666877
-0.1598973065111069
1.177621710509263
0.7307312189650099
0.1895587414976605
1.2567989586626163
1.142201184228213
0.42052072153304954
0.7885241054151643
0.5215948230558389
1.155062514596682
1.2146472395669328
1.2271889376234209
0.8024797390676459
0.30874917570849036
1.3986586916620598
0.7748364016112248
1.0880161721285007
1.054807832479475
0.6840483084710717
0.6238849475951396
0.06310704537601564
0.21146835444183976
0.2848065440555788
0.18732545072752205
0.07456044182492627
0.13611614677918038
0.4248938831951973
0.4811929863670805
0.35048640420247656
0.4414035952965586
1.445428912587545
1.3753693601051775
0.7632110294885528
1.0765723072290367
1.8200111081765815
0.671345051834231
0.898737429420546
0.4088678534317606
0.1711014954983272
1.5962925806993968
0.6332895799699749
0.9817368020127278
1.8480016168860849
0.6623519260618104
1.442549594708192
-0.06928573474781907
0.1897012851560359
0.14594819263318526
0.16411381372779066
1.3191429661906793
0.580845847808733
1.1173492181314575
0.7343880959910392
1.235339323992125
0.9862285906576098
1.0267069602138814
1.3350784250640166
0.6991308671453268
0.5483156090850387
0.842358433405273
0.8644260392787999
1.7294927352620428
2.2305051156373894
1.1064219382000369
1.5554829945367112
0.9647931371276521
0.2969124180783096
0.010333088559288606
-0.4987298238371305
0.33645300267345535
0.5196361205462767
1.1167630138899027
1.6225290278207924
1.380642521322847
2.028048780908303
3.5889015959326587
1.8207652105262069
2.3417644951846395
0.9246024772486089
4.683963939747277
1.9822343510855254
1.0433943217313626
2.8917641838511696
0.9183548991209167
0.07412114113965507
1.3249900465825297
2.406194502809444
0.5691668424458611
0.20109961693915912
1.656250047460102
0.7888755085888453
0.5843300053469163
-0.2988327181056085
0.8002375081183564
1.8455524820443299
0.1988793268455521
0.3552015199504611
0.8602871067813403
1.3802975020632209
1.0708155758552738
2.0232463759321355
1.633439735995138
2.9600991320659196
1.3531829302862304
0.5883809746548945
1.6307883635290508
0.632584142218009
0.5753050518724785
0.4994507145736564
1.6150451313356724
0.39897763845795653
1.3595924468470255
0.367781330292552
1.2182350306003518
0.28531060910857897
2.0914632830040896
1.2479892369404342
0.3753402300659602
0.5215629432793141
0.06159274568992357
-0.027634006224252383
0.8466816969087576
0.5041258806415363
0.5723737428282667
-0.017114365715684032
0.6495210318206877
0.7453477322999716
0.7274724160678323
1.1775765327776677
-0.09179052716658398
-0.21818153970292364
0.3238569822338676
0.021368165552585805
0.03868686052157699
0.31794804280340516
1.0326340822321698
0.6317518755716438
0.22019343360899002
0.34784491356072256
0.010670862924807234
0.2715209658962623
1.2606981787086604
0.6356172997049278
0.049680639045651565
1.2704671858516998
2.356617968831664
0.23696689045100738
1.1091879041152881
0.6856286694477749
1.2493172043258036
3.0265689157657545
1.5650822721760043
1.2091240973638069
0.7424457469885029
1.1527680746439284
1.8128991120497833
0.5697031014000508
0.8441588762548872
1.2375404766253546
0.2677513983015535
0.7087241476694532
1.6580079475133687
1.39388973236108
2.8009264928279363
1.3732447386689026
0.07062556979674439
0.07556867540274281
-0.005083407370890969
1.1010059993147634
1.477932544751137
1.259265847174347
1.1204673676590005
0.9314012873514624
1.4008438875858793
0.4777066626729537
0.5144720644328794
0.16777517586730584
1.6912885401603726
0.885912226732482
1.3387831529822596
3.0699904022697675
2.402017346282639
0.9252077355745001
1.813333000567901
0.7869211209172408
0.5663603052746291
1.5577167438983524
0.5446639530889816
1.2084748830033585
1.364342503612723
0.9196161539296983
0.5863278890509349
0.8385593339232222
1.1513694468103681
0.8563250854348876
1.9542934396472458
1.0878273414723414
0.6279649288569481
0.6896186179249586
1.2811509384380393
1.2807316038023542
0.3976248884136454
0.9771453771658487
1.1841606182075748
0.6048057221333395
-0.336130032611748
0.5513460256696386
-0.013220002509615636
0.8987191446583404
0.11898790436062845
0.2868532771672687
1.2118070959901115
1.0674090578654243
0.3197971885653984
0.21277963505361774
0.9101031634843862
0.7276260828831096
0.0932108091390359
0.39946227016721914
0.72116632518671
2.510112903962807
0.45468335249946823
0.4752146392260902
1.7047934825818039
1.4017267210008462
0.3309315868659066
0.29600590961977036
0.39832099286568723
0.8996723987684604
1.4754939083541874
0.8014148257826381
0.7202110949936052
2.4036393914797065
0.9859686068722661
-0.10902721217283373
1.6579183736980383
1.1589797130291148
0.4699191753729587
0.35322885090890954
0.15019119891835153
0.7510004635961691
-0.22416170365003563
0.20529909192567808
0.08998861984187223
1.0556164087579274
1.3906852296524088
0.19634861882585786
1.5101550925964817
0.8784535243471574
0.717463468364444
-0.005507205223083567
-0.025752610649183216
0.25239920832234486
2.226690416043903
2.3046213162039875
0.664265233077402
1.3502617228504874
4.490441037058659
2.1549122256209117
1.685557759941871
1.2470679000104987
0.22866060470782723
-0.12167524430202081
0.4960348857368171
0.8279301116515345
0.4754709193281971
0.45199527243152005
1.5083505181825654
2.485670329932743
0.912290535984644
0.3630472717442901
0.26065837209542586
-0.047271412223582665
0.18133328372596014
0.6483629226319232
0.15140770998358621
0.42051405123838315
2.82549711655348
0.8941519637693853
0.5463991627568023
0.5992985855284513
1.2415253124612855
0.37836459872269423
0.20046556588806408
-0.6429446516746653
1.1589907251703693
0.5033669113939249
1.236830394718188
0.1482387742883856
-0.08557132211565355
0.07784211512645
-0.1992106013027095
0.37838156580909477
0.1295879851328472
1.2324028670867708
-0.00756210280485714
-0.16468831961415398
-0.07194101143741527
0.6454329017506719
0.2859247043169645
1.08361847871199
1.7504560071647544
1.7726024482749607
0.9278950122355668
1.7095736287049905
0.47197200256938066
-0.2971965712032125
-0.8525049260919932
-0.1185634405839191
-0.07300109915956798
1.4035761634546617
1.7327633842001415
1.5151854955659396
0.3837660585125634
0.45230385628681413
-0.18741259830923562
-0.2147038904155727
5.636980472630262
2.7380894089167684
0.9831613516130276
2.96568187976433
0.7830665535396442
0.8786764295493175
3.3462021701359186
2.2487247944971727
1.5082834898168538
0.4571002591507298
3.247706732516624
1.7706268649995491
0.2540704156942436
0.5657479234232241
-0.015071393720924586
1.4429177352471751
4.2200952327176555
1.991307287765471
1.1260870409569337
1.0990631611712511
2.827812081091414
1.2581882921986776
1.1961578340972654
0.20470311057808277
2.2402885259317626
1.0232870403333463
5.213070237834584
2.420414829624984
4.064252832752537
8.15020302525825
4.600416536896624
2.2853198726892243
0.857090633346709
0.22597296530612387
1.8194428732937928
0.824192197034744
0.7348329654046407
0.4469466298589774
-0.09873004382059647
0.3689247595962495
0.9013804264008536
2.0428045639748023
0.7755073237577825
0.6242149092579308
3.385595109234903
1.8100005716529624
1.6245721320399724
0.6669899144504394
0.24251695246769545
0.7846117888786703
1.7504073567441145
0.45703636013931415
-0.3378865227153216
1.517478264345128
2.389737547339023
1.0536413558424418
3.99750044956785
1.4997936616213998
0.745674872066759
2.872512804823053
0.1191247850086139
1.0987769233233764
2.049901221351821
1.0575619299503356
-0.43986629436529
-0.19089910770417973
0.2601880966044001
1.1052695931111571
-0.3501143696776541
0.1431281818950495
0.05097891326112636
0.22203284246893373
2.9330160638572953
0.21761358492536143
0.7290248255101505
0.2040145975531814
0.9457403716979237
1.1303362894551223
0.3321318451662538
0.6960995650276801
1.1666179194640294
0.4523591008371386
0.8275714430034948
1.8134911923951185
1.1965033771002027
0.5444268412164537
0.8957264625245085
1.2777061224503594
-0.220521015616842
0.9485910635674809
-0.29618189332976774
0.4855541924770521
0.7553167103329342
-0.47207584083822596
-0.1345977265587155
-0.7589585942520609
1.1087722335029382
3.123428909022163
4.497409664299166
2.2751420872383434
-0.4132498678067571
0.4937128946347593
0.9983812134633896
2.9514764739997776
1.0884303516606897
0.32968310801553247
2.2932286599051555
0.17076705013189064
0.38361285656951194
0.9999052122141775
3.0001404603641864
1.4305612287023384
0.795030262450201
2.0946983845773772
0.5897717623788671
-0.07105125417428404
0.8340378365806237
0.8841243629427226
-0.0499778885769524
0.710231734709742
1.5647332971968027
1.057914328408593
1.7182640439192138
1.5267440885613888
1.8816236590068691
1.6337840922726805
1.6971932805242944
3.0795400551830596
0.5486007873713704
0.6102340621556746
0.5775668225328677
0.3187751610103584
-0.017132370971058464
0.4430687362278165
0.267122636650569
0.8002848441477489
0.43073556713141015
0.07022799216528275
0.6955196659466202
1.2450965701982453
1.3088705021254525
2.596079991619588
0.7964292789485252
1.933916143865722
0.08785335620967893
0.850938040609708
0.23388258171998677
0.5383851140077535
0.8008078608311063
0.6220553054407518
0.36886688091635145
0.840399116388695
0.924224234673062
0.02533495072254488
-0.4950345843057091
0.9892636127869555
1.1567783389144006
0.41044130727749495
0.3044833868369524
0.5646251764706283
0.4034725235325296
1.3868402311897339
0.8432733180825079
1.828158416239111
0.25692496017995126
0.6415299709733577
0.5353683580074136
0.45593669626758004
1.0912872010008081
1.5827427591809604
-0.3160412498191547
0.8819460469325233
1.8689704491668748
0.7720019770635989
1.0164935967526083
1.9072600428434083
0.4270243427818221
2.070876463488327
2.9491229679597266
1.4947336917899678
0.24792171020769915
0.2834282904537395
1.8718260964912035
0.33514126536574074
1.0030566381465502
0.9741820267601004
1.1741880072940447
2.1585140680701422
0.012751493663320068
-0.08879041153984901
0.45706047184636
-0.3722621681268874
1.22334324788565
3.0030623326171444
1.9241463409683568
0.20574527942463394
1.4536997401381824
0.8523810061408501
0.8292966093929692
-0.02753965812366843
1.9295319612130593
0.7947530209368681
5.531765160733785
3.1822933977507004
1.2544609558120814
0.43945388894941584
2.4825180571482353
0.8123079970108046
0.5782077792547573
1.7783301398913236
0.6420158624362895
0.026916928842670496
1.7525985363501073
0.5652682868740906
1.6262929328443394
3.500044258281045
0.7021053447527112
0.3654352759485179
0.7219095787278469
0.34577560527798346
-0.26591723974064063
-0.262771734763082
-0.3648709688622602
1.0100290631460018
1.277824653920045
0.1993736164977895
1.4715767914669158
2.3624461265716983
2.3134499066602707
4.025287509201789
1.92554604749966
1.2746124023179108
1.3011904227862998
1.1150886206542583
1.2515774188198114
0.48666586860833205
1.3624015856131662
1.2456444520775911
1.2870677413179408
0.8254758290879691
-0.1910018892580676
0.6584731936041257
1.3259043592589927
1.0916831709759838
0.2039782314330838
0.25894940945582223
0.5747939979652492
0.3210771046690921
0.7531099794602913
0.6059486747115681
1.3776160105278756
1.0814075797227414
1.773123686732255
0.6978120523046084
1.1052835822533942
0.8432428819888587
1.3154617897525054
0.6037413359336086
1.5403088236561477
1.4812803967601975
0.7112818849635039
1.154778707961772
0.897797132129841
0.8877253830957198
0.5571696530139024
0.23521254993505458
1.2936434345856311
0.6445558660967672
0.4304471453125568
1.2467804552337505
0.3820244270862905
1.127029498913773
1.015372859405409
0.7823316760641784
0.990024470391003
0.8417732432353495
0.9346995486452715
1.0163355182016318
1.0529210998102305
0.840188262443463
1.2086854619484813
1.5929355525240378
1.594230602532793
3.043423891606769
1.0653158153946378
0.30486339124979756
0.6720014941232448
1.2040987489529715
0.4729030611241507
0.9167599169371794
1.3553815427412843
0.9501812735513974
0.05258059889704658
0.3712558555106532
0.39814558235143827
0.24102321784447234
0.08324959682875954
0.39100478074347444
0.12537950871278736
-0.11545953010606413
-0.46147279716910394
0.21919419582852284
0.6888384216639973
0.43137604521490724
0.9128171978242489
0.5984858754322124
-0.000753858326441037
0.29346237571674116
0.5287703689670302
0.6205614969974638
1.31521278539812
0.18405452341862383
1.1368985091761352
0.7126902533492094
0.7589788989304337
1.431245989777896
0.5876709811392447
0.7211825961392322
0.769623535959931
0.2778242956311371
1.9071358510822713
1.8671406753418016
1.4755797536727817
2.3045172798593425
0.40785505988901904
0.7465762078746749
0.782548354935643
1.1131253510854275
0.9418920546551672
1.997615166426963
1.8374409140189172
3.893769021752875
0.7373983477482748
0.4343168851704179
2.0606248395705924
1.092996199697717
1.2399342077553746
1.3944010933580748
1.1494942767059255
0.6240607245070595
2.284603951377319
1.7074507224060427
1.711413997711813
1.377681616144256
1.0224999469729883
0.7280201946163215
0.7362318566487651
1.7229239663072813
0.5650111000738471
0.5876666407687381
-0.24742262202071408
0.5577596562950535
0.6601940260344803
0.9489233876916228
0.7365249246893208
0.08091775092322206
1.149518609192243
0.9824929884614345
0.25947454453042584
0.5153526105762996
0.4070395375438244
0.12116207896666631
0.702980564991797
0.39765981266808315
0.4541784714662107
1.0516761582816037
0.5219983558583343
0.2518278448883342
0.9817689855416085
0.21643807165522155
1.0524471506393822
1.6934697464857358
0.6341348467534454
0.33852568954454665
0.7317791493910151
1.3544677136090368
0.45583986102644847
0.5887591894797053
0.21787001296356512
0.3863432453692316
0.9294030837016173
1.0112544930137297
1.3013658011552354
-0.05216039543763662
1.3011546429033354
0.5992038799236555
0.2777266690603515
0.8297612143620717
0.7039223797092551
0.7582209582279058
1.0070443187380804
0.47787229271735765
1.1686448628884325
0.6866250632473827
0.5511636677366777
1.876109023977074
1.684743894745869
1.380285828413525
1.7548652011844803
1.8735613618319442
0.409307279100505
1.8252766477665245
0.6320058068328789
0.29069002162653557
1.2400005160519914
0.2731105968513088
0.7860064119304437
0.8498384253476756
0.1378731033011864
0.8488622176642184
0.23042716890730852
0.7830344630852016
0.2455039474118742
0.75545114336917
1.1463268307527086
0.5841453057968552
0.5517817330839229
0.5565459884443895
0.41093090183154957
0.7528313886217607
0.20002174189597444
0.8091254217154699
1.065878080614089
0.19785430847870666
1.2800847059988971
1.4695115832246333
0.7866338299239739
0.6621760545950679
1.6299997012402736
0.7249912321780154
0.24356607380908657
0.4961417455866657
0.9709838612623068
0.8522255890224811
0.9052852459264921
0.5528331056382831
0.6665291814545766
0.6976532393863966
1.776749273676995
1.075130379844498
0.5098480615803465
0.7459498280076828
1.1171957241129418
0.9342058549069703
0.4450686350204409
1.9513233909732532
0.7650029950025796
1.3797661947618696
1.2224320083088083
0.337725509817153
0.4550551807450345
0.20951295119782654
1.041549957643816
0.7883413674623092
-0.38018184873493466
0.4817615804898002
0.39385851737020816
-0.30598220452654723
0.29553672004796117
0.30453561670690754
1.2976113332221573
0.904274399370151
0.18801176710431566
0.5875949892476837
0.24405122014712244
0.1336614010526037
1.2309861221415148
0.1016582070484
0.771101620059791
0.5345801424135217
-0.005241439722508456
0.07879857212116559
1.2494784645494224
1.247121110538655
0.11000959996526039
0.7227802167603172
-0.16038420740366188
0.9450973386414591
1.2308644773080757
1.355387073227706
0.2121226078056354
0.40014572923941605
1.1987135646715017
0.8523043458886298
0.38587993664524944
1.252588006690233
1.1283704212471266
1.3619339409642903
1.7283256356050067
1.4588947170508915
1.0418406566889464
2.2368644705300005
1.2984123483477563
1.1591802571825538
1.4324500603720636
0.233085130102759
1.3720902782045796
1.1984817518122741
0.713076689459081
0.6289329576686306
1.1682917853035586
1.866383854052376
1.1177851996505321
1.3168206782445966
0.8931415345742448
2.0435698805192257
1.122397371965409
1.277127591559982
0.5273166185664689
0.29042351748779405
0.8050001569416338
1.2751944716902581
0.961871208882172
0.7884380616218265
1.0328689423532957
0.15718379575599017
0.842383874519443
0.33606427622683843
1.2430279039345202
0.4949705019508217
1.6749745943026948
1.6632505936865418
2.259522473980878
1.5976114676610988
1.4228360205675896
1.8446567000531169
0.9335228238665004
0.8270961380779582
1.372161653211079
1.7314070062318212
0.42259938246270434
0.9171769217766206
-0.19313274056280338
0.9822906603135354
1.6396929223558039
2.4385712825014387
1.0010749314852434
0.1672033844186992
2.9669687141715664
1.4027414676558136
0.026750393711915454
0.7390226258642989
1.3116028881291946
0.6947431346755384
0.31464837477451657
0.11560823408968923
0.2140704344013622
0.5098312058721465
0.9150625803977178
0.613170500608526
1.7235819795499896
2.403048484107183
-0.019843224790228042
0.2548671403453151
0.6429474346090803
1.132835478014574
0.04646952607934096
-0.31715790404531385
0.5350651447054007
0.6399096605859439
3.2588118391080267
4.8534182055704544
1.566727967763212
2.3271063687713434
1.3721222299791664
0.2985849179618796
1.836422743673209
3.0687729048845114
1.2919038117678157
0.36859621925472663
0.7953825314058811
0.16316156982297847
1.0072606227097514
0.32548910538788867
0.7739340808447042
3.2754651106424855
1.2233625559520669
0.8956339977181302
0.9726002204955411
-0.5015832108421683
1.455925813413939
0.9256042392747864
2.2944053430615514
1.0242587926859117
1.6918623156668418
1.0634922473664399
0.43130329183538874
0.021733387836185614
0.006683139798685289
1.464950799769895
-0.7159719268993887
0.2850511689676344
1.1803456663508662
1.0562320229511066
0.6038695463113914
-0.036527185385505145
0.628875160204937
0.589188550454375
2.8541792484435806
1.4711384742768832
0.9983622442528625
0.8983143306367763
1.9648984013811268
0.5082834664270006
0.9494199650950192
0.7235338490908302
0.5480745427233091
0.5249198343601749
1.2970961832350871
0.2472080573159231
0.44951675315055395
1.056397644476658
1.933731943535894
1.5194502249521544
1.0849733773310246
0.8924668815209187
0.4271234822246739
0.5612287806496159
0.7413094246705004
1.3966801138904137
0.3693519121042247
0.5093996543695687
0.7790219923101066
-0.4260061422083523
-0.08933237263250948
0.2081991447922752
0.003373315924995568
0.14984988711623748
0.1720245849589278
0.01180631393042575
1.3011089256747537
1.0951872208138342
1.3001475822696782
1.714282513824841
0.26339516512323635
0.2546962795495403
0.5094748131783071
1.0865448459967901
0.9398213641211148
1.9266622280542884
1.2390545315015553
1.3074833631706972
1.0464467122709815
0.2738823262904563
-0.27681523107231754
0.3731817024218096
0.5546982620147416
1.0982837543476003
1.2233839160438102
0.9879240081260133
0.7438438832595304
0.9453216487498398
0.35180510250302155
-0.2381579122812385
-0.09227726970907879
0.17607410113871513
0.7070091667323215
0.5895283092886828
1.2997106849236417
1.0097806178352058
1.5345033303136253
0.9980831201907181
1.64251855323326
1.7514550717962527
0.7845225705699406
0.8613408607814085
1.3511361993688198
0.28298806791632547
0.6457170550696448
0.6581918361435966
0.557142329312493
0.5989664369387576
0.8547994966500807
0.45438491557090166
0.7894100504069892
1.1667102628780122
0.08269444123755021
0.9004441949501604
1.37909748450647
1.2329951120615295
0.1924579480694535
0.09418371069968223
1.1910246678411835
0.48420729402326335
1.055844958687572
1.10899050660939
1.8817739974779233
0.9506985469262289
3.513646400071416
2.1993786483200464
1.2132313865714346
0.22354074264278512
2.0154954000757312
1.0533192834552547
0.9888361260392065
0.22265679688240025
0.7564465918755583
0.31362437116191577
0.21447282863050143
0.33543415906936047
2.021283884115989
0.6122209257942873
2.7495970633706603
1.2825513989187494
-0.21578484978589407
0.6980247600974882
1.5961957035864769
0.8872607976144655
0.7456616221902048
1.9626160854385848
1.0308599068245088
1.3725919642261002
-0.26288899722677583
0.8009856547910426
-0.2226814706894804
0.34473498780738254
1.503841664644073
0.5013210813396829
0.6351257189405134
0.8816644497066508
0.700165247349356
0.7931546072322239
0.22980140657431913
0.42440306196035227
0.8371252145751851
0.975116042873879
0.17725981526711676
0.4629441235490036
0.9043823343125403
1.7648202647918323
0.1190823555564845
0.7525031424483123
0.7959503160210063
0.719886267692659
0.8369187053407497
0.6663041059174881
0.5134100887773965
0.929656318067179
0.8030086469307733
0.5214750029794812
0.4529720175927382
0.3452840592812255
0.27408303041447124
1.424128260063981
0.7749115549879544
-0.13413079252195215
-0.07190574266696093
-0.3419647417442866
0.47095368400288073
-0.26607720887527986
-0.06712175771698559
0.3653542840211276
0.6095724175328205
1.131079241373909
1.3838716945637515
0.815788944170401
0.253684247530383
1.207784330075937
0.9191732935650564
0.6015132317319303
0.5160361857385747
0.012413527260038082
0.18189541350261573
-0.08651660443617781
-0.17977080974509274
0.054938116708376894
0.2763331810939612
0.5326693773746787
0.4737389896801142
0.09744963537380458
0.9880230441289827
1.3136257215732934
1.8093582385060878
1.6036930730454166
1.0426020586244746
0.20876404421798256
1.2272577627910437
0.5439133433971219
0.8310346815325012
0.5363057205448399
0.22992785932339666
0.05367797505634975
1.060203813641545
0.8254542025794254
0.9647724623508641
2.026128308194485
1.122241354663721
1.7358062483661802
1.9284821491165194
3.8658112648429808
0.9330872692452405
1.796190511820731
-0.20991722931828716
0.04453434467084405
0.6719071523722664
0.03757746663406736
2.5551108283848754
1.3616409521809223
1.4384548655180491
0.8397997591904207
-0.023763887183883226
0.4385575949269759
0.8272701327760107
1.0986547472648314
0.4019377414866637
0.5973805772422696
0.8811877212566481
0.16779673903551773
0.8592486035629675
1.549653292063971
1.3523020490470246
1.2669110677366215
0.04119600571931936
0.48606336653470283
0.6464867560486542
-0.5946162907751069
0.7954363355793093
0.7880048627916181
0.6981292969177613
2.2353176133481467
2.25334764886322
0.8742506297063077
0.8985049633160018
0.090389969744881
1.5001530030322257
0.9995451649701473
0.3259666292165846
0.2532907061036651
0.8482685476603087
1.2655474890099248
1.6886036799265156
1.5648849501175133
1.0844022111066476
1.2005555242003705
0.7155783573412806
1.2139652740747158
0.9406256063207894
1.213034196980256
0.9993672348561998
0.5807879445132158
0.7402065353612242
1.2515260731457194
1.7230796187743536
0.891124340680487
0.7913166988905949
0.8350087813699864
0.7449748800371172
1.5186050809049192
1.6440345356478407
1.156106041695858
0.9433586951346564
1.7546297704102196
0.6846809241568208
1.2738541441769853
1.3418143038630226
0.731066391640547
1.510266363550028
0.6933080538522665
2.049633302080401
1.8304693737665831
1.0468507813390464
0.36200345673061973
0.16274151191456698
1.7128723122434746
0.8778303534511624
0.4470113997203151
0.36497292570221773
1.1853297835274623
0.732174279157592
1.56811589867853
1.2863651645475545
1.3364438753207541
0.6611193972405471
0.6378769836360361
1.3128941996715202
1.472817989749955
0.5546024796650426
0.8114476849743568
0.4715263006204362
0.9049495275888363
1.3946659980113414
0.6364634543681518
1.2731673784152666
1.898673233078954
1.2405502496499623
-0.07457615982136545
0.21174353990161965
1.2543761927021586
0.9673861219768572
0.7706639940885833
0.7821705404624246
1.091631963475399
1.0954834629468346
1.2100093012139657
1.375608486590862
1.5701938721869453
0.04239218114284504
0.4101645386216667
1.3655900872426185
0.3253117423833819
1.0154553128593415
-0.220686136970901
1.3931231429592286
0.7354786029084608
0.9854657646606777
0.3578831738934237
1.2512043003593794
0.8763284812486709
1.0338628454669392
1.3047094313871916
1.0366236869597152
1.373061731257095
1.4733400435745345
1.2833024723232578
0.5826170230237588
0.7614606981140325
0.10644505365133439
1.2831627308263633
1.0286484256142796
0.9704149906975592
0.7960997626481034
1.1444765713176375
0.48892861126286924
0.6869788200346993
1.032634503107857
1.1015728643053557
0.14887850255590018
0.020024790769567646
1.1515526877350084
1.3636758614560267
0.585642647448402
0.9578589384288924
0.5068964855775372
1.1480780978088991
1.5637137077489474
1.786191592490253
0.7146973130725129
0.798317381271422
1.2476990082900556
0.5607789944047821
0.5415935320588616
0.4173022845368808
1.0208433665738017
1.8586612896164887
0.016406030294061957
1.0204147090050957
0.8848163615442146
-0.02144908115578703
0.14633377643164613
1.3010912479370227
-0.22220609186279416
-0.4735579659240656
0.8768266756424002
0.03591857505812002
0.7835522507115424
0.43279744258579445
0.17520523586009396
0.46874360429571515
0.7060894228823683
0.4679491323078745
1.0619073606962341
0.8840702399546161
1.14278621167843
1.1507443275332458
0.43675304515073565
1.2696034592746888
0.8378191765806109
0.738796023917095
1.2951306925108645
1.3890358016143964
1.3977065406649998
0.30410367248940107
2.071964354485605
1.308577454194523
1.2776062504072083
1.1756447300440718
0.3270335089711792
0.831751769303726
0.36826147867397685
0.2207319177999486
-0.5646765884505032
-0.24889745688791964
0.28586862296844173
0.7512594469653756
0.8626791062148168
0.48090822182874704
1.2510800794390033
0.79181750788065
0.8648459866451597
0.4776084706370819
0.8312780054126834
0.23681094599989816
1.3993489859041497
0.6222931062665922
1.0256768641240663
0.7029559524988763
1.3803486461720746
0.8582897108960583
1.6332925997026106
1.8575806109394442
0.6264753206899487
1.1446069338001181
1.0866744209382302
2.63622218515188
-0.035008634693171725
1.3764257563573936
1.0551870807078012
0.882494490453356
0.999732972365688
1.3289254882066885
1.438145688683783
0.6798941757982746
0.7393237077402668
-0.1997056739341394
-0.5383962181837842
0.3027942457037377
0.6973733985756658
0.6391375122737717
0.5513204250180841
0.21782677354397095
1.1232128268016894
0.008629876059114472
-0.3935917578165724
0.4966699826505723
-0.10332243770945215
-0.42689814394102776
0.048916673904514374
-0.6501707060186888
1.2265426134487158
0.7819055447869394
0.1766234565428556
0.06225369496451827
-0.27985450469252027
0.2696955001087391
-0.009032816595508475
0.9171299352855242
0.7427186864671674
0.7456426500049569
0.4538105112959706
1.1093141430981015
-0.13053571490583527
0.2950244941300547
1.2662142671693852
0.7569281600207342
-0.06644831492978454
0.5983610388414782
1.0115525970860149
1.083618332803568
0.3121409459217507
0.5786640563760754
1.0419124410552294
0.5833549981929425
1.6036457649954712
0.8840708420578713
1.4961718293874335
0.7943523662130507
0.34364385668550057
0.5802846006605666
1.2666066686031707
0.858646506844877
0.4928399672108801
0.5867257458970514
1.3103251429944751
-0.18954496984817149
-0.12062344341128317
-0.14093763818082783
0.6161992320958558
0.7221670237601897
0.5085799424907715
0.221027576304748
-0.4475987317046961
0.6087741114383154
0.22831173863364607
0.47622789590362846
0.6971780234229382
1.416774317110437
1.5680551278899233
1.2561058211660912
1.0193272726206026
0.5952550891326469
1.3800743895328307
1.2791596739637257
0.3722477269508948
1.1127590773269245
-0.05334847813704058
0.2518582891202257
0.8396627142339155
1.068022686093795
0.5033637572755054
0.8058688440691151
-0.39091777385175375
-0.20169279356397385
0.5893357487741009
0.49378116810172323
0.8361365474079617
-0.0801093088835303
0.594190722553388
0.837322783718125
0.6243261117441804
-0.5598046604158207
0.8527322664572703
0.9253996413077522
0.8322268446587711
-0.018191698935397405
0.2652295058513505
0.3632327283487593
0.7098663951638327
0.2983875626422082
0.09590447465352903
0.30943319576622375
0.6594356153535411
0.18495057873142928
1.444918890449581
0.8469293134272335
0.1998142535544991
0.7205310840632382
1.2754483633908795
1.166611893520121
0.736958021456789
-0.5257441102292986
0.8603979091679381
0.9699236042502206
0.5468282547319953
0.7908962923570809
0.5100286544053274
0.09456958233763624
0.30195055107220736
-0.647364286971327
0.22427252251990915
-0.16222247336280127
-0.44006536223509696
0.26195321523363335
0.1965997814229844
0.07525054353901428
0.26543945046530015
0.07409329462705005
0.9930711478820134
1.423822147162714
1.268700223252477
0.7282312106153899
0.9248840907573314
0.13817350288203645
-0.41502995113313745
-0.2216606528921199
0.6392886803849422
0.4784128808963207
0.4083921951427335
0.05699303183776827
0.0586322938800965
0.02592159767719593
-0.21560076052098354
-0.20482741285419848
1.866854659788547
2.699528970858626
2.218058570653654
0.6979276346900842
0.5183316471158836
1.1450386806703348
1.0592983810448071
-0.08759341482795602
0.21696383553660048
1.0069240177317609
1.525637952381754
1.8451303815500015
0.6228518672171142
0.6755851167015875
0.4050148282478371
0.03477647285291907
0.9938349151660356
0.91458151597194
0.770240082760989
0.7493158392576356
1.5304336490745696
0.8857206150493898
0.5349274061217539
0.8110727328330052
0.27397127044866987
0.2844128946789386
1.558803452899697
1.3950232558177307
1.8619186025947174
1.228963893955771
1.3420201292257121
0.9898959843643566
1.4052816301426716
1.3152959571923277
0.6712142736018518
0.9139884746238338
2.3131993629160865
2.270950609779251
0.5709650352407403
1.1593126527806334
0.8304058610391867
0.7579474206422053
0.9081510676912006
0.8027450273958945
0.7703053382390869
-0.20405276284019558
0.6465771829560707
0.3256604284971776
0.7707625819341606
0.3139009110054254
0.4745573203471677
0.8213696408231642
0.25114668910352833
0.8602832815909248
0.7933772861615507
0.8927710441287782
-0.30132711658513567
0.4465990720728792
-0.06316452751963086
-0.33417484390768615
0.08519034779795964
-0.13226024169640938
-0.9041555287871765
0.5349112014255812
0.707696517970019
0.7901386807254497
2.0343773806464807
1.1707908864358758
1.1950377474852245
0.9776108833572656
0.8663790162739633
1.1239913183248715
0.6616275448885316
0.7987527730048551
1.1565239729232273
1.1256498896014673
0.20270809111021248
0.9550081134244868
0.3719313540323884
-0.16862108821480892
0.6221226995990929
0.9802726960632884
1.749638756710084
0.24305810483604473
1.3624810165768186
0.18295195377625129
0.40370756799841234
0.31822472413103176
0.526805696855591
0.01927476756805868
0.6501240142534359
1.1362274372872794
1.1655558966792723
0.9157714152651855
0.8566892627595666
0.2807823641191053
0.17372234811564546
0.7201378510630179
0.6968680485334473
1.361065231687391
1.078415285813246
1.0621134041637834
1.6540366237303867
0.8190486459357988
0.23129515280222035
-0.27723852865262755
0.7776055534058932
1.2606231323774637
0.6160914179832679
0.4731211407385614
0.7769593054865387
0.5999704863907477
0.45513660993717064
0.33841621107040565
0.4848935098831725
0.7904292288244947
1.0135102538133132
0.38949917986248295
1.1896657470445882
0.2978986436206176
0.2954032575958587
0.049052745382406004
0.30416411517470354
0.5669920356987337
0.9837779606774499
0.13439839144676757
0.6566068936891984
0.6920666794412981
2.29549044334207
2.741360938305312
0.7968828365002552
1.2565582385411742
5.937805840845187
3.104292832609008
2.7856071614681497
1.1564445857700623
1.21917837259805
2.8179990719181323
2.313933038073695
4.509643206755617
4.382046768042027
7.862326711149236
0.8155405392329294
3.796104077282165
3.930682769637929
1.833863935967626
0.6221326622434427
1.7292858146429801
0.689965533945798
2.8042505854603688
1.6656328389892905
0.9222718343828192
0.250254420629868
1.6086968600149196
2.4538007022933384
0.7307631953564704
2.123996225399091
3.1912654555459135
1.1228336343139635
1.0538853012323546
0.1385677858062292
0.18084683914570232
1.6686306758441576
0.6225351829448319
0.2960970312092771
1.2889403966284834
0.6862513233858627
2.452414769268945
-0.2946396687291464
1.0521530753833193
3.078760553778094
1.6382617492662328
2.32861521115543
5.756724620509408
2.5794755623403818
0.8265764248104817
0.41079431201327055
0.8983872389851322
0.13385932813181178
0.40160886781657623
1.8212343315987782
2.9354653236847614
0.8473349200788333
1.5698244890033364
0.1679744980385719
1.3584273696909013
2.0324720856937173
0.49143861435669767
0.5335344503152857
0.3022777430485084
0.4388278447817343
0.4974091556864092
1.3273030734420834
1.8394235705253286
0.7661195428774763
1.2927589901542824
0.45262541185278926
0.5797633478928628
1.9753714367176898
0.4018093053148767
1.4055019826421198
1.518341289930406
3.846549581581088
1.6693301130279186
0.9728889741997789
1.6383326973803598
2.419163527782561
1.2718892821197583
0.48457771989517784
1.083705542645478
0.7854678217237281
1.6335297913563709
0.6665469004585177
1.4667533823810182
2.8814818219686593
1.0810105766549576
0.3773729712490659
0.37916597972776733
0.47954984316668603
0.804224572245775
1.1542648008481566
0.27275928604747723
0.9392189853234296
1.8568266114465661
0.33987522823043237
0.9123038366159388
0.2851871932405574
1.2076266795170452
-0.1871826231682172
-0.28803178989975087
0.3461739937750632
0.3958632874531821
1.6689663342131027
0.8568432181282409
1.306922668288296
2.8060258834856215
0.5546927746994239
-0.3986514562307546
1.3221539724418783
2.370228624280129
1.444796435573705
2.356990331790807
2.9177707081956274
1.7088231595328371
1.0735416051966253
2.3136015461461144
0.6558782158858045
1.2178982418247881
1.4079256707914132
1.4009262621889347
0.9997522056648488
2.61385949188971
3.201119559641523
5.874607384764192
2.6174111558178677
1.4470952913125192
1.4391816194066038
0.6825213051685951
0.8983709329802794
-0.5987286109597187
1.5313009448635388
0.8509978411320759
1.0782625088561326
0.9304549376365022
1.224363747528717
0.9348492453683491
0.4271425123305681
-0.2787159513402746
-0.1854238033326463
0.6555942168066132
0.5626479517188925
0.5204825477725314
0.6988840087079906
2.2488042340467835
3.7148550351073193
2.110548158307287
1.3982218024375512
1.1745410738404456
1.303264687468561
0.20465039018938702
1.2113003807032607
1.1531531839674758
-0.1469881995487441
-0.06154825986420631
1.8840378834069402
0.8090412793087515
1.0427496177938753
1.644007888633886
0.4117357236015762
0.6112392002126856
-0.07050481706851075
0.5890507299070705
0.4219256687362649
-0.014117398472752729
-0.09819368010175977
-0.12092358199396047
1.075880575650996
0.824442831467282
0.8365607420981906
0.4969779991999661
1.1664016516907678
0.8057451191736213
1.5132930325721512
2.3320513502918825
0.8249187863595061
1.49059011429335
1.5235386350183657
-0.24413582258281652
2.0571089569024936
1.2433103203300513
0.45152799337032024
-0.22796804241598445
-0.08192364902855798
0.9883931352727837
-0.431277872609511
-0.23608106213965563
0.6634855080383617
0.14495521724245963
-0.8000191056112795
0.31455460943821023
1.6663843093245234
3.1555650000667437
1.7342365632269097
0.5086261641840433
-0.1394220137488793
1.2696810613047989
0.6247903784019797
0.6237478792182751
1.9650387218185812
0.3384889398091281
4.849357077139225
1.9948119451805995
-0.3092736565727341
2.4100508314302393
1.1181638305399917
0.015242121579245649
0.1444138226107824
-0.19187386463202527
0.14140436940039935
0.14016309070826793
0.3376983404902364
1.2189820615160358
0.8891850237360025
0.9397357824225525
-0.08977216318173342
0.9979977926127576
0.9652581095257512
0.9418688260138955
3.218924408015866
1.7336202925849793
0.8282884316118755
2.1851582578320423
0.06021442058453752
0.5260242166123816
0.6095545375514326
-0.09452506202308286
1.2166918411631054
0.8798930419111352
0.5998474157008691
0.04190282291135072
-0.394176497486457
0.019917214370502423
1.5738011913541898
0.43478007252698814
1.6534497067565392
1.0687157518781871
0.82496375161339
1.0492817678798116
0.6358266210202014
0.0430303394486623
1.1415438896544678
0.9030310455645087
2.529586135084325
2.1884402299198777
1.638271576218315
1.7468066002034777
2.166527378722745
0.9679471641400548
1.0148524417986189
0.1869768415003471
3.5666542356329454
1.837145124041761
0.5516601125791704
1.8138055216000082
1.029950120149873
0.3503569531916667
0.43263238269533066
1.0869199813307975
1.9356265771914738
1.2251104173534604
1.2288733079592615
0.5607322567998054
0.9730857443097476
1.3019896938935451
-0.06523914437392864
0.5309547502963519
0.33358700885408765
0.5361648658705871
-0.4442961691051768
0.23510102242693087
0.261538639903102
0.7752855742444393
1.8722512365443222
0.7535339274528963
0.28781926965963756
1.505331173385339
1.0665747233702119
0.7766604744303253
-0.015821214466274602
0.8956529827057602
0.7836647801426219
0.8151250635140338
-0.07544729315824661
0.24945099897159806
0.2502744110912365
0.17555758680701594
1.513257355724228
0.9551074296520434
0.6972964132017654
0.510104925107089
3.2086568094862495
2.6100556745809538
1.080927858970194
0.6865616311107912
1.895668461949238
1.3718821495929918
1.1444866712528183
0.8963722135985337
1.2122272745940585
-0.1477864696317115
1.9866570456090424
0.856458724335755
2.5161592776437414
1.1062171193850865
1.1282745231410767
0.7503719015731755
0.7744081329654917
1.9122294741022978
0.9901806070331249
0.009359983768285729
1.0241228229506685
1.7691129598072162
0.2530204912928745
0.39775270208624947
0.11952295484412045
0.20370326019049045
1.5589366579558177
1.1617570019523913
0.8955132965996704
0.5745893465300342
1.5854259856594861
2.198828538993353
1.284210453260929
0.48626344886598427
1.0244373724173308
1.077685415623577
0.5950994939405775
0.29487946738725956
0.4926781321926712
1.0288165525926811
0.9598669484652745
0.4387181320087533
0.43175671608844157
0.8896773583961378
0.926392279675578
0.8243494821744437
1.4543241676765082
1.2595999655333612
0.9060054754615863
0.21932154414865113
0.9192371149057367
0.8593607833630109
0.8307443798927794
0.0018232699442507494
0.393284114220934
0.3478652209112112
0.698548584066342
-0.168233064503444
-0.18547693341087657
-0.04864964328384369
-0.03280560242405173
1.3988163155514535
0.24888692809746626
0.3691029202470033
0.9851126050099493
0.5349798665554689
1.1847004546442665
1.8549927870111116
1.5026951973989613
0.585231432030354
0.6951014185686404
1.305509840188703
0.5276996394101305
1.0607185928337648
0.5821790012740792
-0.21134552289394026
0.438480847146944
0.4259657609832257
1.2404701296776555
-0.02785183848788697
1.3159650749043506
0.34365269344145566
-0.3524714331665726
0.9767819605758882
1.3143723497073954
1.4324545822577763
2.3403747059387188
1.0470016031140674
0.09484478570976551
-0.04840696281836121
1.085235220531809
1.4342264302322643
3.7449508911018867
1.2547263778251505
2.475919786831084
4.942912683368846
1.3434307528093672
2.8726917429754115
1.432149521033316
0.4313264225964193
1.369329983630227
0.40956551190888
3.4437100538861025
1.2200037513774802
-0.3524433401116198
1.103584537297441
1.9198532169275413
2.061440268426863
0.9749479153293599
1.7809066514299636
2.4514131836004083
3.302454648402702
0.328601148729029
0.6215349396030229
2.0606013896955475
1.1634754908884135
0.2861453939805306
1.1520592631737097
0.8997833240596521
1.0421818131044154
2.2703529502633275
1.3012133830669497
1.4403983729368361
0.3823956675900684
0.13531957510120884
1.719832367330067
-0.15463499025860172
0.8285379654458732
1.369183323090864
3.612783225431844
0.515708109948207
0.9613380108451387
2.3785628093894764
1.8150633998199082
1.288538772769518
1.5310015034455318
1.2886615997140574
0.5085297362423888
1.1015139389587483
2.334320886163658
0.5768647221675509
0.4274593663725773
0.9876086460222073
0.3399125137592096
0.8398899325324536
1.7093081941423456
1.8511825277033642
0.3937763739697181
0.1029619343408783
0.051677359804756184
1.4534007432007274
0.41727051372023527
1.0197712094768288
0.5845067776834858
0.6117121526291271
1.9299542376236913
0.8094769906651492
2.7211121079615275
0.9846774609587539
0.48358577581155704
1.8007911137437898
0.9197954573818587
3.479095872570401
2.1017352980319735
0.5763290908837465
1.4631388224090576
2.182270579076355
1.392825430018763
1.227860345845216
0.1759548968617891
0.7571363779415212
0.09422018136833643
1.336551910421123
0.874023606091529
1.0764338277823002
0.673791727020434
0.8095768731842589
0.5845335238320495
1.0125474375445906
-0.6447516194540759
1.7929090798350598
1.3618201363820228
1.8609654010449694
2.0952297473854715
0.25645138575113857
0.9878879796353031
0.5408559786648355
0.9124745062849278
-0.5335237967292574
-0.14574464108522478
0.07165154067919843
0.38185897727857465
0.3050284854776725
0.1483297205030646
0.7818041470598025
0.7698825656001546
0.49080680347973005
0.8705436056915041
0.316546476006451
0.8892789250991834
0.9507797457003689
0.5160178903923875
0.11788427226204923
-0.211952859880578
2.513133784868761
0.7689228289672942
0.5087522522459405
1.4349949187586515
1.1028511937178627
1.474177673017266
0.7459470294884263
0.4189083473520596
0.25949612219584806
0.49516204469049097
0.17203169882035008
-0.4967317760336061
1.5078168083654966
1.9434879841290238
0.5057717297387601
-0.7834394044660233
1.8368399650763878
0.6172322837680997
3.402591022496256
1.1233893784660813
-0.6918779158441477
-0.0639360789702228
0.6576547362204573
-0.18416427367630095
0.00164236162661624
0.9484425787803215
2.4534701983664093
1.2559033929126466
2.7068576482741884
0.3611836168904984
5.009164464476969
3.2130563736066167
2.3321940415208857
0.3595151699996275
-0.8672103879322428
0.48422028333098377
4.306330800695648
1.911334310734873
0.9107110554871052
-0.3386772941266798
3.634825760301919
8.309310978402323
1.2773028519969492
4.691279691310465
1.0480347435567057
4.032230282155736
0.6319460292271266
2.2741910343260767
-0.35025534256300883
0.5203228377931288
0.6922369340183958
2.3249035216498055
5.047877803683767
2.1497568036784687
2.39907347042492
0.5427472822552943
0.6942442656040817
0.03100437608954354
3.0562204865458225
1.390300401690919
0.8612451074488141
2.0470191580787973
0.2682086606023383
1.2403890655752907
1.5547865730032329
1.371185668017152
0.378701144587428
1.3548069498508912
1.616153461931865
0.008896149216162885
0.767216955675219
0.2899426662247647
2.504940819661811
0.5903880142288631
1.0573746437159768
-0.07330729065350261
2.0701769502697354
3.276615580443101
1.187730506086361
0.10166734231612551
3.516238966624358
0.7303959171854721
0.5239267291111382
1.7087098182678928
1.8675825339070653
1.7481804754264756
1.976009790508218
1.0079988622835336
0.7155864999866537
1.6124598209838408
0.6483527339443285
0.006287862441287206
0.5250348581732106
1.9225264937788316
0.1906756559634677
1.1445294068836762
1.2762699217542837
0.07650965934785081
2.0453179661790655
0.9101068135930657
0.2423018952227669
0.5599776900800171
1.130598736322364
0.4643509502921801
1.0955887854042456
0.5899760122900233
-0.4635822406189323
-0.004283502744166556
1.4515943821180313
0.4836142679486958
0.6349376633304914
1.0456072617414052
0.9464936406584528
2.2579317834364065
0.9454038335668719
0.6364547906561937
1.2952475756976862
1.261589185926919
2.6576114171091314
1.068580761228931
0.459710596313919
0.9051733669567678
2.125259365790434
0.3607529932414366
-0.36654462827533796
0.30453349430385523
-0.5170386441622212
0.21640111678641805
1.752339905938893
1.0698904160641294
2.980978375222935
1.1933486289093467
0.9795085685937261
2.59130331628897
3.867076299881363
2.5739502506225556
1.1864051830978104
2.685342891100418
1.2475390380596076
-0.4850298636915209
0.6573325230286309
-0.5009963928793986
0.11544313689521768
1.251389225769719
1.3887801364948684
2.093825709443002
1.5101313674973413
-0.42894214571161915
2.685870634536754
-0.3211217477658348
5.091037259423833
2.706652173656991
0.7211564638793233
0.5105582249793766
0.2385921949726113
-0.35756212207019034
1.3311867007812805
2.872060281841334
0.03974366120572903
1.1088544534590024
0.0670933467037026
0.7677773346216199
0.7550657137544488
2.4729392387894658
0.7167097512219194
2.4933441898046365
4.700043631943654
1.7555360640332496
1.2301471645044983
0.5581540058018764
4.647760824531973
1.3275593450238272
3.823801726552602
8.480039403799957
4.489977819201085
1.1310674129555807
0.4521367799552537
-0.7072502964367413
2.7908888335248174
0.4184159831643529
0.5380499731263917
-0.08716457848757742
1.604894817212359
0.5710541891340633
0.13267114880926367
0.9522384296356939
1.212770971586578
0.19909606465464136
-0.2541473323199013
0.48574936188347306
-0.4379658782561615
-0.6681321087371603
2.373860924056514
4.7328832603384985
1.0988157240704908
2.484954253234881
0.7781738545983585
2.9554103443054487
-0.050899154253769785
1.5636634480104474
-0.28559903548994536
0.4476072936704083
1.0109179336650094
1.2941738019296813
1.7153119725951087
0.1293022912202092
1.0019369279801278
2.3938283620199723
1.4216228236346542
2.72190237678143
2.5195196943528604
5.242856630781242
0.7769911904540396
1.84469040079627
1.0498567259839353
-0.27458329350405064
5.071068335533254
2.1482131337614856
1.2507674074861035
-0.7127399731086312
4.252770426958275
8.36079471785676
3.415524236288674
0.5208723293468984
3.9589587997003357
-0.07245734661555159
2.415023285192757
6.574546667632478
5.250339542965579
12.963562357612822
1.4913114612137628
6.758037404085612
2.775646860177992
0.47500004902431425
3.7099855732759215
7.290230276242753
1.1049616439080192
4.751207000441755
0.2578028671469791
1.7323432393368676
0.4831989339762085
2.564302896458832
0.3283114929548159
1.6975506433660432
1.0512657308665165
-0.09730714521729578
0.6078224520711979
1.5538010058607707
1.4686714723453005
2.5683071759485174
0.6029694196409937
0.6936483067800773
0.0008011322990322256
1.255909712212506
1.4383373024777446
4.2127648914483915
0.6657920146776437
1.8151424066526625
2.506940870337381
5.061548412229698
0.8278131556356336
2.452917975904212
-1.2972387329847224
0.49697248717867704
1.3937768830546222
3.5286272163974535
7.853977857080879
3.814986809968852
4.6097576297146015
1.427739540875359
1.918269142097262
0.45416676950301693
0.7623650909689699
0.8670392009260282
0.1648449080560177
0.5590893271416577
1.039745710291637
0.2832353157604639
2.7376837170026436
0.48850427497408055
4.914977591045673
1.8041312194102046
1.3584548216876358
2.606275006355671
2.7636812204249734
1.6289108684604419
1.0505030343779647
0.7800228205737102
0.2681959357034637
0.880530679419601
1.068401906048032
0.25701287011584173
1.0500515850489178
1.371331484082537
2.0943003384496306
3.0109955121423
0.4254202662051144
1.910622248765828
0.6336602847647581
0.5499615441401274
0.7253416301604495
0.9385821203764364
0.44921066050030534
-0.3589349498277088
0.5033023820047858
0.23578981699652868
1.88753718293282
1.226998416031208
-0.07335562712049981
0.11998187696317486
0.876790686959478
1.357448297092469
0.09297603557938572
1.5822566817944548
-0.07352069151628293
0.014836724932398737
0.04944531362640503
0.6172120763649498
-0.10995238884614533
-0.44150435066901395
0.36213274035725307
1.7729118304188425
0.35499813222992993
0.9524043702286218
3.3464986166171844
1.8359688069726645
1.3762915671908729
1.6800036006404446
1.061364370483472
1.7316048109383648
0.8223335501927602
0.4699468799695562
0.1289815019074354
1.0403615865739024
0.9714985053080808
2.0282838976186595
-0.44183288662523523
0.4365668170779986
0.03221826708122599
-0.0996192150446713
0.42949683328676036
0.5739633902785772
0.9354375689339913
0.9689496451724352
1.3826597653227535
1.0856802563528056
0.9524527321745051
0.6013066784013348
0.1051176090356446
-0.16449098643224613
0.9809623301347596
0.3413050762022205
0.3779785984202363
1.2494795746606935
1.5970880474033682
2.7553307062735586
0.8150712282513624
0.9461169059886698
1.4061942751060184
0.1641687882191727
0.7318865669232173
1.6512733950707084
0.8654944539874574
0.14650315896030308
-0.0059785639250136136
0.4203865599862253
0.9794305876479313
1.0619526752183321
1.1341349366095033
1.792311444556852
1.2261666936287934
1.2335742790891375
0.10736218541616516
0.154543292996713
-0.1954494583935631
0.7310768402193721
1.9280513446199747
0.6332167748487447
0.9360918017465558
-0.1755009467186912
1.1349884655934244
0.1730921706441252
-0.3015089053636557
0.7134487533060678
0.44556583535787786
1.4099963077407218
1.8649579967812184
0.19078747532477802
1.9510537693285146
3.4511754217600865
1.7203493066310078
0.9208998819820248
0.630694802834779
1.3491509021196249
-0.6758612493522302
0.19371601187658294
0.24957764505403712
-0.3578518294727677
0.5618425992021755
0.3395617111936414
1.7757873086025189
0.09371113714940682
1.3277598650528388
3.5660948945416533
1.4453795202771502
0.7711007592921569
0.8727561837091359
1.676280775441528
0.9503770448104567
1.9490114752039551
1.4113700177044288
0.13644158398649153
0.36896458971508816
-0.17205772516860218
0.8513228621850986
-0.5337051928703662
0.8946828703719935
2.6937086385562914
1.769910272465642
5.337704545193804
-0.20485908759550853
0.45962025782360094
3.2698640908685097
1.6797916038586918
2.004974507115678
0.9237934174323301
0.42230838676393123
-0.4886055386797099
0.689503413198369
2.6600593217653654
0.78870829807984
1.217571499371967
-0.2725071799175953
2.3834974947750243
1.2976630319941422
3.2909936091652057
1.1281827222735854
0.015716112951769556
2.1757085862329975
1.2780714075599289
0.4413876351289142
0.8334131399061038
1.2808917650019471
1.104084243448837
0.7628780795042929
0.9679583119079369
1.2494671115884435
-0.13220610219625528
0.656946026033624
0.8081494263242726
0.7765291706595754
0.5959002903453277
0.9556562230938094
0.40394789090905503
0.4544848371577648
1.6740470172218864
0.7768941915215207
-0.20496186222193225
0.6948373040390646
1.2825662817066705
-0.1379939269115582
-0.07270283876577333
0.5333489235386148
0.28222770536206476
0.46562203278342584
1.016054599396369
0.4784165201055981
2.1375557691760463
2.358252085992272
0.35905845735557285
2.268205161455781
4.7054053568638
0.877115666423699
0.18642565308753956
-0.4153457122109132
0.4073991069240511
1.2699967710617668
2.6895477718709113
0.006169898436833243
1.110966102944578
1.3684478420376829
-0.03496248639116639
0.4285195534004017
2.408023699367919
0.8302283258883016
2.0105203105711213
3.899698975231681
0.7394004222295303
8.170201345224715
4.3710296258077825
1.7724197538396165
3.7037406500122465
2.3662491045738867
0.8272215689039152
2.4189018990065074
4.806499412899271
0.28980696724139554
1.575874709040773
-0.37976472501362446
0.32158525730020393
2.718633674085032
1.0567199077846334
0.9192147756128809
-0.12258178454081725
2.466605404303305
1.433844701088741
5.172905779049803
2.293929156320079
0.1385335284259992
0.8566453565736004
1.4980950874127823
3.6901083173504703
-0.40418818352839514
-0.11741944245388658
0.5331545536577815
0.8151951735068158
1.7193990103264172
0.8430745588176021
0.5760684877497233
0.9315370451906614
1.1791807635223939
1.6381136020583125
0.049668161072552675
0.3393751491612943
1.5142350795341635
0.31285099732947796
2.0014448902511326
4.12077504662681
0.33796466713881446
0.9283573260106139
1.0916940612541612
0.9882211634370606
0.43834054812271694
0.8848401398045469
1.0857497154719
1.3997881928920155
0.4107308913077251
-0.024776167963675544
-0.19370513189048544
0.1785263059819331
-0.4418108024168883
0.18433613158043938
0.499456720599755
0.30904335988296594
0.9998113464497248
1.094266901694267
0.04192697421352409
0.7305814179355548
0.7229233984060832
0.4304729828521464
1.089133895315102
0.7505209362012994
0.4172842926018413
0.7430570983979853
0.765514980213469
0.7754552259477115
0.6369038153902564
1.1897512930641565
1.059625389056577
0.74840246078279
-0.026667077007973328
1.004298411209531
1.3993741389736514
1.4273168865421815
2.2676634152624233
0.8456738430616422
1.2705942418629366
2.3249673117470726
1.5467900265276942
0.2880325943294959
1.5825632344600993
1.1894151679927165
1.63683510315342
0.5552429664540758
1.1618366921018202
0.48212212142472943
0.9175740697152583
1.1853218475029386
0.7470214522692691
0.5007145323511251
0.9293184103845631
0.48049700213017965
0.7591386319922009
1.391335996798035
0.5516905118511967
1.1077542525073767
0.8949655687768048
0.5951135017653477
1.884103719460012
0.9054879613490489
0.5550579712815515
1.439904886682411
0.481046820622683
0.6035398073866809
1.6321438349622972
1.2181062456015275
1.0567284064147442
0.716700457276857
0.3997999707388362
0.7276945562542041
-0.5220623678407101
0.5411242011800879
0.16508618710214618
0.6216935592930346
0.06964901980715654
0.17171356906471769
1.2080881187052657
0.4875648607421359
0.7295283765360512
0.32652416262382156
0.9264602418130179
0.9655820200864857
1.642931699450079
0.9809717278458268
2.294778926471331
1.2071709774647374
1.1128872157289718
1.6900299693467271
2.3397683775288662
1.0592140348413144
0.4994127741700657
0.3027464758128604
1.6923254389221896
-0.08808064126064119
1.562511539363384
2.3324861614307686
1.513729633397848
0.6045044076327952
0.7010314460764321
1.5190935393966485
1.4529587000502233
1.5408489333570774
1.1298994839612406
0.7146990646569096
2.6284782815988814
1.5363390866618056
1.5880990724718362
0.441613359458074
2.1235522846279773
3.4460985594835973
0.06131648399928724
1.3742874943979713
0.831661756417906
1.9442714720492846
0.40936135359919534
-0.059221371674454515
2.138685675110051
1.1406367896592398
0.9193582953781942
1.3426820988716879
1.3220881163539193
1.5716196695241444
2.1648191891072406
1.7023417871759792
0.6637249339963434
1.24335225846056
0.5746784222110336
0.2569738129480702
0.1164897080451428
1.1253423582913178
1.113936954048582
1.1404268866308251
0.7802523435633941
1.1093253952597026
1.315451654298455
1.3456747645013216
1.3041061144166337
1.2141898264840159
0.04050095715789037
0.4438203208630137
0.7197718047228169
1.1237707195975646
1.0307233802219546
0.5626260156330332
0.8183931360921483
0.7262549376820495
0.7840394404585083
0.8027649844578162
0.7332977810072273
0.8986645858615385
1.0059181829314219
1.62940431211831
0.8115466494812463
1.407346491503965
0.9973239491065927
0.8263973549590282
1.033952015199734
0.8394048951996896
0.9408564066595002
1.4124810431020567
0.4241189086273902
0.6184640845488236
-0.046378678915479865
-0.011566514011087659
-0.2423177205174316
0.9602860686739614
1.4774057086459695
0.5581669450605421
0.06354714056658217
0.35365861273736343
0.7815118567927397
0.7853652650253109
1.4155649803513097
0.744554558885496
0.264630059120042
0.6274235432699247
0.5966003563985216
0.6314068289596944
-0.017595264820624568
1.0552444585615137
0.7733060179651663
1.1068497986555303
0.922166599043245
1.8863448770480757
1.5415836900585456
0.8874818335494162
0.8175440883242177
0.5090018021326906
0.8540310033834251
1.4176807068738773
0.9136201568989692
1.2015825281772405
1.3003529522324169
0.7725106828144066
1.4304397768224346
1.1884885466430652
1.0478984075691042
1.2026888813049021
1.2192984943883278
0.2744411824593084
1.8350821807758209
0.7542192178631502
1.3124111454067804
1.2050317357934213
-0.3594084709611094
1.4145645372765459
1.132849107987037
0.1306513420845805
0.7545551566104474
0.2734537612133676
0.2861782138222997
0.6367619376884541
0.6259091142351811
0.7096167397650393
0.4347250213312356
0.3782875593699979
0.2685672587280099
0.060679116234925834
-0.5788452947440954
0.33813144005575835
1.5960785419070094
0.369938653124654
-0.3735274267910651
0.1906253437299904
0.29842746012277244
-0.390934170587097
0.03353734972612665
1.152030409203748
0.7878689336351352
0.14577915381516016
0.7715416534588564
1.0491169655962342
0.2687336765581808
1.2984728467857445
0.6728691776540785
0.6838475362206109
0.8809243963742548
0.5584144181515779
0.4735692164059878
1.1240217054435497
0.47115166367340156
1.102441283078597
0.6661385752673306
1.0926787512558438
1.2583914082066963
0.2832454619349192
0.9433418386159593
1.7462413505298153
0.9447956219976785
1.896703158933113
0.8918843753737699
1.154040913275371
0.5360321061253928
1.2405189073145104
1.8519987789322858
1.5245825505115493
0.9548068158398674
1.445542587468262
1.4714240569779053
0.8622955178242483
0.3572085157038999
0.4926078790291569
0.8671995485885674
1.656721464438022
1.574307812529511
2.603927207936375
1.2793228607420775
0.8044611984663034
0.6380390259039634
1.5231587608258461
0.7997430778954369
0.389913806284492
1.1712634614967536
-0.18247397014593414
-0.04150636615608483
0.9113477956591121
1.0861066259971233
0.9978242939253866
0.5218713983254094
0.6108116951474838
0.8299085703012069
1.698801169099887
0.8461938466386284
0.7429238920962586
0.6908175179412837
0.7288538390189157
0.25696550674291774
0.9046548073432649
1.4392221129997413
1.9362149908405488
0.5183967699881629
1.5292731237980588
0.2626068496541849
-0.07636618325574474
0.9948406355185063
0.6860337804035888
0.6370851854200392
1.1480209080043244
1.6882975005660343
0.5558362269391417
0.6643551078198469
0.624749614469944
0.4241823613735525
1.6517517014972487
0.2319826901119999
0.603823447331843
1.492758899837541
1.9332146009092688
0.8598518735208998
0.1599930166779857
0.9510222417984479
0.6866023386705628
0.9074813889849445
1.6596637385398656
2.066662434031132
0.6163876883031526
3.778066275890554
2.015793246020946
-0.16441478263825404
-0.1770685288028464
0.8529306702792979
1.5357973408031813
0.883473079558059
1.3975955978483707
0.96435593421561
0.6018152413917357
1.01528201147771
0.9492060700404945
1.4306505428479528
2.5950688397666166
0.5562061397102951
1.1372972652105178
1.711029785308437
0.5116413372673703
0.7129785552890892
0.39358413697010053
0.029376216937623822
0.6205842668260193
0.8857426197156475
0.9543958765021628
1.1780759412243103
1.2894099155034362
0.4343448154877473
0.31292615544167934
0.5189464208790897
0.18327546780288695
1.0305502292786788
0.5769886557805142
0.8615693504159495
0.3759464250558945
0.59593191370769
0.009702148634160634
-0.07295465288137803
0.06387690299817261
-0.16018760962117962
-0.3235429358465165
-0.38083643181656424
0.17341281458763735
0.08201514541893495
0.6264320634995757
0.7966447022359795
0.9256538406137497
0.0818462552652578
0.4386712708762023
0.6855910915378427
1.1141528438691635
0.195439236077519
0.3112568478837614
0.8225622073439098
0.03594889364211795
0.4313662293502011
1.362087389829296
1.0653139599377988
1.2002813586718886
1.0193260133368474
0.5484850025940393
0.03076764805855914
0.6305891819811574
1.0999910139225502
2.195620395002149
1.7231432072784958
1.1565720180480237
0.9680632341463196
0.5825526076032026
0.08773356609974492
0.42724102911864115
0.5469534816050798
1.5169137361229392
0.659816492909947
0.7334287255625229
0.3038059194913162
0.18257616724873338
1.310074503148672
-0.14170696256967608
0.4748288212615783
0.8151054798728513
0.8354512506516051
0.3549105864321531
0.6807188364501385
1.4414959571263566
1.0682960809641453
-0.4390199382148754
1.3720018004439085
0.8746065588445209
1.4044415004861546
0.013385955118533688
0.8534797699389932
-0.38684858654369814
-0.43135685625815867
0.42307553139586296
0.018629433344525048
0.5523215521373288
1.9474605371419034
0.6907743323203318
0.7636820286685633
0.40800587435317237
0.13909684100932085
1.8922803997963014
1.5054128258173285
0.7164734753545479
1.2898780222448036
2.8688649811727744
0.7912268889667556
1.5041538078928938
1.0264919682837124
0.9006628568394799
-0.10083316750092175
0.6048556882058124
0.18044275058958936
1.7215257999682503
2.055294236272223
1.2713315390540232
0.6532547753255922
1.7328415471480572
0.054518767815614155
0.5247419284330979
0.14853495678792172
-0.32684663015090387
0.8444070504582284
0.9924841561380368
0.6130827202382981
-0.5246154924683359
0.008767242108556395
0.644593501272664
0.482761759740961
0.12913771941134244
2.502673094638698
1.7043940709646648
1.6310913108342546
-0.11896917695656417
0.8649127245140371
0.014163668337090263
0.9140276193347778
1.6788315377648435
2.007751325637249
1.6151694854462604
0.9065599273204608
0.7117078330798084
0.7158473975796249
-0.4350062738391882
-0.04603377744360748
0.8759644254463342
1.296124374269368
0.6048467629102026
1.8619365147980331
1.1866054240655401
1.5492911197130503
3.22678537580162
1.1680524373927734
1.392624081265906
1.2495651366580554
0.3575525284265577
0.8095021400029251
1.8614910277480474
1.07380432179452
0.5309818378126716
0.07651971383558476
0.3395416223451133
1.6609900859368658
0.802694162205368
0.012544509012771043
0.17417734235666116
3.367209330223152
1.3617557330103494
1.2752685791206866
0.5950003072406564
1.822627625072807
0.49096337763700426
0.9067972630060741
1.2031178149519055
0.2981251492088346
-0.07288476761008655
0.40481674198696505
1.12253225842989
2.0441033138358735
0.5449510222053229
1.0795321332872827
3.057063816475779
3.1998715448325674
4.526396800152575
2.969044957597605
1.872359124169885
1.0760213657553797
1.7556009546377458
2.061549107899562
3.668285559977534
-0.042103677245431737
0.3843946146725383
1.343552459129165
1.5030859416972318
0.23192171152423458
0.08473145681929983
1.4154459037450593
1.115271059233275
3.005746686593417
1.930981121929544
1.975065933937389
0.6389990070404732
1.142280015858925
0.4657014019264961
1.0231845463161848
1.9725556387166137
0.3031574167976414
-0.1042586061443811
1.2239951868881187
0.26210813675286504
1.9010748752426079
3.8580934783212597
0.788416692704397
1.592478463455464
2.2263300838848132
1.2399274739365627
0.20906588909967083
0.36331596546958855
2.5312244036676894
5.6128408840635755
3.3641575164177238
1.4446564157503174
2.809322174187959
1.735460468087065
1.7652018180742521
0.569113426789031
1.5011729766650568
1.590053835833281
0.5349809834930987
1.5533329797757047
1.2400477516378396
1.0162862610885492
1.6226899457449107
1.74504047032659
0.3123760117887897
0.39689211136745517
0.3229961348075252
0.6337129088000355
0.059533548848129
0.9127130113206754
1.5088312307127165
0.6843916735329909
1.3253047620719727
1.897864987424716
0.6728722333707307
1.3471065166542608
0.7008059128457176
0.20333227658420483
0.9158707869939345
1.2131567412190585
1.9670460477475262
0.4161437086038535
2.1554029427111443
3.637473620584809
0.9990976381542903
0.3444252472811905
1.8415903435478507
0.5152576250333047
2.2309453276123414
0.8707168706341287
4.217023625535372
2.8472498128442085
-0.046148522765901756
0.6976978100064848
3.073534100651338
1.700466460258605
2.136429714352942
3.6885632759383165
1.3030187831770013
1.1568581872782326
0.7684414849538759
2.0011014299160275
0.6851475183179184
0.5973962035696128
1.6290937411319413
2.242652680377285
0.27212129588824285
0.9800434000206902
0.16410503018511724
0.6020832568614896
0.6432021116936321
-0.040289083584396757
0.6140101551338322
-0.07626366152443675
2.2383573481822348
0.8429701947101267
1.5654458058449128
3.2067374503552037
2.1475337920404867
0.3919281859609336
0.796842128685347
1.9104734110657535
5.085531425660627
2.281862429639467
0.8940846450436528
2.342534700497092
1.905857966677239
0.3618405574728004
2.9837279846968534
1.4681039380519152
0.7521136027366486
1.1867118676469124
0.2728864490663666
1.1047287408299575
-0.15469001178972142
-0.35899565302915937
5.318826384659813
1.7729495898495942
-0.41470165585091645
1.3845107719573755
8.326873060482665
4.954836204848176
4.506693675238249
2.152109951462516
-0.1944764560166501
2.0324718918323823
1.9714675271546587
4.603950315211178
2.170821377322336
1.5318068861546892
1.1783615744862765
-0.18109462695384915
-1.0876814925803493
-0.8641165159249096
0.06633690498209255
-0.1729811490400217
-0.23130029442982813
0.5672436199301498
0.7603361818625145
0.404032576061781
0.3108547928109584
0.4412700179801512
0.834575549984167
1.312395223727627
1.2859271456448076
1.982859979438282
0.10642923476297705
0.3036919585238631
0.2765609473624765
1.3701081806836748
2.128343611712451
1.2474942238593663
1.0804203831095935
1.150919491228854
3.2602410438456295
1.5342676814390512
0.036854517721585656
0.608120644603598
-0.07799983050318171
0.3875730465387506
1.2101941699168264
1.146339248097426
0.19855256459622594
0.13220064729016068
0.5700521191024854
0.5998134557478327
1.9220503465491174
1.0058289492225476
-0.23502044035845726
0.8419028775274223
0.12838348345908612
0.00157087326665728
0.7345970396546442
1.3538117435642156
2.23441695418961
1.351477848771748
0.1355306439433317
0.7194827230074105
1.399532514771093
0.3902599331207788
1.4300269015906621
2.158014907886437
3.436632167446648
1.7485092800883264
0.020550083745723202
0.28519366897147647
1.6933560646060135
0.7166891421951012
0.7843827363346902
0.20069310219156866
0.7611133481076084
0.6292135178364189
0.3514653818761386
1.0122932837651495
2.381086500385036
1.9484603758583596
0.9250001317107074
0.40237877447571835
1.397776347002332
0.3345454820129621
0.2762241242328498
0.6096643370237353
0.6641146333004802
-0.018425737023208377
2.275763733135845
1.676112095458273
0.4135423952677787
1.5479821628682346
0.29052790367901105
1.0022103108367164
-0.16474553876385611
0.40975539175457265
1.2457806743597617
1.5466022855212316
0.9619476954894299
0.7454861745838478
-0.08168372023218873
1.5791356966956154
0.971779334927717
-0.2416044912123736
0.42344427484127345
1.5535510235233925
0.8027690352934301
0.04975297590932193
1.808593988897199
2.658319812298058
1.3785718614130849
0.7051564060862234
2.9535842501405076
4.8081673135976715
2.661304355309522
0.75642842719943
0.970691044960254
0.6396037297827954
3.136285259922812
1.2101982524493808
1.1362316605020806
3.1756200567690422
1.1006775292141837
1.7976045296486114
0.8074950110241623
1.792654588822309
0.7774504001911406
0.2208540357616432
0.9419381250643879
0.8804689182181886
1.1680405521734503
0.4885861451570489
3.7206688306395126
1.9187663812349425
0.3346355634923124
1.5947728746560381
-0.0697119873664076
0.4306049701144896
-0.3362507862746522
0.9430817303109952
2.002677189215052
1.509263396561662
0.32625534511712695
0.8887795084786145
0.2353611646953122
0.3842523102874601
1.2083242729732155
1.7821683722653696
0.6790258338344348
0.5573955239929835
1.0984677998661667
0.7232234707266095
1.2528236213655162
1.8003166808025415
0.8199767338758829
0.956964026535957
1.247024855943443
1.0424939872350907
0.9578841140932775
0.07520156901733455
0.598867907805466
1.1225864222186936
0.052153720534793724
1.920735842937753
0.80151514781166
1.6958725126981968
0.9842744171105224
1.8869110676984993
0.02230310072801056
0.07336306531390413
1.200406373792219
0.9322854962427775
0.6466827174087897
0.4634435317226324
0.7129444396330497
1.0369263179477837
1.1932146189216781
1.1321226724226865
0.8962631869194689
0.25500723746876763
0.3384310622333163
0.6178716296320907
0.015102474370607633
-0.420087458691079
0.6461445846545186
1.0505246694040025
0.3285750368001725
-0.14429691071565243
1.7140885701895576
0.31895979698651755
0.46782511629306567
0.35708274898924586
0.8311088757645165
0.08645139595365103
0.6827728152665029
1.4040283864734477
0.4834473204450823
0.5460714635088937
0.6768702716543054
0.8200336999933997
0.6676739318624276
2.01391574842859
2.40080712791195
3.0462160428626985
0.8206577360920393
0.4774824405980287
2.5439203931244814
1.5850407330011298
0.530651423259453
-0.5868845184218556
0.43648712104585996
0.4604067040068661
0.34290612922446095
0.33172540786712723
-0.20749331920987624
1.0660562085398226
0.30163673412354464
0.8111701966381406
1.7905609766070794
0.8896561406725684
-0.36171764397490436
0.022541333730889956
1.401996923544579
0.16350438527205013
3.618320115893518
1.6221509523461033
1.3349937108641061
0.500897252777711
1.5387348623812893
0.8010581779611081
1.640434974460928
0.7115699727100879
1.2078128081237445
-0.4263901323303836
0.49724715826533494
0.23607941916867659
0.9462505202548881
0.7528938115902235
1.492912569962839
0.7913211619586438
2.019793224321774
0.5238173580214922
0.5741011856780104
0.27432993727400456
1.2026374392281676
0.06395989166900073
0.11242101140754979
0.3232195335780772
2.259925835147704
1.3430770859769812
1.460231296817435
3.369675228509017
0.7906556230164381
-0.08249778821878584
0.5555536377061396
1.905365699418005
5.493604367181939
2.500750913953617
0.5928865754321817
2.8361393896066343
2.2380269675400677
1.6258169502099509
0.8090858630501028
1.4292345393667603
-0.07968761251361789
0.657632882289592
2.4570911239779316
1.4130463562211677
1.262027796212248
1.6821643973586529
3.7671067088525336
1.5012404077980848
-0.05017237000882924
0.3141164723762704
-0.02956467215070524
0.7498277294234552
0.9033279499066819
0.2897814120676787
1.399963864854619
0.33320640828318915
0.482996298679094
0.4350592115166494
1.8262038649904486
0.977882466311483
0.367747000801827
0.7844521958790536
1.3384424289404286
1.2927038791324066
0.2663803445423021
0.9213394327512455
0.1789456736668643
0.9731534944188922
0.7475070610068406
0.7991275192726215
-0.07835831679151406
0.2073429414716328
1.1084931348818223
1.2667626065440039
0.3256961683756733
0.9355705933099782
0.39967330164087855
-0.6473134984577869
0.1510366064266726
0.8445687323323253
0.39809599387333705
0.24652131835938507
1.1979645246986335
1.0182428315647387
2.2567986268450193
1.3149694345396095
0.9398966975345657
0.3818435068772539
3.5231653306846176
2.0915001237927733
2.586367814650103
1.143529899192348
1.522467435991746
0.2930172160788803
2.0776018645428396
2.1906337927009973
0.1574894930838936
1.5142284219041524
0.3718759792657569
0.1120157443684846
1.151679665854512
0.16362106710880586
-0.21652672527945782
0.7440996826837902
0.6002596308732697
0.606776516958504
1.3584460255939135
0.242378005511814
2.3101220170745136
1.7502891058611723
1.4204649893885573
0.3356282476070539
2.1779426610598422
0.20547091939263906
1.0574088920976645
1.879250798116302
1.6278183015080154
2.2811842223482093
0.9448494765188507
0.6319354216561763
1.1855971272216261
0.07814287703845435
1.0845782894394222
1.1652873052783421
0.792230493157018
0.7158354962911613
1.2606161214286633
0.768871149012686
1.3094311607392184
1.0433223939214458
1.2970378879548852
1.2930332678718073
0.8214619110643767
0.6350048872919513
1.153511158961928
0.6042638824094932
1.0476729507958706
0.9603067378341659
0.5535129810589854
0.9517190554707811
0.4769236384547604
0.8467221432821066
1.185476021894648
0.8996138166965565
0.1254327085555036
0.4904899115860676
0.011637991847280427
1.2600624248857086
0.3901969472557426
0.5816128475586511
1.4449743194371092
0.6233262924055758
0.6161606489031497
0.5646235907250114
0.39330254497934125
1.2130215667410273
0.6831579381492222
0.30378529732464277
1.1866003401901017
0.7962302293127445
0.2270661157829944
1.2046359610051907
0.7676728307581882
0.9477748432999578
0.5209820267933121
1.4209850160860853
1.222393604183501
0.9444021364189217
1.171700128771766
0.5211828186878515
0.8666721572550862
1.4107754074568024
0.6453335410145475
1.7438046167559653
0.10250958895509243
0.7970346612385075
